    9.0900E+01    0.0000E+00    0.0000E+00    0.0000E+00    0.0000E+00
    9.3500E+01    0.0000E+00    0.0000E+00    0.0000E+00    0.0000E+00
    9.6100E+01    0.0000E+00    0.0000E+00    0.0000E+00    0.0000E+00
    9.7700E+01    0.0000E+00    0.0000E+00    0.0000E+00    0.0000E+00
    9.9600E+01    0.0000E+00    0.0000E+00    0.0000E+00    0.0000E+00
    1.0200E+02    0.0000E+00    0.0000E+00    0.0000E+00    0.0000E+00
    1.0380E+02    0.0000E+00    0.0000E+00    0.0000E+00    0.0000E+00
    1.0560E+02    0.0000E+00    0.0000E+00    0.0000E+00    0.0000E+00
    1.0770E+02    0.0000E+00    0.0000E+00    0.0000E+00    0.0000E+00
    1.1040E+02    0.0000E+00    0.0000E+00    0.0000E+00    0.0000E+00
    1.1400E+02    0.0000E+00    0.0000E+00    0.0000E+00    0.0000E+00
    1.1780E+02    0.0000E+00    0.0000E+00    0.0000E+00    0.0000E+00
    1.2130E+02    0.0000E+00    0.0000E+00    0.0000E+00    0.0000E+00
    1.2480E+02    0.0000E+00    0.0000E+00    0.0000E+00    0.0000E+00
    1.2710E+02    0.0000E+00    0.0000E+00    0.0000E+00    0.0000E+00
    1.2840E+02    0.0000E+00    0.0000E+00    0.0000E+00    0.0000E+00
    1.3050E+02    0.0000E+00    0.0000E+00    0.0000E+00    0.0000E+00
    1.3240E+02    0.0000E+00    0.0000E+00    0.0000E+00    0.0000E+00
    1.3390E+02    0.0000E+00    0.0000E+00    0.0000E+00    0.0000E+00
    1.3660E+02    0.0000E+00    0.0000E+00    0.0000E+00    0.0000E+00
    1.3980E+02    0.0000E+00    0.0000E+00    0.0000E+00    0.0000E+00
    1.4330E+02    0.0000E+00    0.0000E+00    0.0000E+00    0.0000E+00
    1.4720E+02    0.0000E+00    0.0000E+00    0.0000E+00    0.0000E+00
    1.5100E+02    0.0000E+00    0.0000E+00    0.0000E+00    0.0000E+00
    1.5520E+02    0.0000E+00    0.0000E+00    0.0000E+00    0.0000E+00
    1.5880E+02    0.0000E+00    0.0000E+00    0.0000E+00    0.0000E+00
    1.6200E+02    0.0000E+00    0.0000E+00    0.0000E+00    0.0000E+00
    1.6600E+02    0.0000E+00    0.0000E+00    0.0000E+00    0.0000E+00
    1.7030E+02    0.0000E+00    0.0000E+00    0.0000E+00    0.0000E+00
    1.7340E+02    0.0000E+00    0.0000E+00    0.0000E+00    0.0000E+00
    1.7680E+02    0.0000E+00    0.0000E+00    0.0000E+00    0.0000E+00
    1.8020E+02    0.0000E+00    0.0000E+00    0.0000E+00    0.0000E+00
    1.8170E+02    0.0000E+00    0.0000E+00    0.0000E+00    0.0000E+00
    1.8610E+02    0.0000E+00    0.0000E+00    0.0000E+00    0.0000E+00
    1.9100E+02    0.0000E+00    0.0000E+00    0.0000E+00    0.0000E+00
    1.9390E+02    0.0000E+00    0.0000E+00    0.0000E+00    0.0000E+00
    1.9840E+02    0.0000E+00    0.0000E+00    0.0000E+00    0.0000E+00
    2.0180E+02    0.0000E+00    0.0000E+00    0.0000E+00    0.0000E+00
    2.0500E+02    0.0000E+00    0.0000E+00    0.0000E+00    0.0000E+00
    2.1050E+02    0.0000E+00    0.0000E+00    0.0000E+00    0.0000E+00
    2.1620E+02    0.0000E+00    0.0000E+00    0.0000E+00    0.0000E+00
    2.1980E+02    0.0000E+00    0.0000E+00    0.0000E+00    0.0000E+00
    2.2300E+02    0.0000E+00    0.0000E+00    0.0000E+00    0.0000E+00
    2.2680E+02    0.0000E+00    0.0000E+00    0.0000E+00    0.0000E+00
    2.3000E+02    0.0000E+00    0.0000E+00    0.0000E+00    0.0000E+00
    2.3400E+02    0.0000E+00    0.0000E+00    0.0000E+00    0.0000E+00
    2.4000E+02    0.0000E+00    0.0000E+00    0.0000E+00    0.0000E+00
    2.4650E+02    0.0000E+00    0.0000E+00    0.0000E+00    0.0000E+00
    2.5240E+02    0.0000E+00    0.0000E+00    0.0000E+00    0.0000E+00
    2.5680E+02    0.0000E+00    0.0000E+00    0.0000E+00    0.0000E+00
    2.6000E+02    0.0000E+00    0.0000E+00    0.0000E+00    0.0000E+00
    2.6400E+02    0.0000E+00    0.0000E+00    0.0000E+00    0.0000E+00
    2.6850E+02    0.0000E+00    0.0000E+00    0.0000E+00    0.0000E+00
    2.7350E+02    0.0000E+00    0.0000E+00    0.0000E+00    0.0000E+00
    2.7850E+02    0.0000E+00    0.0000E+00    0.0000E+00    0.0000E+00
    2.8400E+02    0.0000E+00    0.0000E+00    0.0000E+00    0.0000E+00
    2.9000E+02    0.0000E+00    0.0000E+00    0.0000E+00    0.0000E+00
    2.9600E+02    0.0000E+00    0.0000E+00    0.0000E+00    0.0000E+00
    3.0100E+02    0.0000E+00    0.0000E+00    0.0000E+00    0.0000E+00
    3.0800E+02    0.0000E+00    0.0000E+00    0.0000E+00    0.0000E+00
    3.1800E+02    0.0000E+00    0.0000E+00    0.0000E+00    0.0000E+00
    3.2800E+02    0.0000E+00    0.0000E+00    0.0000E+00    0.0000E+00
    3.3800E+02    0.0000E+00    0.0000E+00    0.0000E+00    0.0000E+00
    3.4800E+02    0.0000E+00    0.0000E+00    0.0000E+00    0.0000E+00
    3.5700E+02    0.0000E+00    0.0000E+00    0.0000E+00    0.0000E+00
    3.6600E+02    0.0000E+00    0.0000E+00    0.0000E+00    0.0000E+00
    3.7500E+02    0.0000E+00    0.0000E+00    0.0000E+00    0.0000E+00
    3.8500E+02    0.0000E+00    0.0000E+00    0.0000E+00    0.0000E+00
    3.9500E+02    0.0000E+00    0.0000E+00    0.0000E+00    0.0000E+00
    4.0500E+02    0.0000E+00    0.0000E+00    0.0000E+00    0.0000E+00
    4.1400E+02    0.0000E+00    0.0000E+00    0.0000E+00    0.0000E+00
    4.2200E+02    0.0000E+00    0.0000E+00    0.0000E+00    0.0000E+00
    4.3000E+02    0.0000E+00    0.0000E+00    0.0000E+00    0.0000E+00
    4.4100E+02    0.0000E+00    0.0000E+00    0.0000E+00    0.0000E+00
    4.5100E+02    0.0000E+00    0.0000E+00    0.0000E+00    0.0000E+00
    4.6000E+02    0.0000E+00    0.0000E+00    0.0000E+00    0.0000E+00
    4.7000E+02    0.0000E+00    0.0000E+00    0.0000E+00    0.0000E+00
    4.8000E+02    0.0000E+00    0.0000E+00    0.0000E+00    0.0000E+00
    4.9000E+02    0.0000E+00    0.0000E+00    0.0000E+00    0.0000E+00
    5.0000E+02    0.0000E+00    0.0000E+00    0.0000E+00    0.0000E+00
    5.0600E+02    0.0000E+00    0.0000E+00    0.0000E+00    0.0000E+00
    5.1200E+02    0.0000E+00    0.0000E+00    0.0000E+00    0.0000E+00
    5.2000E+02    0.0000E+00    0.0000E+00    0.0000E+00    0.0000E+00
    5.3000E+02    0.0000E+00    0.0000E+00    0.0000E+00    0.0000E+00
    5.4000E+02    0.0000E+00    0.0000E+00    0.0000E+00    0.0000E+00
    5.5000E+02    0.0000E+00    0.0000E+00    0.0000E+00    0.0000E+00
    5.6000E+02    0.0000E+00    0.0000E+00    0.0000E+00    0.0000E+00
    5.7000E+02    0.0000E+00    0.0000E+00    0.0000E+00    0.0000E+00
    5.8000E+02    0.0000E+00    0.0000E+00    0.0000E+00    0.0000E+00
    5.9000E+02    0.0000E+00    0.0000E+00    0.0000E+00    0.0000E+00
    6.0000E+02    0.0000E+00    0.0000E+00    0.0000E+00    0.0000E+00
    6.1000E+02    0.0000E+00    0.0000E+00    0.0000E+00    0.0000E+00
    6.2000E+02    0.0000E+00    0.0000E+00    0.0000E+00    0.0000E+00
    6.3000E+02    0.0000E+00    0.0000E+00    0.0000E+00    0.0000E+00
    6.4000E+02    0.0000E+00    0.0000E+00    0.0000E+00    0.0000E+00
    6.5000E+02    0.0000E+00    0.0000E+00    0.0000E+00    0.0000E+00
    6.5800E+02    0.0000E+00    0.0000E+00    0.0000E+00    0.0000E+00
    6.6500E+02    0.0000E+00    0.0000E+00    0.0000E+00    0.0000E+00
    6.7500E+02    0.0000E+00    0.0000E+00    0.0000E+00    0.0000E+00
    6.8500E+02    0.0000E+00    0.0000E+00    0.0000E+00    0.0000E+00
    6.9500E+02    0.0000E+00    0.0000E+00    0.0000E+00    0.0000E+00
    7.0500E+02    0.0000E+00    0.0000E+00    0.0000E+00    0.0000E+00
    7.1600E+02    0.0000E+00    0.0000E+00    0.0000E+00    0.0000E+00
    7.2600E+02    0.0000E+00    0.0000E+00    0.0000E+00    0.0000E+00
    7.3500E+02    0.0000E+00    0.0000E+00    0.0000E+00    0.0000E+00
    7.4500E+02    0.0000E+00    0.0000E+00    0.0000E+00    0.0000E+00
    7.5500E+02    0.0000E+00    0.0000E+00    0.0000E+00    0.0000E+00
    7.6500E+02    0.0000E+00    0.0000E+00    0.0000E+00    0.0000E+00
    7.7500E+02    0.0000E+00    0.0000E+00    0.0000E+00    0.0000E+00
    7.8500E+02    0.0000E+00    0.0000E+00    0.0000E+00    0.0000E+00
    7.9500E+02    0.0000E+00    0.0000E+00    0.0000E+00    0.0000E+00
    8.0500E+02    0.0000E+00    0.0000E+00    0.0000E+00    0.0000E+00
    8.1500E+02    0.0000E+00    0.0000E+00    0.0000E+00    0.0000E+00
    8.2500E+02    0.0000E+00    0.0000E+00    0.0000E+00    0.0000E+00
    8.3500E+02    0.0000E+00    0.0000E+00    0.0000E+00    0.0000E+00
    8.4500E+02    0.0000E+00    0.0000E+00    0.0000E+00    0.0000E+00
    8.5500E+02    0.0000E+00    0.0000E+00    0.0000E+00    0.0000E+00
    8.6500E+02    0.0000E+00    0.0000E+00    0.0000E+00    0.0000E+00
    8.7500E+02    0.0000E+00    0.0000E+00    0.0000E+00    0.0000E+00
    8.8500E+02    0.0000E+00    0.0000E+00    0.0000E+00    0.0000E+00
    8.9500E+02    0.0000E+00    0.0000E+00    0.0000E+00    0.0000E+00
    9.0500E+02    0.0000E+00    0.0000E+00    0.0000E+00    0.0000E+00
    9.1500E+02    0.0000E+00    0.0000E+00    0.0000E+00    0.0000E+00
    9.2500E+02    0.0000E+00    0.0000E+00    0.0000E+00    0.0000E+00
    9.3500E+02    0.0000E+00    0.0000E+00    0.0000E+00    0.0000E+00
    9.4500E+02    0.0000E+00    0.0000E+00    0.0000E+00    0.0000E+00
    9.5500E+02    0.0000E+00    0.0000E+00    0.0000E+00    0.0000E+00
    9.6500E+02    0.0000E+00    0.0000E+00    0.0000E+00    0.0000E+00
    9.7500E+02    0.0000E+00    0.0000E+00    0.0000E+00    0.0000E+00
    9.8500E+02    0.0000E+00    0.0000E+00    0.0000E+00    0.0000E+00
    9.9500E+02    0.0000E+00    0.0000E+00    0.0000E+00    0.0000E+00
    1.0050E+03    0.0000E+00    0.0000E+00    0.0000E+00    0.0000E+00
    1.0150E+03    0.0000E+00    0.0000E+00    0.0000E+00    0.0000E+00
    1.0250E+03    0.0000E+00    0.0000E+00    0.0000E+00    0.0000E+00
    1.0350E+03    0.0000E+00    0.0000E+00    0.0000E+00    0.0000E+00
    1.0450E+03    0.0000E+00    0.0000E+00    0.0000E+00    0.0000E+00
    1.0550E+03    0.0000E+00    0.0000E+00    0.0000E+00    0.0000E+00
    1.0650E+03    0.0000E+00    0.0000E+00    0.0000E+00    0.0000E+00
    1.0750E+03    0.0000E+00    0.0000E+00    0.0000E+00    0.0000E+00
    1.0850E+03    0.0000E+00    0.0000E+00    0.0000E+00    0.0000E+00
    1.0950E+03    0.0000E+00    0.0000E+00    0.0000E+00    0.0000E+00
    1.1050E+03    0.0000E+00    0.0000E+00    0.0000E+00    0.0000E+00
    1.1150E+03    0.0000E+00    0.0000E+00    0.0000E+00    0.0000E+00
    1.1250E+03    0.0000E+00    0.0000E+00    0.0000E+00    0.0000E+00
    1.1350E+03    0.0000E+00    0.0000E+00    0.0000E+00    0.0000E+00
    1.1450E+03    0.0000E+00    0.0000E+00    0.0000E+00    0.0000E+00
    1.1550E+03    0.0000E+00    0.0000E+00    0.0000E+00    0.0000E+00
    1.1650E+03    0.0000E+00    0.0000E+00    0.0000E+00    0.0000E+00
    1.1750E+03    0.0000E+00    0.0000E+00    0.0000E+00    0.0000E+00
    1.1850E+03    0.0000E+00    0.0000E+00    0.0000E+00    0.0000E+00
    1.1950E+03    0.0000E+00    0.0000E+00    0.0000E+00    0.0000E+00
    1.2050E+03    0.0000E+00    0.0000E+00    0.0000E+00    0.0000E+00
    1.2150E+03    0.0000E+00    0.0000E+00    0.0000E+00    0.0000E+00
    1.2250E+03    7.3788E+23    7.5655E+22    1.0854E+19    1.5247E+16
    1.2350E+03    0.0000E+00    0.0000E+00    0.0000E+00    0.0000E+00
    1.2450E+03    0.0000E+00    0.0000E+00    0.0000E+00    0.0000E+00
    1.2550E+03    0.0000E+00    0.0000E+00    0.0000E+00    0.0000E+00
    1.2650E+03    5.3821E+17    9.3632E+16    3.0768E+13    5.2774E+10
    1.2750E+03    0.0000E+00    0.0000E+00    0.0000E+00    0.0000E+00
    1.2850E+03    0.0000E+00    0.0000E+00    0.0000E+00    0.0000E+00
    1.2950E+03    0.0000E+00    0.0000E+00    0.0000E+00    0.0000E+00
    1.3050E+03    0.0000E+00    0.0000E+00    0.0000E+00    0.0000E+00
    1.3150E+03    4.7444E+16    8.1401E+15    2.7411E+12    4.7512E+09
    1.3250E+03    0.0000E+00    0.0000E+00    0.0000E+00    0.0000E+00
    1.3350E+03    3.8373E+17    6.8294E+16    2.2926E+13    3.9727E+10
    1.3450E+03    0.0000E+00    0.0000E+00    0.0000E+00    0.0000E+00
    1.3550E+03    0.0000E+00    0.0000E+00    0.0000E+00    0.0000E+00
    1.3650E+03    0.0000E+00    0.0000E+00    0.0000E+00    0.0000E+00
    1.3750E+03    0.0000E+00    0.0000E+00    0.0000E+00    0.0000E+00
    1.3850E+03    0.0000E+00    0.0000E+00    0.0000E+00    0.0000E+00
    1.3950E+03    0.0000E+00    0.0000E+00    0.0000E+00    0.0000E+00
    1.4050E+03    1.8682E+18    2.7881E+17    6.9750E+13    1.1864E+11
    1.4150E+03    0.0000E+00    0.0000E+00    0.0000E+00    0.0000E+00
    1.4250E+03    0.0000E+00    0.0000E+00    0.0000E+00    0.0000E+00
    1.4350E+03    0.0000E+00    0.0000E+00    0.0000E+00    0.0000E+00
    1.4420E+03    0.0000E+00    0.0000E+00    0.0000E+00    0.0000E+00
    1.4470E+03    0.0000E+00    0.0000E+00    0.0000E+00    0.0000E+00
    1.4550E+03    0.0000E+00    0.0000E+00    0.0000E+00    0.0000E+00
    1.4650E+03    0.0000E+00    0.0000E+00    0.0000E+00    0.0000E+00
    1.4750E+03    0.0000E+00    0.0000E+00    0.0000E+00    0.0000E+00
    1.4850E+03    0.0000E+00    0.0000E+00    0.0000E+00    0.0000E+00
    1.4950E+03    1.0274E+18    1.0433E+17    1.4803E+13    2.0775E+10
    1.5050E+03    0.0000E+00    0.0000E+00    0.0000E+00    0.0000E+00
    1.5120E+03    0.0000E+00    0.0000E+00    0.0000E+00    0.0000E+00
    1.5170E+03    0.0000E+00    0.0000E+00    0.0000E+00    0.0000E+00
    1.5250E+03    0.0000E+00    0.0000E+00    0.0000E+00    0.0000E+00
    1.5350E+03    8.6127E+16    1.4117E+16    4.5169E+12    7.9447E+09
    1.5450E+03    0.0000E+00    0.0000E+00    0.0000E+00    0.0000E+00
    1.5550E+03    2.7139E+19    3.1528E+18    6.7429E+14    1.1253E+12
    1.5650E+03    0.0000E+00    0.0000E+00    0.0000E+00    0.0000E+00
    1.5750E+03    0.0000E+00    0.0000E+00    0.0000E+00    0.0000E+00
    1.5850E+03    0.0000E+00    0.0000E+00    0.0000E+00    0.0000E+00
    1.5950E+03    0.0000E+00    0.0000E+00    0.0000E+00    0.0000E+00
    1.6050E+03    0.0000E+00    0.0000E+00    0.0000E+00    0.0000E+00
    1.6150E+03    0.0000E+00    0.0000E+00    0.0000E+00    0.0000E+00
    1.6250E+03    0.0000E+00    0.0000E+00    0.0000E+00    0.0000E+00
    1.6350E+03    0.0000E+00    0.0000E+00    0.0000E+00    0.0000E+00
    1.6450E+03    5.7989E+20    5.9369E+19    7.9705E+15    1.1191E+13
    1.6550E+03    0.0000E+00    0.0000E+00    0.0000E+00    0.0000E+00
    1.6650E+03    1.8313E+18    1.9594E+17    2.8203E+13    3.9597E+10
    1.6720E+03    1.4066E+17    2.2812E+16    6.9028E+12    1.2236E+10
    1.6770E+03    0.0000E+00    0.0000E+00    0.0000E+00    0.0000E+00
    1.6850E+03    0.0000E+00    0.0000E+00    0.0000E+00    0.0000E+00
    1.6950E+03    0.0000E+00    0.0000E+00    0.0000E+00    0.0000E+00
    1.7050E+03    0.0000E+00    0.0000E+00    0.0000E+00    0.0000E+00
    1.7150E+03    0.0000E+00    0.0000E+00    0.0000E+00    0.0000E+00
    1.7250E+03    0.0000E+00    0.0000E+00    0.0000E+00    0.0000E+00
    1.7350E+03    0.0000E+00    0.0000E+00    0.0000E+00    0.0000E+00
    1.7450E+03    0.0000E+00    0.0000E+00    0.0000E+00    0.0000E+00
    1.7550E+03    2.0405E+17    2.5999E+16    3.8989E+12    5.4748E+09
    1.7650E+03    0.0000E+00    0.0000E+00    0.0000E+00    0.0000E+00
    1.7750E+03    0.0000E+00    0.0000E+00    0.0000E+00    0.0000E+00
    1.7850E+03    0.0000E+00    0.0000E+00    0.0000E+00    0.0000E+00
    1.7950E+03    4.9625E+17    8.3612E+16    2.5786E+13    4.6340E+10
    1.8050E+03    0.0000E+00    0.0000E+00    0.0000E+00    0.0000E+00
    1.8150E+03    5.6997E+16    6.2883E+15    9.6351E+11    1.3904E+09
    1.8250E+03    0.0000E+00    0.0000E+00    0.0000E+00    0.0000E+00
    1.8350E+03    0.0000E+00    0.0000E+00    0.0000E+00    0.0000E+00
    1.8450E+03    0.0000E+00    0.0000E+00    0.0000E+00    0.0000E+00
    1.8550E+03    0.0000E+00    0.0000E+00    0.0000E+00    0.0000E+00
    1.8650E+03    5.2785E+16    7.1171E+15    1.4994E+12    2.4950E+09
    1.8750E+03    0.0000E+00    0.0000E+00    0.0000E+00    0.0000E+00
    1.8850E+03    0.0000E+00    0.0000E+00    0.0000E+00    0.0000E+00
    1.8950E+03    1.0802E+18    1.3725E+17    2.0708E+13    2.9084E+10
    1.9050E+03    0.0000E+00    0.0000E+00    0.0000E+00    0.0000E+00
    1.9150E+03    3.7917E+18    4.7363E+17    7.0563E+13    9.9062E+10
    1.9250E+03    0.0000E+00    0.0000E+00    0.0000E+00    0.0000E+00
    1.9350E+03    0.0000E+00    0.0000E+00    0.0000E+00    0.0000E+00
    1.9450E+03    0.0000E+00    0.0000E+00    0.0000E+00    0.0000E+00
    1.9550E+03    0.0000E+00    0.0000E+00    0.0000E+00    0.0000E+00
    1.9670E+03    0.0000E+00    0.0000E+00    0.0000E+00    0.0000E+00
    1.9760E+03    0.0000E+00    0.0000E+00    0.0000E+00    0.0000E+00
    1.9840E+03    0.0000E+00    0.0000E+00    0.0000E+00    0.0000E+00
    1.9950E+03    0.0000E+00    0.0000E+00    0.0000E+00    0.0000E+00
    2.0050E+03    0.0000E+00    0.0000E+00    0.0000E+00    0.0000E+00
    2.0150E+03    0.0000E+00    0.0000E+00    0.0000E+00    0.0000E+00
    2.0250E+03    0.0000E+00    0.0000E+00    0.0000E+00    0.0000E+00
    2.0350E+03    0.0000E+00    0.0000E+00    0.0000E+00    0.0000E+00
    2.0450E+03    0.0000E+00    0.0000E+00    0.0000E+00    0.0000E+00
    2.0550E+03    0.0000E+00    0.0000E+00    0.0000E+00    0.0000E+00
    2.0650E+03    0.0000E+00    0.0000E+00    0.0000E+00    0.0000E+00
    2.0740E+03    0.0000E+00    0.0000E+00    0.0000E+00    0.0000E+00
    2.0780E+03    0.0000E+00    0.0000E+00    0.0000E+00    0.0000E+00
    2.0850E+03    0.0000E+00    0.0000E+00    0.0000E+00    0.0000E+00
    2.0950E+03    0.0000E+00    0.0000E+00    0.0000E+00    0.0000E+00
    2.1050E+03    0.0000E+00    0.0000E+00    0.0000E+00    0.0000E+00
    2.1150E+03    0.0000E+00    0.0000E+00    0.0000E+00    0.0000E+00
    2.1250E+03    0.0000E+00    0.0000E+00    0.0000E+00    0.0000E+00
    2.1350E+03    0.0000E+00    0.0000E+00    0.0000E+00    0.0000E+00
    2.1450E+03    1.2432E+16    1.3960E+15    2.0583E+11    2.8915E+08
    2.1550E+03    0.0000E+00    0.0000E+00    0.0000E+00    0.0000E+00
    2.1650E+03    0.0000E+00    0.0000E+00    0.0000E+00    0.0000E+00
    2.1750E+03    0.0000E+00    0.0000E+00    0.0000E+00    0.0000E+00
    2.1850E+03    0.0000E+00    0.0000E+00    0.0000E+00    0.0000E+00
    2.1950E+03    0.0000E+00    0.0000E+00    0.0000E+00    0.0000E+00
    2.2050E+03    0.0000E+00    0.0000E+00    0.0000E+00    0.0000E+00
    2.2150E+03    0.0000E+00    0.0000E+00    0.0000E+00    0.0000E+00
    2.2250E+03    0.0000E+00    0.0000E+00    0.0000E+00    0.0000E+00
    2.2350E+03    0.0000E+00    0.0000E+00    0.0000E+00    0.0000E+00
    2.2450E+03    0.0000E+00    0.0000E+00    0.0000E+00    0.0000E+00
    2.2550E+03    0.0000E+00    0.0000E+00    0.0000E+00    0.0000E+00
    2.2650E+03    0.0000E+00    0.0000E+00    0.0000E+00    0.0000E+00
    2.2750E+03    0.0000E+00    0.0000E+00    0.0000E+00    0.0000E+00
    2.2850E+03    0.0000E+00    0.0000E+00    0.0000E+00    0.0000E+00
    2.2950E+03    0.0000E+00    0.0000E+00    0.0000E+00    0.0000E+00
    2.3050E+03    0.0000E+00    0.0000E+00    0.0000E+00    0.0000E+00
    2.3150E+03    0.0000E+00    0.0000E+00    0.0000E+00    0.0000E+00
    2.3250E+03    0.0000E+00    0.0000E+00    0.0000E+00    0.0000E+00
    2.3350E+03    1.9809E+17    2.2990E+16    3.4276E+12    4.8143E+09
    2.3450E+03    0.0000E+00    0.0000E+00    0.0000E+00    0.0000E+00
    2.3550E+03    0.0000E+00    0.0000E+00    0.0000E+00    0.0000E+00
    2.3650E+03    0.0000E+00    0.0000E+00    0.0000E+00    0.0000E+00
    2.3750E+03    0.0000E+00    0.0000E+00    0.0000E+00    0.0000E+00
    2.3850E+03    0.0000E+00    0.0000E+00    0.0000E+00    0.0000E+00
    2.3950E+03    0.0000E+00    0.0000E+00    0.0000E+00    0.0000E+00
    2.4050E+03    4.1537E+17    5.5108E+16    1.3559E+13    2.3931E+10
    2.4150E+03    0.0000E+00    0.0000E+00    0.0000E+00    0.0000E+00
    2.4250E+03    0.0000E+00    0.0000E+00    0.0000E+00    0.0000E+00
    2.4350E+03    0.0000E+00    0.0000E+00    0.0000E+00    0.0000E+00
    2.4450E+03    0.0000E+00    0.0000E+00    0.0000E+00    0.0000E+00
    2.4550E+03    0.0000E+00    0.0000E+00    0.0000E+00    0.0000E+00
    2.4650E+03    0.0000E+00    0.0000E+00    0.0000E+00    0.0000E+00
    2.4750E+03    2.5923E+16    3.0070E+15    4.4505E+11    6.2503E+08
    2.4850E+03    0.0000E+00    0.0000E+00    0.0000E+00    0.0000E+00
    2.4950E+03    0.0000E+00    0.0000E+00    0.0000E+00    0.0000E+00
    2.5050E+03    0.0000E+00    0.0000E+00    0.0000E+00    0.0000E+00
    2.5130E+03    0.0000E+00    0.0000E+00    0.0000E+00    0.0000E+00
    2.5180E+03    0.0000E+00    0.0000E+00    0.0000E+00    0.0000E+00
    2.5250E+03    0.0000E+00    0.0000E+00    0.0000E+00    0.0000E+00
    2.5350E+03    0.0000E+00    0.0000E+00    0.0000E+00    0.0000E+00
    2.5450E+03    0.0000E+00    0.0000E+00    0.0000E+00    0.0000E+00
    2.5550E+03    0.0000E+00    0.0000E+00    0.0000E+00    0.0000E+00
    2.5650E+03    0.0000E+00    0.0000E+00    0.0000E+00    0.0000E+00
    2.5750E+03    2.1812E+17    2.3700E+16    3.4347E+12    4.8224E+09
    2.5850E+03    0.0000E+00    0.0000E+00    0.0000E+00    0.0000E+00
    2.5950E+03    0.0000E+00    0.0000E+00    0.0000E+00    0.0000E+00
    2.6050E+03    0.0000E+00    0.0000E+00    0.0000E+00    0.0000E+00
    2.6150E+03    0.0000E+00    0.0000E+00    0.0000E+00    0.0000E+00
    2.6250E+03    0.0000E+00    0.0000E+00    0.0000E+00    0.0000E+00
    2.6350E+03    0.0000E+00    0.0000E+00    0.0000E+00    0.0000E+00
    2.6450E+03    0.0000E+00    0.0000E+00    0.0000E+00    0.0000E+00
    2.6550E+03    0.0000E+00    0.0000E+00    0.0000E+00    0.0000E+00
    2.6650E+03    1.0096E+17    1.2120E+16    1.8241E+12    2.5616E+09
    2.6750E+03    0.0000E+00    0.0000E+00    0.0000E+00    0.0000E+00
    2.6850E+03    0.0000E+00    0.0000E+00    0.0000E+00    0.0000E+00
    2.6950E+03    0.0000E+00    0.0000E+00    0.0000E+00    0.0000E+00
    2.7050E+03    0.0000E+00    0.0000E+00    0.0000E+00    0.0000E+00
    2.7150E+03    0.0000E+00    0.0000E+00    0.0000E+00    0.0000E+00
    2.7250E+03    0.0000E+00    0.0000E+00    0.0000E+00    0.0000E+00
    2.7350E+03    0.0000E+00    0.0000E+00    0.0000E+00    0.0000E+00
    2.7450E+03    0.0000E+00    0.0000E+00    0.0000E+00    0.0000E+00
    2.7550E+03    0.0000E+00    0.0000E+00    0.0000E+00    0.0000E+00
    2.7650E+03    0.0000E+00    0.0000E+00    0.0000E+00    0.0000E+00
    2.7750E+03    0.0000E+00    0.0000E+00    0.0000E+00    0.0000E+00
    2.7850E+03    0.0000E+00    0.0000E+00    0.0000E+00    0.0000E+00
    2.7950E+03    0.0000E+00    0.0000E+00    0.0000E+00    0.0000E+00
    2.8050E+03    1.7485E+18    2.1902E+17    4.7098E+13    8.1574E+10
    2.8150E+03    0.0000E+00    0.0000E+00    0.0000E+00    0.0000E+00
    2.8250E+03    0.0000E+00    0.0000E+00    0.0000E+00    0.0000E+00
    2.8350E+03    5.0039E+20    5.5387E+19    8.1212E+15    1.1418E+13
    2.8450E+03    1.5622E+18    1.6994E+17    2.4636E+13    3.4589E+10
    2.8550E+03    2.3235E+16    2.6284E+15    4.6123E+11    7.5930E+08
    2.8650E+03    0.0000E+00    0.0000E+00    0.0000E+00    0.0000E+00
    2.8750E+03    0.0000E+00    0.0000E+00    0.0000E+00    0.0000E+00
    2.8850E+03    0.0000E+00    0.0000E+00    0.0000E+00    0.0000E+00
    2.8950E+03    0.0000E+00    0.0000E+00    0.0000E+00    0.0000E+00
    2.9100E+03    0.0000E+00    0.0000E+00    0.0000E+00    0.0000E+00
    2.9300E+03    0.0000E+00    0.0000E+00    0.0000E+00    0.0000E+00
    2.9500E+03    9.3339E+20    1.0331E+20    1.5138E+16    2.1285E+13
    2.9700E+03    0.0000E+00    0.0000E+00    0.0000E+00    0.0000E+00
    2.9900E+03    0.0000E+00    0.0000E+00    0.0000E+00    0.0000E+00
    3.0100E+03    0.0000E+00    0.0000E+00    0.0000E+00    0.0000E+00
    3.0300E+03    0.0000E+00    0.0000E+00    0.0000E+00    0.0000E+00
    3.0500E+03    0.0000E+00    0.0000E+00    0.0000E+00    0.0000E+00
    3.0700E+03    0.0000E+00    0.0000E+00    0.0000E+00    0.0000E+00
    3.0900E+03    0.0000E+00    0.0000E+00    0.0000E+00    0.0000E+00
    3.1100E+03    6.6296E+17    7.2265E+16    1.0495E+13    1.4732E+10
    3.1300E+03    0.0000E+00    0.0000E+00    0.0000E+00    0.0000E+00
    3.1500E+03    0.0000E+00    0.0000E+00    0.0000E+00    0.0000E+00
    3.1700E+03    0.0000E+00    0.0000E+00    0.0000E+00    0.0000E+00
    3.1900E+03    2.0795E+21    2.3018E+20    3.3736E+16    4.7435E+13
    3.2100E+03    2.7537E+19    3.7043E+18    4.9739E+14    6.9830E+11
    3.2300E+03    0.0000E+00    0.0000E+00    0.0000E+00    0.0000E+00
    3.2500E+03    0.0000E+00    0.0000E+00    0.0000E+00    0.0000E+00
    3.2700E+03    0.0000E+00    0.0000E+00    0.0000E+00    0.0000E+00
    3.2900E+03    0.0000E+00    0.0000E+00    0.0000E+00    0.0000E+00
    3.3100E+03    0.0000E+00    0.0000E+00    0.0000E+00    0.0000E+00
    3.3300E+03    0.0000E+00    0.0000E+00    0.0000E+00    0.0000E+00
    3.3500E+03    0.0000E+00    0.0000E+00    0.0000E+00    0.0000E+00
    3.3700E+03    0.0000E+00    0.0000E+00    0.0000E+00    0.0000E+00
    3.3900E+03    0.0000E+00    0.0000E+00    0.0000E+00    0.0000E+00
    3.4100E+03    0.0000E+00    0.0000E+00    0.0000E+00    0.0000E+00
    3.4300E+03    0.0000E+00    0.0000E+00    0.0000E+00    0.0000E+00
    3.4500E+03    0.0000E+00    0.0000E+00    0.0000E+00    0.0000E+00
    3.4700E+03    0.0000E+00    0.0000E+00    0.0000E+00    0.0000E+00
    3.4900E+03    0.0000E+00    0.0000E+00    0.0000E+00    0.0000E+00
    3.5100E+03    0.0000E+00    0.0000E+00    0.0000E+00    0.0000E+00
    3.5300E+03    0.0000E+00    0.0000E+00    0.0000E+00    0.0000E+00
    3.5500E+03    0.0000E+00    0.0000E+00    0.0000E+00    0.0000E+00
    3.5700E+03    0.0000E+00    0.0000E+00    0.0000E+00    0.0000E+00
    3.5900E+03    0.0000E+00    0.0000E+00    0.0000E+00    0.0000E+00
    3.6100E+03    0.0000E+00    0.0000E+00    0.0000E+00    0.0000E+00
    3.6300E+03    0.0000E+00    0.0000E+00    0.0000E+00    0.0000E+00
    3.6400E+03    0.0000E+00    0.0000E+00    0.0000E+00    0.0000E+00
    3.6500E+03    0.0000E+00    0.0000E+00    0.0000E+00    0.0000E+00
    3.6700E+03    0.0000E+00    0.0000E+00    0.0000E+00    0.0000E+00
    3.6900E+03    1.3935E+21    1.5619E+20    2.2906E+16    3.2169E+13
    3.7100E+03    1.3811E+21    1.5478E+20    2.2702E+16    3.1884E+13
    3.7300E+03    1.4857E+21    1.6661E+20    2.4431E+16    3.4308E+13
    3.7500E+03    2.3476E+21    2.6321E+20    3.8596E+16    5.4207E+13
    3.7700E+03    0.0000E+00    0.0000E+00    0.0000E+00    0.0000E+00
    3.7900E+03    1.7268E+21    1.9353E+20    2.8388E+16    3.9866E+13
    3.8100E+03    2.9094E+21    3.2206E+20    4.7398E+16    6.6571E+13
    3.8300E+03    6.1988E+20    6.8733E+19    1.0062E+16    1.4135E+13
    3.8500E+03    4.0734E+21    4.5023E+20    6.6341E+16    9.3181E+13
    3.8700E+03    2.4813E+18    2.7118E+17    3.9410E+13    5.5336E+10
    3.8900E+03    1.2006E+22    1.3250E+21    1.9455E+17    2.7343E+14
    3.9100E+03    0.0000E+00    0.0000E+00    0.0000E+00    0.0000E+00
    3.9300E+03    0.0000E+00    0.0000E+00    0.0000E+00    0.0000E+00
    3.9500E+03    0.0000E+00    0.0000E+00    0.0000E+00    0.0000E+00
    3.9700E+03    9.9043E+21    1.0885E+21    1.5982E+17    2.2450E+14
    3.9900E+03    0.0000E+00    0.0000E+00    0.0000E+00    0.0000E+00
    4.0100E+03    0.0000E+00    0.0000E+00    0.0000E+00    0.0000E+00
    4.0300E+03    1.1848E+21    1.3132E+20    1.9236E+16    2.7023E+13
    4.0500E+03    0.0000E+00    0.0000E+00    0.0000E+00    0.0000E+00
    4.0700E+03    3.2366E+16    3.5386E+15    5.1981E+11    7.3023E+08
    4.0900E+03    5.3586E+16    5.8580E+15    8.6062E+11    1.2087E+09
    4.1100E+03    1.5871E+22    1.7355E+21    2.5502E+17    3.5825E+14
    4.1300E+03    0.0000E+00    0.0000E+00    0.0000E+00    0.0000E+00
    4.1500E+03    0.0000E+00    0.0000E+00    0.0000E+00    0.0000E+00
    4.1700E+03    0.0000E+00    0.0000E+00    0.0000E+00    0.0000E+00
    4.1900E+03    0.0000E+00    0.0000E+00    0.0000E+00    0.0000E+00
    4.2100E+03    0.0000E+00    0.0000E+00    0.0000E+00    0.0000E+00
    4.2300E+03    0.0000E+00    0.0000E+00    0.0000E+00    0.0000E+00
    4.2500E+03    0.0000E+00    0.0000E+00    0.0000E+00    0.0000E+00
    4.2700E+03    0.0000E+00    0.0000E+00    0.0000E+00    0.0000E+00
    4.2900E+03    0.0000E+00    0.0000E+00    0.0000E+00    0.0000E+00
    4.3100E+03    1.1902E+17    1.2216E+16    1.7587E+12    2.4749E+09
    4.3300E+03    0.0000E+00    0.0000E+00    0.0000E+00    0.0000E+00
    4.3500E+03    3.1121E+22    3.3837E+21    4.9635E+17    6.9727E+14
    4.3700E+03    1.1280E+18    1.2193E+17    1.7634E+13    2.4757E+10
    4.3900E+03    0.0000E+00    0.0000E+00    0.0000E+00    0.0000E+00
    4.4100E+03    0.0000E+00    0.0000E+00    0.0000E+00    0.0000E+00
    4.4300E+03    0.0000E+00    0.0000E+00    0.0000E+00    0.0000E+00
    4.4500E+03    0.0000E+00    0.0000E+00    0.0000E+00    0.0000E+00
    4.4700E+03    0.0000E+00    0.0000E+00    0.0000E+00    0.0000E+00
    4.4900E+03    2.7321E+21    3.0282E+20    4.4365E+16    6.2309E+13
    4.5100E+03    0.0000E+00    0.0000E+00    0.0000E+00    0.0000E+00
    4.5300E+03    0.0000E+00    0.0000E+00    0.0000E+00    0.0000E+00
    4.5500E+03    0.0000E+00    0.0000E+00    0.0000E+00    0.0000E+00
    4.5700E+03    0.0000E+00    0.0000E+00    0.0000E+00    0.0000E+00
    4.5900E+03    0.0000E+00    0.0000E+00    0.0000E+00    0.0000E+00
    4.6100E+03    0.0000E+00    0.0000E+00    0.0000E+00    0.0000E+00
    4.6300E+03    0.0000E+00    0.0000E+00    0.0000E+00    0.0000E+00
    4.6500E+03    0.0000E+00    0.0000E+00    0.0000E+00    0.0000E+00
    4.6700E+03    9.5726E+16    1.1190E+16    1.6636E+12    2.3371E+09
    4.6900E+03    1.0433E+20    1.4210E+19    1.9154E+15    2.6891E+12
    4.7100E+03    2.8768E+16    3.3640E+15    5.0018E+11    7.0249E+08
    4.7300E+03    0.0000E+00    0.0000E+00    0.0000E+00    0.0000E+00
    4.7500E+03    0.0000E+00    0.0000E+00    0.0000E+00    0.0000E+00
    4.7700E+03    2.7641E+16    3.2328E+15    4.8064E+11    6.7519E+08
    4.7900E+03    0.0000E+00    0.0000E+00    0.0000E+00    0.0000E+00
    4.8100E+03    0.0000E+00    0.0000E+00    0.0000E+00    0.0000E+00
    4.8300E+03    0.0000E+00    0.0000E+00    0.0000E+00    0.0000E+00
    4.8500E+03    0.0000E+00    0.0000E+00    0.0000E+00    0.0000E+00
    4.8700E+03    7.3928E+22    8.0242E+21    1.1736E+18    1.6487E+15
    4.8900E+03    1.4245E+16    1.6646E+15    2.4747E+11    3.4765E+08
    4.9100E+03    0.0000E+00    0.0000E+00    0.0000E+00    0.0000E+00
    4.9300E+03    8.0545E+20    8.9293E+19    1.3084E+16    1.8380E+13
    4.9500E+03    0.0000E+00    0.0000E+00    0.0000E+00    0.0000E+00
    4.9700E+03    9.5706E+18    1.0486E+18    1.5253E+14    2.1428E+11
    4.9900E+03    0.0000E+00    0.0000E+00    0.0000E+00    0.0000E+00
    5.0100E+03    2.9081E+19    3.1871E+18    4.6360E+14    6.5092E+11
    5.0300E+03    1.8835E+21    2.0932E+20    3.0676E+16    4.3076E+13
    5.0500E+03    0.0000E+00    0.0000E+00    0.0000E+00    0.0000E+00
    5.0700E+03    0.0000E+00    0.0000E+00    0.0000E+00    0.0000E+00
    5.0900E+03    0.0000E+00    0.0000E+00    0.0000E+00    0.0000E+00
    5.1100E+03    0.0000E+00    0.0000E+00    0.0000E+00    0.0000E+00
    5.1300E+03    0.0000E+00    0.0000E+00    0.0000E+00    0.0000E+00
    5.1500E+03    0.0000E+00    0.0000E+00    0.0000E+00    0.0000E+00
    5.1700E+03    0.0000E+00    0.0000E+00    0.0000E+00    0.0000E+00
    5.1900E+03    0.0000E+00    0.0000E+00    0.0000E+00    0.0000E+00
    5.2100E+03    1.3584E+16    1.4204E+15    2.0297E+11    2.8442E+08
    5.2300E+03    0.0000E+00    0.0000E+00    0.0000E+00    0.0000E+00
    5.2500E+03    0.0000E+00    0.0000E+00    0.0000E+00    0.0000E+00
    5.2700E+03    0.0000E+00    0.0000E+00    0.0000E+00    0.0000E+00
    5.2900E+03    5.3621E+16    6.2630E+15    9.3103E+11    1.3075E+09
    5.3100E+03    0.0000E+00    0.0000E+00    0.0000E+00    0.0000E+00
    5.3300E+03    0.0000E+00    0.0000E+00    0.0000E+00    0.0000E+00
    5.3500E+03    0.0000E+00    0.0000E+00    0.0000E+00    0.0000E+00
    5.3700E+03    0.0000E+00    0.0000E+00    0.0000E+00    0.0000E+00
    5.3900E+03    0.0000E+00    0.0000E+00    0.0000E+00    0.0000E+00
    5.4100E+03    0.0000E+00    0.0000E+00    0.0000E+00    0.0000E+00
    5.4300E+03    0.0000E+00    0.0000E+00    0.0000E+00    0.0000E+00
    5.4500E+03    0.0000E+00    0.0000E+00    0.0000E+00    0.0000E+00
    5.4700E+03    0.0000E+00    0.0000E+00    0.0000E+00    0.0000E+00
    5.4900E+03    0.0000E+00    0.0000E+00    0.0000E+00    0.0000E+00
    5.5100E+03    0.0000E+00    0.0000E+00    0.0000E+00    0.0000E+00
    5.5300E+03    0.0000E+00    0.0000E+00    0.0000E+00    0.0000E+00
    5.5500E+03    0.0000E+00    0.0000E+00    0.0000E+00    0.0000E+00
    5.5700E+03    0.0000E+00    0.0000E+00    0.0000E+00    0.0000E+00
    5.5900E+03    0.0000E+00    0.0000E+00    0.0000E+00    0.0000E+00
    5.6100E+03    0.0000E+00    0.0000E+00    0.0000E+00    0.0000E+00
    5.6300E+03    0.0000E+00    0.0000E+00    0.0000E+00    0.0000E+00
    5.6500E+03    0.0000E+00    0.0000E+00    0.0000E+00    0.0000E+00
    5.6700E+03    0.0000E+00    0.0000E+00    0.0000E+00    0.0000E+00
    5.6900E+03    0.0000E+00    0.0000E+00    0.0000E+00    0.0000E+00
    5.7100E+03    0.0000E+00    0.0000E+00    0.0000E+00    0.0000E+00
    5.7300E+03    0.0000E+00    0.0000E+00    0.0000E+00    0.0000E+00
    5.7500E+03    0.0000E+00    0.0000E+00    0.0000E+00    0.0000E+00
    5.7700E+03    1.2420E+16    1.3794E+15    2.0286E+11    2.8498E+08
    5.7900E+03    0.0000E+00    0.0000E+00    0.0000E+00    0.0000E+00
    5.8100E+03    0.0000E+00    0.0000E+00    0.0000E+00    0.0000E+00
    5.8300E+03    2.3736E+16    2.7399E+15    4.0580E+11    5.6987E+08
    5.8500E+03    0.0000E+00    0.0000E+00    0.0000E+00    0.0000E+00
    5.8700E+03    0.0000E+00    0.0000E+00    0.0000E+00    0.0000E+00
    5.8900E+03    9.3922E+21    1.0418E+21    1.5265E+17    2.1444E+14
    5.9100E+03    0.0000E+00    0.0000E+00    0.0000E+00    0.0000E+00
    5.9300E+03    0.0000E+00    0.0000E+00    0.0000E+00    0.0000E+00
    5.9500E+03    0.0000E+00    0.0000E+00    0.0000E+00    0.0000E+00
    5.9700E+03    0.0000E+00    0.0000E+00    0.0000E+00    0.0000E+00
    5.9900E+03    0.0000E+00    0.0000E+00    0.0000E+00    0.0000E+00
    6.0100E+03    0.0000E+00    0.0000E+00    0.0000E+00    0.0000E+00
    6.0300E+03    0.0000E+00    0.0000E+00    0.0000E+00    0.0000E+00
    6.0500E+03    0.0000E+00    0.0000E+00    0.0000E+00    0.0000E+00
    6.0700E+03    0.0000E+00    0.0000E+00    0.0000E+00    0.0000E+00
    6.0900E+03    0.0000E+00    0.0000E+00    0.0000E+00    0.0000E+00
    6.1100E+03    0.0000E+00    0.0000E+00    0.0000E+00    0.0000E+00
    6.1300E+03    0.0000E+00    0.0000E+00    0.0000E+00    0.0000E+00
    6.1500E+03    0.0000E+00    0.0000E+00    0.0000E+00    0.0000E+00
    6.1700E+03    0.0000E+00    0.0000E+00    0.0000E+00    0.0000E+00
    6.1900E+03    0.0000E+00    0.0000E+00    0.0000E+00    0.0000E+00
    6.2100E+03    0.0000E+00    0.0000E+00    0.0000E+00    0.0000E+00
    6.2300E+03    0.0000E+00    0.0000E+00    0.0000E+00    0.0000E+00
    6.2500E+03    0.0000E+00    0.0000E+00    0.0000E+00    0.0000E+00
    6.2700E+03    0.0000E+00    0.0000E+00    0.0000E+00    0.0000E+00
    6.2900E+03    0.0000E+00    0.0000E+00    0.0000E+00    0.0000E+00
    6.3100E+03    6.8554E+16    6.9594E+15    9.9688E+11    1.4004E+09
    6.3300E+03    9.0437E+16    1.1107E+16    1.6626E+12    2.3335E+09
    6.3500E+03    0.0000E+00    0.0000E+00    0.0000E+00    0.0000E+00
    6.3700E+03    2.2083E+16    2.2415E+15    3.2107E+11    4.5104E+08
    6.3900E+03    0.0000E+00    0.0000E+00    0.0000E+00    0.0000E+00
    6.4100E+03    0.0000E+00    0.0000E+00    0.0000E+00    0.0000E+00
    6.4300E+03    0.0000E+00    0.0000E+00    0.0000E+00    0.0000E+00
    6.4500E+03    0.0000E+00    0.0000E+00    0.0000E+00    0.0000E+00
    6.4700E+03    0.0000E+00    0.0000E+00    0.0000E+00    0.0000E+00
    6.4900E+03    0.0000E+00    0.0000E+00    0.0000E+00    0.0000E+00
    6.5100E+03    0.0000E+00    0.0000E+00    0.0000E+00    0.0000E+00
    6.5300E+03    0.0000E+00    0.0000E+00    0.0000E+00    0.0000E+00
    6.5500E+03    1.7736E+17    1.9467E+16    2.8551E+12    4.0108E+09
    6.5700E+03    2.9944E+23    3.2187E+22    4.6839E+18    6.5798E+15
    6.5900E+03    5.2619E+17    5.7766E+16    8.4726E+12    1.1902E+10
    6.6100E+03    0.0000E+00    0.0000E+00    0.0000E+00    0.0000E+00
    6.6300E+03    0.0000E+00    0.0000E+00    0.0000E+00    0.0000E+00
    6.6500E+03    0.0000E+00    0.0000E+00    0.0000E+00    0.0000E+00
    6.6700E+03    0.0000E+00    0.0000E+00    0.0000E+00    0.0000E+00
    6.6900E+03    2.9656E+21    3.2917E+20    4.8240E+16    6.7744E+13
    6.7100E+03    0.0000E+00    0.0000E+00    0.0000E+00    0.0000E+00
    6.7300E+03    1.0728E+18    1.1661E+17    1.7097E+13    2.4015E+10
    6.7500E+03    2.8499E+17    3.0989E+16    4.5438E+12    6.3830E+09
    6.7700E+03    0.0000E+00    0.0000E+00    0.0000E+00    0.0000E+00
    6.7900E+03    0.0000E+00    0.0000E+00    0.0000E+00    0.0000E+00
    6.8100E+03    0.0000E+00    0.0000E+00    0.0000E+00    0.0000E+00
    6.8300E+03    0.0000E+00    0.0000E+00    0.0000E+00    0.0000E+00
    6.8500E+03    0.0000E+00    0.0000E+00    0.0000E+00    0.0000E+00
    6.8700E+03    0.0000E+00    0.0000E+00    0.0000E+00    0.0000E+00
    6.8900E+03    0.0000E+00    0.0000E+00    0.0000E+00    0.0000E+00
    6.9100E+03    0.0000E+00    0.0000E+00    0.0000E+00    0.0000E+00
    6.9300E+03    0.0000E+00    0.0000E+00    0.0000E+00    0.0000E+00
    6.9500E+03    0.0000E+00    0.0000E+00    0.0000E+00    0.0000E+00
    6.9700E+03    0.0000E+00    0.0000E+00    0.0000E+00    0.0000E+00
    6.9900E+03    0.0000E+00    0.0000E+00    0.0000E+00    0.0000E+00
    7.0100E+03    0.0000E+00    0.0000E+00    0.0000E+00    0.0000E+00
    7.0300E+03    0.0000E+00    0.0000E+00    0.0000E+00    0.0000E+00
    7.0500E+03    0.0000E+00    0.0000E+00    0.0000E+00    0.0000E+00
    7.0700E+03    3.1095E+21    3.4369E+20    5.0251E+16    7.0616E+13
    7.0900E+03    0.0000E+00    0.0000E+00    0.0000E+00    0.0000E+00
    7.1100E+03    0.0000E+00    0.0000E+00    0.0000E+00    0.0000E+00
    7.1300E+03    0.0000E+00    0.0000E+00    0.0000E+00    0.0000E+00
    7.1500E+03    1.9944E+17    2.3391E+16    3.4694E+12    4.8737E+09
    7.1700E+03    0.0000E+00    0.0000E+00    0.0000E+00    0.0000E+00
    7.1900E+03    0.0000E+00    0.0000E+00    0.0000E+00    0.0000E+00
    7.2100E+03    0.0000E+00    0.0000E+00    0.0000E+00    0.0000E+00
    7.2300E+03    0.0000E+00    0.0000E+00    0.0000E+00    0.0000E+00
    7.2500E+03    0.0000E+00    0.0000E+00    0.0000E+00    0.0000E+00
    7.2700E+03    0.0000E+00    0.0000E+00    0.0000E+00    0.0000E+00
    7.2900E+03    0.0000E+00    0.0000E+00    0.0000E+00    0.0000E+00
    7.3100E+03    0.0000E+00    0.0000E+00    0.0000E+00    0.0000E+00
    7.3300E+03    1.0408E+17    1.2061E+16    1.7844E+12    2.5067E+09
    7.3500E+03    0.0000E+00    0.0000E+00    0.0000E+00    0.0000E+00
    7.3700E+03    0.0000E+00    0.0000E+00    0.0000E+00    0.0000E+00
    7.3900E+03    0.0000E+00    0.0000E+00    0.0000E+00    0.0000E+00
    7.4100E+03    0.0000E+00    0.0000E+00    0.0000E+00    0.0000E+00
    7.4300E+03    0.0000E+00    0.0000E+00    0.0000E+00    0.0000E+00
    7.4500E+03    0.0000E+00    0.0000E+00    0.0000E+00    0.0000E+00
    7.4700E+03    0.0000E+00    0.0000E+00    0.0000E+00    0.0000E+00
    7.4900E+03    0.0000E+00    0.0000E+00    0.0000E+00    0.0000E+00
    7.5100E+03    0.0000E+00    0.0000E+00    0.0000E+00    0.0000E+00
    7.5300E+03    0.0000E+00    0.0000E+00    0.0000E+00    0.0000E+00
    7.5500E+03    0.0000E+00    0.0000E+00    0.0000E+00    0.0000E+00
    7.5700E+03    0.0000E+00    0.0000E+00    0.0000E+00    0.0000E+00
    7.5900E+03    0.0000E+00    0.0000E+00    0.0000E+00    0.0000E+00
    7.6100E+03    0.0000E+00    0.0000E+00    0.0000E+00    0.0000E+00
    7.6300E+03    0.0000E+00    0.0000E+00    0.0000E+00    0.0000E+00
    7.6500E+03    0.0000E+00    0.0000E+00    0.0000E+00    0.0000E+00
    7.6700E+03    0.0000E+00    0.0000E+00    0.0000E+00    0.0000E+00
    7.6900E+03    0.0000E+00    0.0000E+00    0.0000E+00    0.0000E+00
    7.7100E+03    0.0000E+00    0.0000E+00    0.0000E+00    0.0000E+00
    7.7300E+03    0.0000E+00    0.0000E+00    0.0000E+00    0.0000E+00
    7.7500E+03    0.0000E+00    0.0000E+00    0.0000E+00    0.0000E+00
    7.7700E+03    5.2280E+16    6.1326E+15    9.0948E+11    1.2774E+09
    7.7900E+03    0.0000E+00    0.0000E+00    0.0000E+00    0.0000E+00
    7.8100E+03    0.0000E+00    0.0000E+00    0.0000E+00    0.0000E+00
    7.8300E+03    0.0000E+00    0.0000E+00    0.0000E+00    0.0000E+00
    7.8500E+03    0.0000E+00    0.0000E+00    0.0000E+00    0.0000E+00
    7.8700E+03    0.0000E+00    0.0000E+00    0.0000E+00    0.0000E+00
    7.8900E+03    0.0000E+00    0.0000E+00    0.0000E+00    0.0000E+00
    7.9100E+03    0.0000E+00    0.0000E+00    0.0000E+00    0.0000E+00
    7.9300E+03    0.0000E+00    0.0000E+00    0.0000E+00    0.0000E+00
    7.9500E+03    0.0000E+00    0.0000E+00    0.0000E+00    0.0000E+00
    7.9700E+03    0.0000E+00    0.0000E+00    0.0000E+00    0.0000E+00
    7.9900E+03    0.0000E+00    0.0000E+00    0.0000E+00    0.0000E+00
    8.0100E+03    0.0000E+00    0.0000E+00    0.0000E+00    0.0000E+00
    8.0300E+03    0.0000E+00    0.0000E+00    0.0000E+00    0.0000E+00
    8.0500E+03    0.0000E+00    0.0000E+00    0.0000E+00    0.0000E+00
    8.0700E+03    0.0000E+00    0.0000E+00    0.0000E+00    0.0000E+00
    8.0900E+03    0.0000E+00    0.0000E+00    0.0000E+00    0.0000E+00
    8.1100E+03    0.0000E+00    0.0000E+00    0.0000E+00    0.0000E+00
    8.1300E+03    0.0000E+00    0.0000E+00    0.0000E+00    0.0000E+00
    8.1500E+03    0.0000E+00    0.0000E+00    0.0000E+00    0.0000E+00
    8.1700E+03    0.0000E+00    0.0000E+00    0.0000E+00    0.0000E+00
    8.1900E+03    0.0000E+00    0.0000E+00    0.0000E+00    0.0000E+00
    8.2100E+03    0.0000E+00    0.0000E+00    0.0000E+00    0.0000E+00
    8.2300E+03    0.0000E+00    0.0000E+00    0.0000E+00    0.0000E+00
    8.2500E+03    0.0000E+00    0.0000E+00    0.0000E+00    0.0000E+00
    8.2700E+03    0.0000E+00    0.0000E+00    0.0000E+00    0.0000E+00
    8.2900E+03    0.0000E+00    0.0000E+00    0.0000E+00    0.0000E+00
    8.3100E+03    0.0000E+00    0.0000E+00    0.0000E+00    0.0000E+00
    8.3300E+03    0.0000E+00    0.0000E+00    0.0000E+00    0.0000E+00
    8.3500E+03    2.5124E+20    2.8147E+19    4.1282E+15    5.7981E+12
    8.3700E+03    1.5293E+20    1.7124E+19    2.5126E+15    3.5268E+12
    8.3900E+03    1.7600E+20    1.9726E+19    2.8931E+15    4.0614E+12
    8.4100E+03    2.0421E+20    2.2871E+19    3.3552E+15    4.7106E+12
    8.4300E+03    2.3862E+20    2.6734E+19    3.9222E+15    5.5070E+12
    8.4500E+03    2.8155E+20    3.1535E+19    4.6265E+15    6.4964E+12
    8.4700E+03    3.3531E+20    3.7570E+19    5.5112E+15    7.7392E+12
    8.4900E+03    0.0000E+00    0.0000E+00    0.0000E+00    0.0000E+00
    8.5100E+03    4.0407E+20    4.5262E+19    6.6383E+15    9.3226E+12
    8.5300E+03    0.0000E+00    0.0000E+00    0.0000E+00    0.0000E+00
    8.5500E+03    4.9305E+20    5.5237E+19    8.1016E+15    1.1375E+13
    8.5700E+03    0.0000E+00    0.0000E+00    0.0000E+00    0.0000E+00
    8.5900E+03    0.0000E+00    0.0000E+00    0.0000E+00    0.0000E+00
    8.6100E+03    6.1053E+20    6.8396E+19    1.0033E+16    1.4088E+13
    8.6300E+03    2.2501E+16    2.3143E+15    3.3245E+11    4.6703E+08
    8.6500E+03    0.0000E+00    0.0000E+00    0.0000E+00    0.0000E+00
    8.6700E+03    7.6947E+20    8.6194E+19    1.2642E+16    1.7754E+13
    8.6900E+03    0.0000E+00    0.0000E+00    0.0000E+00    0.0000E+00
    8.7100E+03    0.0000E+00    0.0000E+00    0.0000E+00    0.0000E+00
    8.7300E+03    0.0000E+00    0.0000E+00    0.0000E+00    0.0000E+00
    8.7500E+03    9.8927E+20    1.1083E+20    1.6256E+16    2.2827E+13
    8.7700E+03    0.0000E+00    0.0000E+00    0.0000E+00    0.0000E+00
    8.7900E+03    0.0000E+00    0.0000E+00    0.0000E+00    0.0000E+00
    8.8100E+03    0.0000E+00    0.0000E+00    0.0000E+00    0.0000E+00
    8.8300E+03    0.0000E+00    0.0000E+00    0.0000E+00    0.0000E+00
    8.8500E+03    0.0000E+00    0.0000E+00    0.0000E+00    0.0000E+00
    8.8700E+03    1.3038E+21    1.4606E+20    2.1420E+16    3.0090E+13
    8.8900E+03    0.0000E+00    0.0000E+00    0.0000E+00    0.0000E+00
    8.9100E+03    0.0000E+00    0.0000E+00    0.0000E+00    0.0000E+00
    8.9300E+03    0.0000E+00    0.0000E+00    0.0000E+00    0.0000E+00
    8.9500E+03    0.0000E+00    0.0000E+00    0.0000E+00    0.0000E+00
    8.9700E+03    0.0000E+00    0.0000E+00    0.0000E+00    0.0000E+00
    8.9900E+03    0.0000E+00    0.0000E+00    0.0000E+00    0.0000E+00
    9.0100E+03    0.0000E+00    0.0000E+00    0.0000E+00    0.0000E+00
    9.0300E+03    2.1937E+21    2.4138E+20    3.5369E+16    4.9655E+13
    9.0500E+03    0.0000E+00    0.0000E+00    0.0000E+00    0.0000E+00
    9.0700E+03    7.1390E+17    8.5826E+16    1.2796E+13    1.7969E+10
    9.0900E+03    0.0000E+00    0.0000E+00    0.0000E+00    0.0000E+00
    9.1100E+03    0.0000E+00    0.0000E+00    0.0000E+00    0.0000E+00
    9.1300E+03    0.0000E+00    0.0000E+00    0.0000E+00    0.0000E+00
    9.1500E+03    0.0000E+00    0.0000E+00    0.0000E+00    0.0000E+00
    9.1700E+03    0.0000E+00    0.0000E+00    0.0000E+00    0.0000E+00
    9.1900E+03    0.0000E+00    0.0000E+00    0.0000E+00    0.0000E+00
    9.2100E+03    0.0000E+00    0.0000E+00    0.0000E+00    0.0000E+00
    9.2300E+03    3.1145E+21    3.4217E+20    5.0157E+16    7.0428E+13
    9.2500E+03    0.0000E+00    0.0000E+00    0.0000E+00    0.0000E+00
    9.2700E+03    0.0000E+00    0.0000E+00    0.0000E+00    0.0000E+00
    9.2900E+03    0.0000E+00    0.0000E+00    0.0000E+00    0.0000E+00
    9.3100E+03    0.0000E+00    0.0000E+00    0.0000E+00    0.0000E+00
    9.3300E+03    0.0000E+00    0.0000E+00    0.0000E+00    0.0000E+00
    9.3500E+03    0.0000E+00    0.0000E+00    0.0000E+00    0.0000E+00
    9.3700E+03    0.0000E+00    0.0000E+00    0.0000E+00    0.0000E+00
    9.3900E+03    0.0000E+00    0.0000E+00    0.0000E+00    0.0000E+00
    9.4100E+03    0.0000E+00    0.0000E+00    0.0000E+00    0.0000E+00
    9.4300E+03    0.0000E+00    0.0000E+00    0.0000E+00    0.0000E+00
    9.4500E+03    0.0000E+00    0.0000E+00    0.0000E+00    0.0000E+00
    9.4700E+03    0.0000E+00    0.0000E+00    0.0000E+00    0.0000E+00
    9.4900E+03    0.0000E+00    0.0000E+00    0.0000E+00    0.0000E+00
    9.5100E+03    0.0000E+00    0.0000E+00    0.0000E+00    0.0000E+00
    9.5300E+03    0.0000E+00    0.0000E+00    0.0000E+00    0.0000E+00
    9.5500E+03    4.6534E+21    5.0984E+20    7.4614E+16    1.0478E+14
    9.5700E+03    0.0000E+00    0.0000E+00    0.0000E+00    0.0000E+00
    9.5900E+03    0.0000E+00    0.0000E+00    0.0000E+00    0.0000E+00
    9.6100E+03    0.0000E+00    0.0000E+00    0.0000E+00    0.0000E+00
    9.6300E+03    0.0000E+00    0.0000E+00    0.0000E+00    0.0000E+00
    9.6500E+03    0.0000E+00    0.0000E+00    0.0000E+00    0.0000E+00
    9.6700E+03    0.0000E+00    0.0000E+00    0.0000E+00    0.0000E+00
    9.6900E+03    0.0000E+00    0.0000E+00    0.0000E+00    0.0000E+00
    9.7100E+03    0.0000E+00    0.0000E+00    0.0000E+00    0.0000E+00
    9.7300E+03    0.0000E+00    0.0000E+00    0.0000E+00    0.0000E+00
    9.7500E+03    0.0000E+00    0.0000E+00    0.0000E+00    0.0000E+00
    9.7700E+03    0.0000E+00    0.0000E+00    0.0000E+00    0.0000E+00
    9.7900E+03    0.0000E+00    0.0000E+00    0.0000E+00    0.0000E+00
    9.8100E+03    0.0000E+00    0.0000E+00    0.0000E+00    0.0000E+00
    9.8300E+03    0.0000E+00    0.0000E+00    0.0000E+00    0.0000E+00
    9.8500E+03    0.0000E+00    0.0000E+00    0.0000E+00    0.0000E+00
    9.8700E+03    0.0000E+00    0.0000E+00    0.0000E+00    0.0000E+00
    9.8900E+03    0.0000E+00    0.0000E+00    0.0000E+00    0.0000E+00
    9.9100E+03    0.0000E+00    0.0000E+00    0.0000E+00    0.0000E+00
    9.9300E+03    0.0000E+00    0.0000E+00    0.0000E+00    0.0000E+00
    9.9500E+03    0.0000E+00    0.0000E+00    0.0000E+00    0.0000E+00
    9.9700E+03    0.0000E+00    0.0000E+00    0.0000E+00    0.0000E+00
    9.9900E+03    0.0000E+00    0.0000E+00    0.0000E+00    0.0000E+00
    1.0025E+04    0.0000E+00    0.0000E+00    0.0000E+00    0.0000E+00
    1.0075E+04    0.0000E+00    0.0000E+00    0.0000E+00    0.0000E+00
    1.0125E+04    0.0000E+00    0.0000E+00    0.0000E+00    0.0000E+00
    1.0175E+04    0.0000E+00    0.0000E+00    0.0000E+00    0.0000E+00
    1.0225E+04    0.0000E+00    0.0000E+00    0.0000E+00    0.0000E+00
    1.0275E+04    0.0000E+00    0.0000E+00    0.0000E+00    0.0000E+00
    1.0325E+04    0.0000E+00    0.0000E+00    0.0000E+00    0.0000E+00
    1.0375E+04    0.0000E+00    0.0000E+00    0.0000E+00    0.0000E+00
    1.0425E+04    0.0000E+00    0.0000E+00    0.0000E+00    0.0000E+00
    1.0475E+04    0.0000E+00    0.0000E+00    0.0000E+00    0.0000E+00
    1.0525E+04    0.0000E+00    0.0000E+00    0.0000E+00    0.0000E+00
    1.0575E+04    0.0000E+00    0.0000E+00    0.0000E+00    0.0000E+00
    1.0625E+04    0.0000E+00    0.0000E+00    0.0000E+00    0.0000E+00
    1.0675E+04    0.0000E+00    0.0000E+00    0.0000E+00    0.0000E+00
    1.0725E+04    0.0000E+00    0.0000E+00    0.0000E+00    0.0000E+00
    1.0775E+04    0.0000E+00    0.0000E+00    0.0000E+00    0.0000E+00
    1.0825E+04    0.0000E+00    0.0000E+00    0.0000E+00    0.0000E+00
    1.0875E+04    0.0000E+00    0.0000E+00    0.0000E+00    0.0000E+00
    1.0925E+04    0.0000E+00    0.0000E+00    0.0000E+00    0.0000E+00
    1.0975E+04    0.0000E+00    0.0000E+00    0.0000E+00    0.0000E+00
    1.1025E+04    0.0000E+00    0.0000E+00    0.0000E+00    0.0000E+00
    1.1075E+04    0.0000E+00    0.0000E+00    0.0000E+00    0.0000E+00
    1.1125E+04    0.0000E+00    0.0000E+00    0.0000E+00    0.0000E+00
    1.1175E+04    0.0000E+00    0.0000E+00    0.0000E+00    0.0000E+00
    1.1225E+04    0.0000E+00    0.0000E+00    0.0000E+00    0.0000E+00
    1.1275E+04    0.0000E+00    0.0000E+00    0.0000E+00    0.0000E+00
    1.1325E+04    0.0000E+00    0.0000E+00    0.0000E+00    0.0000E+00
    1.1375E+04    0.0000E+00    0.0000E+00    0.0000E+00    0.0000E+00
    1.1425E+04    0.0000E+00    0.0000E+00    0.0000E+00    0.0000E+00
    1.1475E+04    0.0000E+00    0.0000E+00    0.0000E+00    0.0000E+00
    1.1525E+04    0.0000E+00    0.0000E+00    0.0000E+00    0.0000E+00
    1.1575E+04    0.0000E+00    0.0000E+00    0.0000E+00    0.0000E+00
    1.1625E+04    0.0000E+00    0.0000E+00    0.0000E+00    0.0000E+00
    1.1675E+04    0.0000E+00    0.0000E+00    0.0000E+00    0.0000E+00
    1.1725E+04    0.0000E+00    0.0000E+00    0.0000E+00    0.0000E+00
    1.1775E+04    0.0000E+00    0.0000E+00    0.0000E+00    0.0000E+00
    1.1825E+04    0.0000E+00    0.0000E+00    0.0000E+00    0.0000E+00
    1.1875E+04    0.0000E+00    0.0000E+00    0.0000E+00    0.0000E+00
    1.1925E+04    0.0000E+00    0.0000E+00    0.0000E+00    0.0000E+00
    1.1975E+04    0.0000E+00    0.0000E+00    0.0000E+00    0.0000E+00
    1.2025E+04    0.0000E+00    0.0000E+00    0.0000E+00    0.0000E+00
    1.2075E+04    0.0000E+00    0.0000E+00    0.0000E+00    0.0000E+00
    1.2125E+04    0.0000E+00    0.0000E+00    0.0000E+00    0.0000E+00
    1.2175E+04    0.0000E+00    0.0000E+00    0.0000E+00    0.0000E+00
    1.2225E+04    0.0000E+00    0.0000E+00    0.0000E+00    0.0000E+00
    1.2275E+04    0.0000E+00    0.0000E+00    0.0000E+00    0.0000E+00
    1.2325E+04    0.0000E+00    0.0000E+00    0.0000E+00    0.0000E+00
    1.2375E+04    0.0000E+00    0.0000E+00    0.0000E+00    0.0000E+00
    1.2425E+04    0.0000E+00    0.0000E+00    0.0000E+00    0.0000E+00
    1.2475E+04    0.0000E+00    0.0000E+00    0.0000E+00    0.0000E+00
    1.2525E+04    0.0000E+00    0.0000E+00    0.0000E+00    0.0000E+00
    1.2575E+04    0.0000E+00    0.0000E+00    0.0000E+00    0.0000E+00
    1.2625E+04    0.0000E+00    0.0000E+00    0.0000E+00    0.0000E+00
    1.2675E+04    0.0000E+00    0.0000E+00    0.0000E+00    0.0000E+00
    1.2725E+04    0.0000E+00    0.0000E+00    0.0000E+00    0.0000E+00
    1.2775E+04    0.0000E+00    0.0000E+00    0.0000E+00    0.0000E+00
    1.2825E+04    0.0000E+00    0.0000E+00    0.0000E+00    0.0000E+00
    1.2875E+04    0.0000E+00    0.0000E+00    0.0000E+00    0.0000E+00
    1.2925E+04    0.0000E+00    0.0000E+00    0.0000E+00    0.0000E+00
    1.2975E+04    0.0000E+00    0.0000E+00    0.0000E+00    0.0000E+00
    1.3025E+04    0.0000E+00    0.0000E+00    0.0000E+00    0.0000E+00
    1.3075E+04    0.0000E+00    0.0000E+00    0.0000E+00    0.0000E+00
    1.3125E+04    0.0000E+00    0.0000E+00    0.0000E+00    0.0000E+00
    1.3175E+04    0.0000E+00    0.0000E+00    0.0000E+00    0.0000E+00
    1.3225E+04    0.0000E+00    0.0000E+00    0.0000E+00    0.0000E+00
    1.3275E+04    0.0000E+00    0.0000E+00    0.0000E+00    0.0000E+00
    1.3325E+04    0.0000E+00    0.0000E+00    0.0000E+00    0.0000E+00
    1.3375E+04    0.0000E+00    0.0000E+00    0.0000E+00    0.0000E+00
    1.3425E+04    0.0000E+00    0.0000E+00    0.0000E+00    0.0000E+00
    1.3475E+04    0.0000E+00    0.0000E+00    0.0000E+00    0.0000E+00
    1.3525E+04    0.0000E+00    0.0000E+00    0.0000E+00    0.0000E+00
    1.3575E+04    0.0000E+00    0.0000E+00    0.0000E+00    0.0000E+00
    1.3625E+04    0.0000E+00    0.0000E+00    0.0000E+00    0.0000E+00
    1.3675E+04    0.0000E+00    0.0000E+00    0.0000E+00    0.0000E+00
    1.3725E+04    0.0000E+00    0.0000E+00    0.0000E+00    0.0000E+00
    1.3775E+04    0.0000E+00    0.0000E+00    0.0000E+00    0.0000E+00
    1.3825E+04    0.0000E+00    0.0000E+00    0.0000E+00    0.0000E+00
    1.3875E+04    0.0000E+00    0.0000E+00    0.0000E+00    0.0000E+00
    1.3925E+04    0.0000E+00    0.0000E+00    0.0000E+00    0.0000E+00
    1.3975E+04    0.0000E+00    0.0000E+00    0.0000E+00    0.0000E+00
    1.4025E+04    0.0000E+00    0.0000E+00    0.0000E+00    0.0000E+00
    1.4075E+04    0.0000E+00    0.0000E+00    0.0000E+00    0.0000E+00
    1.4125E+04    0.0000E+00    0.0000E+00    0.0000E+00    0.0000E+00
    1.4175E+04    0.0000E+00    0.0000E+00    0.0000E+00    0.0000E+00
    1.4225E+04    0.0000E+00    0.0000E+00    0.0000E+00    0.0000E+00
    1.4275E+04    0.0000E+00    0.0000E+00    0.0000E+00    0.0000E+00
    1.4325E+04    0.0000E+00    0.0000E+00    0.0000E+00    0.0000E+00
    1.4375E+04    0.0000E+00    0.0000E+00    0.0000E+00    0.0000E+00
    1.4425E+04    0.0000E+00    0.0000E+00    0.0000E+00    0.0000E+00
    1.4475E+04    0.0000E+00    0.0000E+00    0.0000E+00    0.0000E+00
    1.4525E+04    0.0000E+00    0.0000E+00    0.0000E+00    0.0000E+00
    1.4570E+04    0.0000E+00    0.0000E+00    0.0000E+00    0.0000E+00
    1.4620E+04    0.0000E+00    0.0000E+00    0.0000E+00    0.0000E+00
    1.4675E+04    0.0000E+00    0.0000E+00    0.0000E+00    0.0000E+00
    1.4725E+04    0.0000E+00    0.0000E+00    0.0000E+00    0.0000E+00
    1.4775E+04    0.0000E+00    0.0000E+00    0.0000E+00    0.0000E+00
    1.4825E+04    0.0000E+00    0.0000E+00    0.0000E+00    0.0000E+00
    1.4875E+04    0.0000E+00    0.0000E+00    0.0000E+00    0.0000E+00
    1.4925E+04    0.0000E+00    0.0000E+00    0.0000E+00    0.0000E+00
    1.4975E+04    0.0000E+00    0.0000E+00    0.0000E+00    0.0000E+00
    1.5025E+04    0.0000E+00    0.0000E+00    0.0000E+00    0.0000E+00
    1.5075E+04    0.0000E+00    0.0000E+00    0.0000E+00    0.0000E+00
    1.5125E+04    0.0000E+00    0.0000E+00    0.0000E+00    0.0000E+00
    1.5175E+04    0.0000E+00    0.0000E+00    0.0000E+00    0.0000E+00
    1.5225E+04    0.0000E+00    0.0000E+00    0.0000E+00    0.0000E+00
    1.5275E+04    0.0000E+00    0.0000E+00    0.0000E+00    0.0000E+00
    1.5325E+04    0.0000E+00    0.0000E+00    0.0000E+00    0.0000E+00
    1.5375E+04    0.0000E+00    0.0000E+00    0.0000E+00    0.0000E+00
    1.5425E+04    0.0000E+00    0.0000E+00    0.0000E+00    0.0000E+00
    1.5475E+04    0.0000E+00    0.0000E+00    0.0000E+00    0.0000E+00
    1.5525E+04    0.0000E+00    0.0000E+00    0.0000E+00    0.0000E+00
    1.5575E+04    0.0000E+00    0.0000E+00    0.0000E+00    0.0000E+00
    1.5625E+04    0.0000E+00    0.0000E+00    0.0000E+00    0.0000E+00
    1.5675E+04    0.0000E+00    0.0000E+00    0.0000E+00    0.0000E+00
    1.5725E+04    0.0000E+00    0.0000E+00    0.0000E+00    0.0000E+00
    1.5775E+04    0.0000E+00    0.0000E+00    0.0000E+00    0.0000E+00
    1.5825E+04    0.0000E+00    0.0000E+00    0.0000E+00    0.0000E+00
    1.5875E+04    0.0000E+00    0.0000E+00    0.0000E+00    0.0000E+00
    1.5925E+04    0.0000E+00    0.0000E+00    0.0000E+00    0.0000E+00
    1.5975E+04    0.0000E+00    0.0000E+00    0.0000E+00    0.0000E+00
    1.6050E+04    0.0000E+00    0.0000E+00    0.0000E+00    0.0000E+00
    1.6150E+04    0.0000E+00    0.0000E+00    0.0000E+00    0.0000E+00
    1.6250E+04    0.0000E+00    0.0000E+00    0.0000E+00    0.0000E+00
    1.6350E+04    0.0000E+00    0.0000E+00    0.0000E+00    0.0000E+00
    1.6450E+04    0.0000E+00    0.0000E+00    0.0000E+00    0.0000E+00
    1.6550E+04    0.0000E+00    0.0000E+00    0.0000E+00    0.0000E+00
    1.6650E+04    0.0000E+00    0.0000E+00    0.0000E+00    0.0000E+00
    1.6750E+04    0.0000E+00    0.0000E+00    0.0000E+00    0.0000E+00
    1.6850E+04    0.0000E+00    0.0000E+00    0.0000E+00    0.0000E+00
    1.6950E+04    0.0000E+00    0.0000E+00    0.0000E+00    0.0000E+00
    1.7050E+04    0.0000E+00    0.0000E+00    0.0000E+00    0.0000E+00
    1.7150E+04    0.0000E+00    0.0000E+00    0.0000E+00    0.0000E+00
    1.7250E+04    0.0000E+00    0.0000E+00    0.0000E+00    0.0000E+00
    1.7350E+04    0.0000E+00    0.0000E+00    0.0000E+00    0.0000E+00
    1.7450E+04    0.0000E+00    0.0000E+00    0.0000E+00    0.0000E+00
    1.7550E+04    0.0000E+00    0.0000E+00    0.0000E+00    0.0000E+00
    1.7650E+04    0.0000E+00    0.0000E+00    0.0000E+00    0.0000E+00
    1.7750E+04    0.0000E+00    0.0000E+00    0.0000E+00    0.0000E+00
    1.7850E+04    0.0000E+00    0.0000E+00    0.0000E+00    0.0000E+00
    1.7950E+04    0.0000E+00    0.0000E+00    0.0000E+00    0.0000E+00
    1.8050E+04    0.0000E+00    0.0000E+00    0.0000E+00    0.0000E+00
    1.8150E+04    0.0000E+00    0.0000E+00    0.0000E+00    0.0000E+00
    1.8250E+04    0.0000E+00    0.0000E+00    0.0000E+00    0.0000E+00
    1.8350E+04    0.0000E+00    0.0000E+00    0.0000E+00    0.0000E+00
    1.8450E+04    0.0000E+00    0.0000E+00    0.0000E+00    0.0000E+00
    1.8550E+04    0.0000E+00    0.0000E+00    0.0000E+00    0.0000E+00
    1.8650E+04    0.0000E+00    0.0000E+00    0.0000E+00    0.0000E+00
    1.8750E+04    0.0000E+00    0.0000E+00    0.0000E+00    0.0000E+00
    1.8850E+04    0.0000E+00    0.0000E+00    0.0000E+00    0.0000E+00
    1.8950E+04    0.0000E+00    0.0000E+00    0.0000E+00    0.0000E+00
    1.9050E+04    0.0000E+00    0.0000E+00    0.0000E+00    0.0000E+00
    1.9150E+04    0.0000E+00    0.0000E+00    0.0000E+00    0.0000E+00
    1.9250E+04    0.0000E+00    0.0000E+00    0.0000E+00    0.0000E+00
    1.9350E+04    0.0000E+00    0.0000E+00    0.0000E+00    0.0000E+00
    1.9450E+04    0.0000E+00    0.0000E+00    0.0000E+00    0.0000E+00
    1.9550E+04    0.0000E+00    0.0000E+00    0.0000E+00    0.0000E+00
    1.9650E+04    0.0000E+00    0.0000E+00    0.0000E+00    0.0000E+00
    1.9750E+04    0.0000E+00    0.0000E+00    0.0000E+00    0.0000E+00
    1.9850E+04    0.0000E+00    0.0000E+00    0.0000E+00    0.0000E+00
    1.9950E+04    0.0000E+00    0.0000E+00    0.0000E+00    0.0000E+00
    2.0050E+04    0.0000E+00    0.0000E+00    0.0000E+00    0.0000E+00
    2.0150E+04    0.0000E+00    0.0000E+00    0.0000E+00    0.0000E+00
    2.0250E+04    0.0000E+00    0.0000E+00    0.0000E+00    0.0000E+00
    2.0350E+04    0.0000E+00    0.0000E+00    0.0000E+00    0.0000E+00
    2.0450E+04    0.0000E+00    0.0000E+00    0.0000E+00    0.0000E+00
    2.0550E+04    0.0000E+00    0.0000E+00    0.0000E+00    0.0000E+00
    2.0650E+04    0.0000E+00    0.0000E+00    0.0000E+00    0.0000E+00
    2.0750E+04    0.0000E+00    0.0000E+00    0.0000E+00    0.0000E+00
    2.0850E+04    0.0000E+00    0.0000E+00    0.0000E+00    0.0000E+00
    2.0950E+04    0.0000E+00    0.0000E+00    0.0000E+00    0.0000E+00
    2.1050E+04    0.0000E+00    0.0000E+00    0.0000E+00    0.0000E+00
    2.1150E+04    0.0000E+00    0.0000E+00    0.0000E+00    0.0000E+00
    2.1250E+04    0.0000E+00    0.0000E+00    0.0000E+00    0.0000E+00
    2.1350E+04    0.0000E+00    0.0000E+00    0.0000E+00    0.0000E+00
    2.1450E+04    0.0000E+00    0.0000E+00    0.0000E+00    0.0000E+00
    2.1550E+04    0.0000E+00    0.0000E+00    0.0000E+00    0.0000E+00
    2.1650E+04    0.0000E+00    0.0000E+00    0.0000E+00    0.0000E+00
    2.1750E+04    0.0000E+00    0.0000E+00    0.0000E+00    0.0000E+00
    2.1850E+04    0.0000E+00    0.0000E+00    0.0000E+00    0.0000E+00
    2.1950E+04    0.0000E+00    0.0000E+00    0.0000E+00    0.0000E+00
    2.2050E+04    0.0000E+00    0.0000E+00    0.0000E+00    0.0000E+00
    2.2150E+04    0.0000E+00    0.0000E+00    0.0000E+00    0.0000E+00
    2.2250E+04    0.0000E+00    0.0000E+00    0.0000E+00    0.0000E+00
    2.2350E+04    0.0000E+00    0.0000E+00    0.0000E+00    0.0000E+00
    2.2450E+04    0.0000E+00    0.0000E+00    0.0000E+00    0.0000E+00
    2.2550E+04    0.0000E+00    0.0000E+00    0.0000E+00    0.0000E+00
    2.2650E+04    0.0000E+00    0.0000E+00    0.0000E+00    0.0000E+00
    2.2750E+04    0.0000E+00    0.0000E+00    0.0000E+00    0.0000E+00
    2.2850E+04    0.0000E+00    0.0000E+00    0.0000E+00    0.0000E+00
    2.2950E+04    0.0000E+00    0.0000E+00    0.0000E+00    0.0000E+00
    2.3050E+04    0.0000E+00    0.0000E+00    0.0000E+00    0.0000E+00
    2.3150E+04    0.0000E+00    0.0000E+00    0.0000E+00    0.0000E+00
    2.3250E+04    0.0000E+00    0.0000E+00    0.0000E+00    0.0000E+00
    2.3350E+04    0.0000E+00    0.0000E+00    0.0000E+00    0.0000E+00
    2.3450E+04    0.0000E+00    0.0000E+00    0.0000E+00    0.0000E+00
    2.3550E+04    0.0000E+00    0.0000E+00    0.0000E+00    0.0000E+00
    2.3650E+04    0.0000E+00    0.0000E+00    0.0000E+00    0.0000E+00
    2.3750E+04    0.0000E+00    0.0000E+00    0.0000E+00    0.0000E+00
    2.3850E+04    0.0000E+00    0.0000E+00    0.0000E+00    0.0000E+00
    2.3950E+04    0.0000E+00    0.0000E+00    0.0000E+00    0.0000E+00
    2.4050E+04    0.0000E+00    0.0000E+00    0.0000E+00    0.0000E+00
    2.4150E+04    0.0000E+00    0.0000E+00    0.0000E+00    0.0000E+00
    2.4250E+04    0.0000E+00    0.0000E+00    0.0000E+00    0.0000E+00
    2.4350E+04    0.0000E+00    0.0000E+00    0.0000E+00    0.0000E+00
    2.4450E+04    0.0000E+00    0.0000E+00    0.0000E+00    0.0000E+00
    2.4550E+04    0.0000E+00    0.0000E+00    0.0000E+00    0.0000E+00
    2.4650E+04    0.0000E+00    0.0000E+00    0.0000E+00    0.0000E+00
    2.4750E+04    0.0000E+00    0.0000E+00    0.0000E+00    0.0000E+00
    2.4850E+04    0.0000E+00    0.0000E+00    0.0000E+00    0.0000E+00
    2.4950E+04    0.0000E+00    0.0000E+00    0.0000E+00    0.0000E+00
    2.5050E+04    0.0000E+00    0.0000E+00    0.0000E+00    0.0000E+00
    2.5150E+04    0.0000E+00    0.0000E+00    0.0000E+00    0.0000E+00
    2.5250E+04    0.0000E+00    0.0000E+00    0.0000E+00    0.0000E+00
    2.5350E+04    0.0000E+00    0.0000E+00    0.0000E+00    0.0000E+00
    2.5450E+04    0.0000E+00    0.0000E+00    0.0000E+00    0.0000E+00
    2.5550E+04    0.0000E+00    0.0000E+00    0.0000E+00    0.0000E+00
    2.5650E+04    0.0000E+00    0.0000E+00    0.0000E+00    0.0000E+00
    2.5750E+04    0.0000E+00    0.0000E+00    0.0000E+00    0.0000E+00
    2.5850E+04    0.0000E+00    0.0000E+00    0.0000E+00    0.0000E+00
    2.5950E+04    0.0000E+00    0.0000E+00    0.0000E+00    0.0000E+00
    2.6050E+04    0.0000E+00    0.0000E+00    0.0000E+00    0.0000E+00
    2.6150E+04    0.0000E+00    0.0000E+00    0.0000E+00    0.0000E+00
    2.6250E+04    0.0000E+00    0.0000E+00    0.0000E+00    0.0000E+00
    2.6350E+04    0.0000E+00    0.0000E+00    0.0000E+00    0.0000E+00
    2.6450E+04    0.0000E+00    0.0000E+00    0.0000E+00    0.0000E+00
    2.6550E+04    0.0000E+00    0.0000E+00    0.0000E+00    0.0000E+00
    2.6650E+04    0.0000E+00    0.0000E+00    0.0000E+00    0.0000E+00
    2.6750E+04    0.0000E+00    0.0000E+00    0.0000E+00    0.0000E+00
    2.6850E+04    0.0000E+00    0.0000E+00    0.0000E+00    0.0000E+00
    2.6950E+04    0.0000E+00    0.0000E+00    0.0000E+00    0.0000E+00
    2.7050E+04    0.0000E+00    0.0000E+00    0.0000E+00    0.0000E+00
    2.7150E+04    0.0000E+00    0.0000E+00    0.0000E+00    0.0000E+00
    2.7250E+04    0.0000E+00    0.0000E+00    0.0000E+00    0.0000E+00
    2.7350E+04    0.0000E+00    0.0000E+00    0.0000E+00    0.0000E+00
    2.7450E+04    0.0000E+00    0.0000E+00    0.0000E+00    0.0000E+00
    2.7550E+04    0.0000E+00    0.0000E+00    0.0000E+00    0.0000E+00
    2.7650E+04    0.0000E+00    0.0000E+00    0.0000E+00    0.0000E+00
    2.7750E+04    0.0000E+00    0.0000E+00    0.0000E+00    0.0000E+00
    2.7850E+04    0.0000E+00    0.0000E+00    0.0000E+00    0.0000E+00
    2.7950E+04    0.0000E+00    0.0000E+00    0.0000E+00    0.0000E+00
    2.8050E+04    0.0000E+00    0.0000E+00    0.0000E+00    0.0000E+00
    2.8150E+04    0.0000E+00    0.0000E+00    0.0000E+00    0.0000E+00
    2.8250E+04    0.0000E+00    0.0000E+00    0.0000E+00    0.0000E+00
    2.8350E+04    0.0000E+00    0.0000E+00    0.0000E+00    0.0000E+00
    2.8450E+04    0.0000E+00    0.0000E+00    0.0000E+00    0.0000E+00
    2.8550E+04    0.0000E+00    0.0000E+00    0.0000E+00    0.0000E+00
    2.8650E+04    0.0000E+00    0.0000E+00    0.0000E+00    0.0000E+00
    2.8750E+04    0.0000E+00    0.0000E+00    0.0000E+00    0.0000E+00
    2.8850E+04    0.0000E+00    0.0000E+00    0.0000E+00    0.0000E+00
    2.8950E+04    0.0000E+00    0.0000E+00    0.0000E+00    0.0000E+00
    2.9050E+04    0.0000E+00    0.0000E+00    0.0000E+00    0.0000E+00
    2.9150E+04    0.0000E+00    0.0000E+00    0.0000E+00    0.0000E+00
    2.9250E+04    0.0000E+00    0.0000E+00    0.0000E+00    0.0000E+00
    2.9350E+04    0.0000E+00    0.0000E+00    0.0000E+00    0.0000E+00
    2.9450E+04    0.0000E+00    0.0000E+00    0.0000E+00    0.0000E+00
    2.9550E+04    0.0000E+00    0.0000E+00    0.0000E+00    0.0000E+00
    2.9650E+04    0.0000E+00    0.0000E+00    0.0000E+00    0.0000E+00
    2.9750E+04    0.0000E+00    0.0000E+00    0.0000E+00    0.0000E+00
    2.9850E+04    0.0000E+00    0.0000E+00    0.0000E+00    0.0000E+00
    2.9950E+04    0.0000E+00    0.0000E+00    0.0000E+00    0.0000E+00
    3.0050E+04    0.0000E+00    0.0000E+00    0.0000E+00    0.0000E+00
    3.0150E+04    0.0000E+00    0.0000E+00    0.0000E+00    0.0000E+00
    3.0250E+04    0.0000E+00    0.0000E+00    0.0000E+00    0.0000E+00
    3.0350E+04    0.0000E+00    0.0000E+00    0.0000E+00    0.0000E+00
    3.0450E+04    0.0000E+00    0.0000E+00    0.0000E+00    0.0000E+00
    3.0550E+04    0.0000E+00    0.0000E+00    0.0000E+00    0.0000E+00
    3.0650E+04    0.0000E+00    0.0000E+00    0.0000E+00    0.0000E+00
    3.0750E+04    0.0000E+00    0.0000E+00    0.0000E+00    0.0000E+00
    3.0850E+04    0.0000E+00    0.0000E+00    0.0000E+00    0.0000E+00
    3.0950E+04    0.0000E+00    0.0000E+00    0.0000E+00    0.0000E+00
    3.1050E+04    0.0000E+00    0.0000E+00    0.0000E+00    0.0000E+00
    3.1150E+04    0.0000E+00    0.0000E+00    0.0000E+00    0.0000E+00
    3.1250E+04    0.0000E+00    0.0000E+00    0.0000E+00    0.0000E+00
    3.1350E+04    0.0000E+00    0.0000E+00    0.0000E+00    0.0000E+00
    3.1450E+04    0.0000E+00    0.0000E+00    0.0000E+00    0.0000E+00
    3.1550E+04    0.0000E+00    0.0000E+00    0.0000E+00    0.0000E+00
    3.1650E+04    0.0000E+00    0.0000E+00    0.0000E+00    0.0000E+00
    3.1750E+04    0.0000E+00    0.0000E+00    0.0000E+00    0.0000E+00
    3.1850E+04    0.0000E+00    0.0000E+00    0.0000E+00    0.0000E+00
    3.1950E+04    0.0000E+00    0.0000E+00    0.0000E+00    0.0000E+00
    3.2100E+04    0.0000E+00    0.0000E+00    0.0000E+00    0.0000E+00
    3.2300E+04    0.0000E+00    0.0000E+00    0.0000E+00    0.0000E+00
    3.2500E+04    0.0000E+00    0.0000E+00    0.0000E+00    0.0000E+00
    3.2700E+04    0.0000E+00    0.0000E+00    0.0000E+00    0.0000E+00
    3.2900E+04    0.0000E+00    0.0000E+00    0.0000E+00    0.0000E+00
    3.3100E+04    0.0000E+00    0.0000E+00    0.0000E+00    0.0000E+00
    3.3300E+04    0.0000E+00    0.0000E+00    0.0000E+00    0.0000E+00
    3.3500E+04    0.0000E+00    0.0000E+00    0.0000E+00    0.0000E+00
    3.3700E+04    0.0000E+00    0.0000E+00    0.0000E+00    0.0000E+00
    3.3900E+04    0.0000E+00    0.0000E+00    0.0000E+00    0.0000E+00
    3.4100E+04    0.0000E+00    0.0000E+00    0.0000E+00    0.0000E+00
    3.4300E+04    0.0000E+00    0.0000E+00    0.0000E+00    0.0000E+00
    3.4500E+04    0.0000E+00    0.0000E+00    0.0000E+00    0.0000E+00
    3.4700E+04    0.0000E+00    0.0000E+00    0.0000E+00    0.0000E+00
    3.4900E+04    0.0000E+00    0.0000E+00    0.0000E+00    0.0000E+00
    3.5100E+04    0.0000E+00    0.0000E+00    0.0000E+00    0.0000E+00
    3.5300E+04    0.0000E+00    0.0000E+00    0.0000E+00    0.0000E+00
    3.5500E+04    0.0000E+00    0.0000E+00    0.0000E+00    0.0000E+00
    3.5700E+04    0.0000E+00    0.0000E+00    0.0000E+00    0.0000E+00
    3.5900E+04    0.0000E+00    0.0000E+00    0.0000E+00    0.0000E+00
    3.6100E+04    0.0000E+00    0.0000E+00    0.0000E+00    0.0000E+00
    3.6300E+04    0.0000E+00    0.0000E+00    0.0000E+00    0.0000E+00
    3.6500E+04    0.0000E+00    0.0000E+00    0.0000E+00    0.0000E+00
    3.6700E+04    0.0000E+00    0.0000E+00    0.0000E+00    0.0000E+00
    3.6900E+04    0.0000E+00    0.0000E+00    0.0000E+00    0.0000E+00
    3.7100E+04    0.0000E+00    0.0000E+00    0.0000E+00    0.0000E+00
    3.7300E+04    0.0000E+00    0.0000E+00    0.0000E+00    0.0000E+00
    3.7500E+04    0.0000E+00    0.0000E+00    0.0000E+00    0.0000E+00
    3.7700E+04    0.0000E+00    0.0000E+00    0.0000E+00    0.0000E+00
    3.7900E+04    0.0000E+00    0.0000E+00    0.0000E+00    0.0000E+00
    3.8100E+04    0.0000E+00    0.0000E+00    0.0000E+00    0.0000E+00
    3.8300E+04    0.0000E+00    0.0000E+00    0.0000E+00    0.0000E+00
    3.8500E+04    0.0000E+00    0.0000E+00    0.0000E+00    0.0000E+00
    3.8700E+04    0.0000E+00    0.0000E+00    0.0000E+00    0.0000E+00
    3.8900E+04    0.0000E+00    0.0000E+00    0.0000E+00    0.0000E+00
    3.9100E+04    0.0000E+00    0.0000E+00    0.0000E+00    0.0000E+00
    3.9300E+04    0.0000E+00    0.0000E+00    0.0000E+00    0.0000E+00
    3.9500E+04    0.0000E+00    0.0000E+00    0.0000E+00    0.0000E+00
    3.9700E+04    0.0000E+00    0.0000E+00    0.0000E+00    0.0000E+00
    3.9900E+04    0.0000E+00    0.0000E+00    0.0000E+00    0.0000E+00
    4.0100E+04    0.0000E+00    0.0000E+00    0.0000E+00    0.0000E+00
    4.0300E+04    0.0000E+00    0.0000E+00    0.0000E+00    0.0000E+00
    4.0500E+04    0.0000E+00    0.0000E+00    0.0000E+00    0.0000E+00
    4.0700E+04    0.0000E+00    0.0000E+00    0.0000E+00    0.0000E+00
    4.0900E+04    0.0000E+00    0.0000E+00    0.0000E+00    0.0000E+00
    4.1100E+04    0.0000E+00    0.0000E+00    0.0000E+00    0.0000E+00
    4.1300E+04    0.0000E+00    0.0000E+00    0.0000E+00    0.0000E+00
    4.1500E+04    0.0000E+00    0.0000E+00    0.0000E+00    0.0000E+00
    4.1700E+04    0.0000E+00    0.0000E+00    0.0000E+00    0.0000E+00
    4.1900E+04    0.0000E+00    0.0000E+00    0.0000E+00    0.0000E+00
    4.2100E+04    0.0000E+00    0.0000E+00    0.0000E+00    0.0000E+00
    4.2300E+04    0.0000E+00    0.0000E+00    0.0000E+00    0.0000E+00
    4.2500E+04    0.0000E+00    0.0000E+00    0.0000E+00    0.0000E+00
    4.2700E+04    0.0000E+00    0.0000E+00    0.0000E+00    0.0000E+00
    4.2900E+04    0.0000E+00    0.0000E+00    0.0000E+00    0.0000E+00
    4.3100E+04    0.0000E+00    0.0000E+00    0.0000E+00    0.0000E+00
    4.3300E+04    0.0000E+00    0.0000E+00    0.0000E+00    0.0000E+00
    4.3500E+04    0.0000E+00    0.0000E+00    0.0000E+00    0.0000E+00
    4.3700E+04    0.0000E+00    0.0000E+00    0.0000E+00    0.0000E+00
    4.3900E+04    0.0000E+00    0.0000E+00    0.0000E+00    0.0000E+00
    4.4100E+04    0.0000E+00    0.0000E+00    0.0000E+00    0.0000E+00
    4.4300E+04    0.0000E+00    0.0000E+00    0.0000E+00    0.0000E+00
    4.4500E+04    0.0000E+00    0.0000E+00    0.0000E+00    0.0000E+00
    4.4700E+04    0.0000E+00    0.0000E+00    0.0000E+00    0.0000E+00
    4.4900E+04    0.0000E+00    0.0000E+00    0.0000E+00    0.0000E+00
    4.5100E+04    0.0000E+00    0.0000E+00    0.0000E+00    0.0000E+00
    4.5300E+04    0.0000E+00    0.0000E+00    0.0000E+00    0.0000E+00
    4.5500E+04    0.0000E+00    0.0000E+00    0.0000E+00    0.0000E+00
    4.5700E+04    0.0000E+00    0.0000E+00    0.0000E+00    0.0000E+00
    4.5900E+04    0.0000E+00    0.0000E+00    0.0000E+00    0.0000E+00
    4.6100E+04    0.0000E+00    0.0000E+00    0.0000E+00    0.0000E+00
    4.6300E+04    0.0000E+00    0.0000E+00    0.0000E+00    0.0000E+00
    4.6500E+04    0.0000E+00    0.0000E+00    0.0000E+00    0.0000E+00
    4.6700E+04    0.0000E+00    0.0000E+00    0.0000E+00    0.0000E+00
    4.6900E+04    0.0000E+00    0.0000E+00    0.0000E+00    0.0000E+00
    4.7100E+04    0.0000E+00    0.0000E+00    0.0000E+00    0.0000E+00
    4.7300E+04    0.0000E+00    0.0000E+00    0.0000E+00    0.0000E+00
    4.7500E+04    0.0000E+00    0.0000E+00    0.0000E+00    0.0000E+00
    4.7700E+04    0.0000E+00    0.0000E+00    0.0000E+00    0.0000E+00
    4.7900E+04    0.0000E+00    0.0000E+00    0.0000E+00    0.0000E+00
    4.8100E+04    0.0000E+00    0.0000E+00    0.0000E+00    0.0000E+00
    4.8300E+04    0.0000E+00    0.0000E+00    0.0000E+00    0.0000E+00
    4.8500E+04    0.0000E+00    0.0000E+00    0.0000E+00    0.0000E+00
    4.8700E+04    0.0000E+00    0.0000E+00    0.0000E+00    0.0000E+00
    4.8900E+04    0.0000E+00    0.0000E+00    0.0000E+00    0.0000E+00
    4.9100E+04    0.0000E+00    0.0000E+00    0.0000E+00    0.0000E+00
    4.9300E+04    0.0000E+00    0.0000E+00    0.0000E+00    0.0000E+00
    4.9500E+04    0.0000E+00    0.0000E+00    0.0000E+00    0.0000E+00
    4.9700E+04    0.0000E+00    0.0000E+00    0.0000E+00    0.0000E+00
    4.9900E+04    0.0000E+00    0.0000E+00    0.0000E+00    0.0000E+00
    5.0100E+04    0.0000E+00    0.0000E+00    0.0000E+00    0.0000E+00
    5.0300E+04    0.0000E+00    0.0000E+00    0.0000E+00    0.0000E+00
    5.0500E+04    0.0000E+00    0.0000E+00    0.0000E+00    0.0000E+00
    5.0700E+04    0.0000E+00    0.0000E+00    0.0000E+00    0.0000E+00
    5.0900E+04    0.0000E+00    0.0000E+00    0.0000E+00    0.0000E+00
    5.1100E+04    0.0000E+00    0.0000E+00    0.0000E+00    0.0000E+00
    5.1300E+04    0.0000E+00    0.0000E+00    0.0000E+00    0.0000E+00
    5.1500E+04    0.0000E+00    0.0000E+00    0.0000E+00    0.0000E+00
    5.1700E+04    0.0000E+00    0.0000E+00    0.0000E+00    0.0000E+00
    5.1900E+04    0.0000E+00    0.0000E+00    0.0000E+00    0.0000E+00
    5.2100E+04    0.0000E+00    0.0000E+00    0.0000E+00    0.0000E+00
    5.2300E+04    0.0000E+00    0.0000E+00    0.0000E+00    0.0000E+00
    5.2500E+04    0.0000E+00    0.0000E+00    0.0000E+00    0.0000E+00
    5.2700E+04    0.0000E+00    0.0000E+00    0.0000E+00    0.0000E+00
    5.2900E+04    0.0000E+00    0.0000E+00    0.0000E+00    0.0000E+00
    5.3100E+04    0.0000E+00    0.0000E+00    0.0000E+00    0.0000E+00
    5.3300E+04    0.0000E+00    0.0000E+00    0.0000E+00    0.0000E+00
    5.3500E+04    0.0000E+00    0.0000E+00    0.0000E+00    0.0000E+00
    5.3700E+04    0.0000E+00    0.0000E+00    0.0000E+00    0.0000E+00
    5.3900E+04    0.0000E+00    0.0000E+00    0.0000E+00    0.0000E+00
    5.4100E+04    0.0000E+00    0.0000E+00    0.0000E+00    0.0000E+00
    5.4300E+04    0.0000E+00    0.0000E+00    0.0000E+00    0.0000E+00
    5.4500E+04    0.0000E+00    0.0000E+00    0.0000E+00    0.0000E+00
    5.4700E+04    0.0000E+00    0.0000E+00    0.0000E+00    0.0000E+00
    5.4900E+04    0.0000E+00    0.0000E+00    0.0000E+00    0.0000E+00
    5.5100E+04    0.0000E+00    0.0000E+00    0.0000E+00    0.0000E+00
    5.5300E+04    0.0000E+00    0.0000E+00    0.0000E+00    0.0000E+00
    5.5500E+04    0.0000E+00    0.0000E+00    0.0000E+00    0.0000E+00
    5.5700E+04    0.0000E+00    0.0000E+00    0.0000E+00    0.0000E+00
    5.5900E+04    0.0000E+00    0.0000E+00    0.0000E+00    0.0000E+00
    5.6100E+04    0.0000E+00    0.0000E+00    0.0000E+00    0.0000E+00
    5.6300E+04    0.0000E+00    0.0000E+00    0.0000E+00    0.0000E+00
    5.6500E+04    0.0000E+00    0.0000E+00    0.0000E+00    0.0000E+00
    5.6700E+04    0.0000E+00    0.0000E+00    0.0000E+00    0.0000E+00
    5.6900E+04    0.0000E+00    0.0000E+00    0.0000E+00    0.0000E+00
    5.7100E+04    0.0000E+00    0.0000E+00    0.0000E+00    0.0000E+00
    5.7300E+04    0.0000E+00    0.0000E+00    0.0000E+00    0.0000E+00
    5.7500E+04    0.0000E+00    0.0000E+00    0.0000E+00    0.0000E+00
    5.7700E+04    0.0000E+00    0.0000E+00    0.0000E+00    0.0000E+00
    5.7900E+04    0.0000E+00    0.0000E+00    0.0000E+00    0.0000E+00
    5.8100E+04    0.0000E+00    0.0000E+00    0.0000E+00    0.0000E+00
    5.8300E+04    0.0000E+00    0.0000E+00    0.0000E+00    0.0000E+00
    5.8500E+04    0.0000E+00    0.0000E+00    0.0000E+00    0.0000E+00
    5.8700E+04    0.0000E+00    0.0000E+00    0.0000E+00    0.0000E+00
    5.8900E+04    0.0000E+00    0.0000E+00    0.0000E+00    0.0000E+00
    5.9100E+04    0.0000E+00    0.0000E+00    0.0000E+00    0.0000E+00
    5.9300E+04    0.0000E+00    0.0000E+00    0.0000E+00    0.0000E+00
    5.9500E+04    0.0000E+00    0.0000E+00    0.0000E+00    0.0000E+00
    5.9700E+04    0.0000E+00    0.0000E+00    0.0000E+00    0.0000E+00
    5.9900E+04    0.0000E+00    0.0000E+00    0.0000E+00    0.0000E+00
    6.0100E+04    0.0000E+00    0.0000E+00    0.0000E+00    0.0000E+00
    6.0300E+04    0.0000E+00    0.0000E+00    0.0000E+00    0.0000E+00
    6.0500E+04    0.0000E+00    0.0000E+00    0.0000E+00    0.0000E+00
    6.0700E+04    0.0000E+00    0.0000E+00    0.0000E+00    0.0000E+00
    6.0900E+04    0.0000E+00    0.0000E+00    0.0000E+00    0.0000E+00
    6.1100E+04    0.0000E+00    0.0000E+00    0.0000E+00    0.0000E+00
    6.1300E+04    0.0000E+00    0.0000E+00    0.0000E+00    0.0000E+00
    6.1500E+04    0.0000E+00    0.0000E+00    0.0000E+00    0.0000E+00
    6.1700E+04    0.0000E+00    0.0000E+00    0.0000E+00    0.0000E+00
    6.1900E+04    0.0000E+00    0.0000E+00    0.0000E+00    0.0000E+00
    6.2100E+04    0.0000E+00    0.0000E+00    0.0000E+00    0.0000E+00
    6.2300E+04    0.0000E+00    0.0000E+00    0.0000E+00    0.0000E+00
    6.2500E+04    0.0000E+00    0.0000E+00    0.0000E+00    0.0000E+00
    6.2700E+04    0.0000E+00    0.0000E+00    0.0000E+00    0.0000E+00
    6.2900E+04    0.0000E+00    0.0000E+00    0.0000E+00    0.0000E+00
    6.3100E+04    0.0000E+00    0.0000E+00    0.0000E+00    0.0000E+00
    6.3300E+04    0.0000E+00    0.0000E+00    0.0000E+00    0.0000E+00
    6.3500E+04    0.0000E+00    0.0000E+00    0.0000E+00    0.0000E+00
    6.3700E+04    0.0000E+00    0.0000E+00    0.0000E+00    0.0000E+00
    6.3900E+04    0.0000E+00    0.0000E+00    0.0000E+00    0.0000E+00
    6.4200E+04    0.0000E+00    0.0000E+00    0.0000E+00    0.0000E+00
    6.4600E+04    0.0000E+00    0.0000E+00    0.0000E+00    0.0000E+00
    6.5000E+04    0.0000E+00    0.0000E+00    0.0000E+00    0.0000E+00
    6.5400E+04    0.0000E+00    0.0000E+00    0.0000E+00    0.0000E+00
    6.5800E+04    0.0000E+00    0.0000E+00    0.0000E+00    0.0000E+00
    6.6200E+04    0.0000E+00    0.0000E+00    0.0000E+00    0.0000E+00
    6.6600E+04    0.0000E+00    0.0000E+00    0.0000E+00    0.0000E+00
    6.7000E+04    0.0000E+00    0.0000E+00    0.0000E+00    0.0000E+00
    6.7400E+04    0.0000E+00    0.0000E+00    0.0000E+00    0.0000E+00
    6.7800E+04    0.0000E+00    0.0000E+00    0.0000E+00    0.0000E+00
    6.8200E+04    0.0000E+00    0.0000E+00    0.0000E+00    0.0000E+00
    6.8600E+04    0.0000E+00    0.0000E+00    0.0000E+00    0.0000E+00
    6.9000E+04    0.0000E+00    0.0000E+00    0.0000E+00    0.0000E+00
    6.9400E+04    0.0000E+00    0.0000E+00    0.0000E+00    0.0000E+00
    6.9800E+04    0.0000E+00    0.0000E+00    0.0000E+00    0.0000E+00
    7.0200E+04    0.0000E+00    0.0000E+00    0.0000E+00    0.0000E+00
    7.0600E+04    0.0000E+00    0.0000E+00    0.0000E+00    0.0000E+00
    7.1000E+04    0.0000E+00    0.0000E+00    0.0000E+00    0.0000E+00
    7.1400E+04    0.0000E+00    0.0000E+00    0.0000E+00    0.0000E+00
    7.1800E+04    0.0000E+00    0.0000E+00    0.0000E+00    0.0000E+00
    7.2200E+04    0.0000E+00    0.0000E+00    0.0000E+00    0.0000E+00
    7.2600E+04    0.0000E+00    0.0000E+00    0.0000E+00    0.0000E+00
    7.3000E+04    0.0000E+00    0.0000E+00    0.0000E+00    0.0000E+00
    7.3400E+04    0.0000E+00    0.0000E+00    0.0000E+00    0.0000E+00
    7.3800E+04    0.0000E+00    0.0000E+00    0.0000E+00    0.0000E+00
    7.4200E+04    0.0000E+00    0.0000E+00    0.0000E+00    0.0000E+00
    7.4600E+04    0.0000E+00    0.0000E+00    0.0000E+00    0.0000E+00
    7.5000E+04    0.0000E+00    0.0000E+00    0.0000E+00    0.0000E+00
    7.5400E+04    0.0000E+00    0.0000E+00    0.0000E+00    0.0000E+00
    7.5800E+04    0.0000E+00    0.0000E+00    0.0000E+00    0.0000E+00
    7.6200E+04    0.0000E+00    0.0000E+00    0.0000E+00    0.0000E+00
    7.6600E+04    0.0000E+00    0.0000E+00    0.0000E+00    0.0000E+00
    7.7000E+04    0.0000E+00    0.0000E+00    0.0000E+00    0.0000E+00
    7.7400E+04    0.0000E+00    0.0000E+00    0.0000E+00    0.0000E+00
    7.7800E+04    0.0000E+00    0.0000E+00    0.0000E+00    0.0000E+00
    7.8200E+04    0.0000E+00    0.0000E+00    0.0000E+00    0.0000E+00
    7.8600E+04    0.0000E+00    0.0000E+00    0.0000E+00    0.0000E+00
    7.9000E+04    0.0000E+00    0.0000E+00    0.0000E+00    0.0000E+00
    7.9400E+04    0.0000E+00    0.0000E+00    0.0000E+00    0.0000E+00
    7.9800E+04    0.0000E+00    0.0000E+00    0.0000E+00    0.0000E+00
    8.0200E+04    0.0000E+00    0.0000E+00    0.0000E+00    0.0000E+00
    8.0600E+04    0.0000E+00    0.0000E+00    0.0000E+00    0.0000E+00
    8.1000E+04    0.0000E+00    0.0000E+00    0.0000E+00    0.0000E+00
    8.1400E+04    0.0000E+00    0.0000E+00    0.0000E+00    0.0000E+00
    8.1800E+04    0.0000E+00    0.0000E+00    0.0000E+00    0.0000E+00
    8.2200E+04    0.0000E+00    0.0000E+00    0.0000E+00    0.0000E+00
    8.2600E+04    0.0000E+00    0.0000E+00    0.0000E+00    0.0000E+00
    8.3000E+04    0.0000E+00    0.0000E+00    0.0000E+00    0.0000E+00
    8.3400E+04    0.0000E+00    0.0000E+00    0.0000E+00    0.0000E+00
    8.3800E+04    0.0000E+00    0.0000E+00    0.0000E+00    0.0000E+00
    8.4200E+04    0.0000E+00    0.0000E+00    0.0000E+00    0.0000E+00
    8.4600E+04    0.0000E+00    0.0000E+00    0.0000E+00    0.0000E+00
    8.5000E+04    0.0000E+00    0.0000E+00    0.0000E+00    0.0000E+00
    8.5400E+04    0.0000E+00    0.0000E+00    0.0000E+00    0.0000E+00
    8.5800E+04    0.0000E+00    0.0000E+00    0.0000E+00    0.0000E+00
    8.6200E+04    0.0000E+00    0.0000E+00    0.0000E+00    0.0000E+00
    8.6600E+04    0.0000E+00    0.0000E+00    0.0000E+00    0.0000E+00
    8.7000E+04    0.0000E+00    0.0000E+00    0.0000E+00    0.0000E+00
    8.7400E+04    0.0000E+00    0.0000E+00    0.0000E+00    0.0000E+00
    8.7800E+04    0.0000E+00    0.0000E+00    0.0000E+00    0.0000E+00
    8.8200E+04    0.0000E+00    0.0000E+00    0.0000E+00    0.0000E+00
    8.8600E+04    0.0000E+00    0.0000E+00    0.0000E+00    0.0000E+00
    8.9000E+04    0.0000E+00    0.0000E+00    0.0000E+00    0.0000E+00
    8.9400E+04    0.0000E+00    0.0000E+00    0.0000E+00    0.0000E+00
    8.9800E+04    0.0000E+00    0.0000E+00    0.0000E+00    0.0000E+00
    9.0200E+04    0.0000E+00    0.0000E+00    0.0000E+00    0.0000E+00
    9.0600E+04    0.0000E+00    0.0000E+00    0.0000E+00    0.0000E+00
    9.1000E+04    0.0000E+00    0.0000E+00    0.0000E+00    0.0000E+00
    9.1400E+04    0.0000E+00    0.0000E+00    0.0000E+00    0.0000E+00
    9.1800E+04    0.0000E+00    0.0000E+00    0.0000E+00    0.0000E+00
    9.2200E+04    0.0000E+00    0.0000E+00    0.0000E+00    0.0000E+00
    9.2600E+04    0.0000E+00    0.0000E+00    0.0000E+00    0.0000E+00
    9.3000E+04    0.0000E+00    0.0000E+00    0.0000E+00    0.0000E+00
    9.3400E+04    0.0000E+00    0.0000E+00    0.0000E+00    0.0000E+00
    9.3800E+04    0.0000E+00    0.0000E+00    0.0000E+00    0.0000E+00
    9.4200E+04    0.0000E+00    0.0000E+00    0.0000E+00    0.0000E+00
    9.4600E+04    0.0000E+00    0.0000E+00    0.0000E+00    0.0000E+00
    9.5000E+04    0.0000E+00    0.0000E+00    0.0000E+00    0.0000E+00
    9.5400E+04    0.0000E+00    0.0000E+00    0.0000E+00    0.0000E+00
    9.5800E+04    0.0000E+00    0.0000E+00    0.0000E+00    0.0000E+00
    9.6200E+04    0.0000E+00    0.0000E+00    0.0000E+00    0.0000E+00
    9.6600E+04    0.0000E+00    0.0000E+00    0.0000E+00    0.0000E+00
    9.7000E+04    0.0000E+00    0.0000E+00    0.0000E+00    0.0000E+00
    9.7400E+04    0.0000E+00    0.0000E+00    0.0000E+00    0.0000E+00
    9.7800E+04    0.0000E+00    0.0000E+00    0.0000E+00    0.0000E+00
    9.8200E+04    0.0000E+00    0.0000E+00    0.0000E+00    0.0000E+00
    9.8600E+04    0.0000E+00    0.0000E+00    0.0000E+00    0.0000E+00
    9.9000E+04    0.0000E+00    0.0000E+00    0.0000E+00    0.0000E+00
    9.9400E+04    0.0000E+00    0.0000E+00    0.0000E+00    0.0000E+00
    9.9800E+04    0.0000E+00    0.0000E+00    0.0000E+00    0.0000E+00
    1.0020E+05    0.0000E+00    0.0000E+00    0.0000E+00    0.0000E+00
    2.0000E+05    0.0000E+00    0.0000E+00    0.0000E+00    0.0000E+00
    4.0000E+05    0.0000E+00    0.0000E+00    0.0000E+00    0.0000E+00
    6.0000E+05    0.0000E+00    0.0000E+00    0.0000E+00    0.0000E+00
    8.0000E+05    0.0000E+00    0.0000E+00    0.0000E+00    0.0000E+00
    1.0000E+06    0.0000E+00    0.0000E+00    0.0000E+00    0.0000E+00
    1.2000E+06    0.0000E+00    0.0000E+00    0.0000E+00    0.0000E+00
    1.4000E+06    0.0000E+00    0.0000E+00    0.0000E+00    0.0000E+00
    1.6000E+06    0.0000E+00    0.0000E+00    0.0000E+00    0.0000E+00
