    9.0900E+01    0.0000E+00    0.0000E+00    0.0000E+00    0.0000E+00
    9.3500E+01    0.0000E+00    0.0000E+00    0.0000E+00    0.0000E+00
    9.6100E+01    0.0000E+00    0.0000E+00    0.0000E+00    0.0000E+00
    9.7700E+01    0.0000E+00    0.0000E+00    0.0000E+00    0.0000E+00
    9.9600E+01    0.0000E+00    0.0000E+00    0.0000E+00    0.0000E+00
    1.0200E+02    0.0000E+00    0.0000E+00    0.0000E+00    0.0000E+00
    1.0380E+02    0.0000E+00    0.0000E+00    0.0000E+00    0.0000E+00
    1.0560E+02    0.0000E+00    0.0000E+00    0.0000E+00    0.0000E+00
    1.0770E+02    0.0000E+00    0.0000E+00    0.0000E+00    0.0000E+00
    1.1040E+02    0.0000E+00    0.0000E+00    0.0000E+00    0.0000E+00
    1.1400E+02    0.0000E+00    0.0000E+00    0.0000E+00    0.0000E+00
    1.1780E+02    0.0000E+00    0.0000E+00    0.0000E+00    0.0000E+00
    1.2130E+02    0.0000E+00    0.0000E+00    0.0000E+00    0.0000E+00
    1.2480E+02    0.0000E+00    0.0000E+00    0.0000E+00    0.0000E+00
    1.2710E+02    0.0000E+00    0.0000E+00    0.0000E+00    0.0000E+00
    1.2840E+02    0.0000E+00    0.0000E+00    0.0000E+00    0.0000E+00
    1.3050E+02    0.0000E+00    0.0000E+00    0.0000E+00    0.0000E+00
    1.3240E+02    0.0000E+00    0.0000E+00    0.0000E+00    0.0000E+00
    1.3390E+02    0.0000E+00    0.0000E+00    0.0000E+00    0.0000E+00
    1.3660E+02    0.0000E+00    0.0000E+00    0.0000E+00    0.0000E+00
    1.3980E+02    0.0000E+00    0.0000E+00    0.0000E+00    0.0000E+00
    1.4330E+02    0.0000E+00    0.0000E+00    0.0000E+00    0.0000E+00
    1.4720E+02    0.0000E+00    0.0000E+00    0.0000E+00    0.0000E+00
    1.5100E+02    0.0000E+00    0.0000E+00    0.0000E+00    0.0000E+00
    1.5520E+02    0.0000E+00    0.0000E+00    0.0000E+00    0.0000E+00
    1.5880E+02    0.0000E+00    0.0000E+00    0.0000E+00    0.0000E+00
    1.6200E+02    0.0000E+00    0.0000E+00    0.0000E+00    0.0000E+00
    1.6600E+02    0.0000E+00    0.0000E+00    0.0000E+00    0.0000E+00
    1.7030E+02    0.0000E+00    0.0000E+00    0.0000E+00    0.0000E+00
    1.7340E+02    0.0000E+00    0.0000E+00    0.0000E+00    0.0000E+00
    1.7680E+02    0.0000E+00    0.0000E+00    0.0000E+00    0.0000E+00
    1.8020E+02    0.0000E+00    0.0000E+00    0.0000E+00    0.0000E+00
    1.8170E+02    0.0000E+00    0.0000E+00    0.0000E+00    0.0000E+00
    1.8610E+02    0.0000E+00    0.0000E+00    0.0000E+00    0.0000E+00
    1.9100E+02    0.0000E+00    0.0000E+00    0.0000E+00    0.0000E+00
    1.9390E+02    0.0000E+00    0.0000E+00    0.0000E+00    0.0000E+00
    1.9840E+02    0.0000E+00    0.0000E+00    0.0000E+00    0.0000E+00
    2.0180E+02    0.0000E+00    0.0000E+00    0.0000E+00    0.0000E+00
    2.0500E+02    0.0000E+00    0.0000E+00    0.0000E+00    0.0000E+00
    2.1050E+02    0.0000E+00    0.0000E+00    0.0000E+00    0.0000E+00
    2.1620E+02    0.0000E+00    0.0000E+00    0.0000E+00    0.0000E+00
    2.1980E+02    0.0000E+00    0.0000E+00    0.0000E+00    0.0000E+00
    2.2300E+02    0.0000E+00    0.0000E+00    0.0000E+00    0.0000E+00
    2.2680E+02    0.0000E+00    0.0000E+00    0.0000E+00    0.0000E+00
    2.3000E+02    0.0000E+00    0.0000E+00    0.0000E+00    0.0000E+00
    2.3400E+02    0.0000E+00    0.0000E+00    0.0000E+00    0.0000E+00
    2.4000E+02    0.0000E+00    0.0000E+00    0.0000E+00    0.0000E+00
    2.4650E+02    0.0000E+00    0.0000E+00    0.0000E+00    0.0000E+00
    2.5240E+02    0.0000E+00    0.0000E+00    0.0000E+00    0.0000E+00
    2.5680E+02    0.0000E+00    0.0000E+00    0.0000E+00    0.0000E+00
    2.6000E+02    0.0000E+00    0.0000E+00    0.0000E+00    0.0000E+00
    2.6400E+02    0.0000E+00    0.0000E+00    0.0000E+00    0.0000E+00
    2.6850E+02    0.0000E+00    0.0000E+00    0.0000E+00    0.0000E+00
    2.7350E+02    0.0000E+00    0.0000E+00    0.0000E+00    0.0000E+00
    2.7850E+02    0.0000E+00    0.0000E+00    0.0000E+00    0.0000E+00
    2.8400E+02    0.0000E+00    0.0000E+00    0.0000E+00    0.0000E+00
    2.9000E+02    0.0000E+00    0.0000E+00    0.0000E+00    0.0000E+00
    2.9600E+02    0.0000E+00    0.0000E+00    0.0000E+00    0.0000E+00
    3.0100E+02    0.0000E+00    0.0000E+00    0.0000E+00    0.0000E+00
    3.0800E+02    0.0000E+00    0.0000E+00    0.0000E+00    0.0000E+00
    3.1800E+02    0.0000E+00    0.0000E+00    0.0000E+00    0.0000E+00
    3.2800E+02    0.0000E+00    0.0000E+00    0.0000E+00    0.0000E+00
    3.3800E+02    0.0000E+00    0.0000E+00    0.0000E+00    0.0000E+00
    3.4800E+02    0.0000E+00    0.0000E+00    0.0000E+00    0.0000E+00
    3.5700E+02    0.0000E+00    0.0000E+00    0.0000E+00    0.0000E+00
    3.6600E+02    0.0000E+00    0.0000E+00    0.0000E+00    0.0000E+00
    3.7500E+02    0.0000E+00    0.0000E+00    0.0000E+00    0.0000E+00
    3.8500E+02    0.0000E+00    0.0000E+00    0.0000E+00    0.0000E+00
    3.9500E+02    0.0000E+00    0.0000E+00    0.0000E+00    0.0000E+00
    4.0500E+02    0.0000E+00    0.0000E+00    0.0000E+00    0.0000E+00
    4.1400E+02    0.0000E+00    0.0000E+00    0.0000E+00    0.0000E+00
    4.2200E+02    0.0000E+00    0.0000E+00    0.0000E+00    0.0000E+00
    4.3000E+02    0.0000E+00    0.0000E+00    0.0000E+00    0.0000E+00
    4.4100E+02    0.0000E+00    0.0000E+00    0.0000E+00    0.0000E+00
    4.5100E+02    0.0000E+00    0.0000E+00    0.0000E+00    0.0000E+00
    4.6000E+02    0.0000E+00    0.0000E+00    0.0000E+00    0.0000E+00
    4.7000E+02    0.0000E+00    0.0000E+00    0.0000E+00    0.0000E+00
    4.8000E+02    0.0000E+00    0.0000E+00    0.0000E+00    0.0000E+00
    4.9000E+02    0.0000E+00    0.0000E+00    0.0000E+00    0.0000E+00
    5.0000E+02    0.0000E+00    0.0000E+00    0.0000E+00    0.0000E+00
    5.0600E+02    0.0000E+00    0.0000E+00    0.0000E+00    0.0000E+00
    5.1200E+02    0.0000E+00    0.0000E+00    0.0000E+00    0.0000E+00
    5.2000E+02    0.0000E+00    0.0000E+00    0.0000E+00    0.0000E+00
    5.3000E+02    0.0000E+00    0.0000E+00    0.0000E+00    0.0000E+00
    5.4000E+02    0.0000E+00    0.0000E+00    0.0000E+00    0.0000E+00
    5.5000E+02    0.0000E+00    0.0000E+00    0.0000E+00    0.0000E+00
    5.6000E+02    0.0000E+00    0.0000E+00    0.0000E+00    0.0000E+00
    5.7000E+02    0.0000E+00    0.0000E+00    0.0000E+00    0.0000E+00
    5.8000E+02    0.0000E+00    0.0000E+00    0.0000E+00    0.0000E+00
    5.9000E+02    0.0000E+00    0.0000E+00    0.0000E+00    0.0000E+00
    6.0000E+02    0.0000E+00    0.0000E+00    0.0000E+00    0.0000E+00
    6.1000E+02    0.0000E+00    0.0000E+00    0.0000E+00    0.0000E+00
    6.2000E+02    0.0000E+00    0.0000E+00    0.0000E+00    0.0000E+00
    6.3000E+02    0.0000E+00    0.0000E+00    0.0000E+00    0.0000E+00
    6.4000E+02    0.0000E+00    0.0000E+00    0.0000E+00    0.0000E+00
    6.5000E+02    0.0000E+00    0.0000E+00    0.0000E+00    0.0000E+00
    6.5800E+02    0.0000E+00    0.0000E+00    0.0000E+00    0.0000E+00
    6.6500E+02    0.0000E+00    0.0000E+00    0.0000E+00    0.0000E+00
    6.7500E+02    0.0000E+00    0.0000E+00    0.0000E+00    0.0000E+00
    6.8500E+02    0.0000E+00    0.0000E+00    0.0000E+00    0.0000E+00
    6.9500E+02    0.0000E+00    0.0000E+00    0.0000E+00    0.0000E+00
    7.0500E+02    0.0000E+00    0.0000E+00    0.0000E+00    0.0000E+00
    7.1600E+02    0.0000E+00    0.0000E+00    0.0000E+00    0.0000E+00
    7.2600E+02    0.0000E+00    0.0000E+00    0.0000E+00    0.0000E+00
    7.3500E+02    0.0000E+00    0.0000E+00    0.0000E+00    0.0000E+00
    7.4500E+02    0.0000E+00    0.0000E+00    0.0000E+00    0.0000E+00
    7.5500E+02    0.0000E+00    0.0000E+00    0.0000E+00    0.0000E+00
    7.6500E+02    0.0000E+00    0.0000E+00    0.0000E+00    0.0000E+00
    7.7500E+02    0.0000E+00    0.0000E+00    0.0000E+00    0.0000E+00
    7.8500E+02    0.0000E+00    0.0000E+00    0.0000E+00    0.0000E+00
    7.9500E+02    0.0000E+00    0.0000E+00    0.0000E+00    0.0000E+00
    8.0500E+02    0.0000E+00    0.0000E+00    0.0000E+00    0.0000E+00
    8.1500E+02    0.0000E+00    0.0000E+00    0.0000E+00    0.0000E+00
    8.2500E+02    0.0000E+00    0.0000E+00    0.0000E+00    0.0000E+00
    8.3500E+02    0.0000E+00    0.0000E+00    0.0000E+00    0.0000E+00
    8.4500E+02    0.0000E+00    0.0000E+00    0.0000E+00    0.0000E+00
    8.5500E+02    0.0000E+00    0.0000E+00    0.0000E+00    0.0000E+00
    8.6500E+02    0.0000E+00    0.0000E+00    0.0000E+00    0.0000E+00
    8.7500E+02    0.0000E+00    0.0000E+00    0.0000E+00    0.0000E+00
    8.8500E+02    0.0000E+00    0.0000E+00    0.0000E+00    0.0000E+00
    8.9500E+02    0.0000E+00    0.0000E+00    0.0000E+00    0.0000E+00
    9.0500E+02    0.0000E+00    0.0000E+00    0.0000E+00    0.0000E+00
    9.1500E+02    0.0000E+00    0.0000E+00    0.0000E+00    0.0000E+00
    9.2500E+02    0.0000E+00    0.0000E+00    0.0000E+00    0.0000E+00
    9.3500E+02    0.0000E+00    0.0000E+00    0.0000E+00    0.0000E+00
    9.4500E+02    0.0000E+00    0.0000E+00    0.0000E+00    0.0000E+00
    9.5500E+02    0.0000E+00    0.0000E+00    0.0000E+00    0.0000E+00
    9.6500E+02    0.0000E+00    0.0000E+00    0.0000E+00    0.0000E+00
    9.7500E+02    0.0000E+00    0.0000E+00    0.0000E+00    0.0000E+00
    9.8500E+02    0.0000E+00    0.0000E+00    0.0000E+00    0.0000E+00
    9.9500E+02    0.0000E+00    0.0000E+00    0.0000E+00    0.0000E+00
    1.0050E+03    0.0000E+00    0.0000E+00    0.0000E+00    0.0000E+00
    1.0150E+03    0.0000E+00    0.0000E+00    0.0000E+00    0.0000E+00
    1.0250E+03    0.0000E+00    0.0000E+00    0.0000E+00    0.0000E+00
    1.0350E+03    0.0000E+00    0.0000E+00    0.0000E+00    0.0000E+00
    1.0450E+03    0.0000E+00    0.0000E+00    0.0000E+00    0.0000E+00
    1.0550E+03    0.0000E+00    0.0000E+00    0.0000E+00    0.0000E+00
    1.0650E+03    0.0000E+00    0.0000E+00    0.0000E+00    0.0000E+00
    1.0750E+03    0.0000E+00    0.0000E+00    0.0000E+00    0.0000E+00
    1.0850E+03    0.0000E+00    0.0000E+00    0.0000E+00    0.0000E+00
    1.0950E+03    0.0000E+00    0.0000E+00    0.0000E+00    0.0000E+00
    1.1050E+03    0.0000E+00    0.0000E+00    0.0000E+00    0.0000E+00
    1.1150E+03    0.0000E+00    0.0000E+00    0.0000E+00    0.0000E+00
    1.1250E+03    0.0000E+00    0.0000E+00    0.0000E+00    0.0000E+00
    1.1350E+03    0.0000E+00    0.0000E+00    0.0000E+00    0.0000E+00
    1.1450E+03    0.0000E+00    0.0000E+00    0.0000E+00    0.0000E+00
    1.1550E+03    0.0000E+00    0.0000E+00    0.0000E+00    0.0000E+00
    1.1650E+03    0.0000E+00    0.0000E+00    0.0000E+00    0.0000E+00
    1.1750E+03    0.0000E+00    0.0000E+00    0.0000E+00    0.0000E+00
    1.1850E+03    0.0000E+00    0.0000E+00    0.0000E+00    0.0000E+00
    1.1950E+03    0.0000E+00    0.0000E+00    0.0000E+00    0.0000E+00
    1.2050E+03    0.0000E+00    0.0000E+00    0.0000E+00    0.0000E+00
    1.2150E+03    0.0000E+00    0.0000E+00    0.0000E+00    0.0000E+00
    1.2250E+03    5.9301E+29    3.2313E+30    3.2877E+30    3.2793E+30
    1.2350E+03    0.0000E+00    0.0000E+00    0.0000E+00    0.0000E+00
    1.2450E+03    0.0000E+00    0.0000E+00    0.0000E+00    0.0000E+00
    1.2550E+03    0.0000E+00    0.0000E+00    0.0000E+00    0.0000E+00
    1.2650E+03    2.4588E+25    2.2292E+26    3.9714E+26    4.8684E+26
    1.2750E+03    0.0000E+00    0.0000E+00    0.0000E+00    0.0000E+00
    1.2850E+03    0.0000E+00    0.0000E+00    0.0000E+00    0.0000E+00
    1.2950E+03    0.0000E+00    0.0000E+00    0.0000E+00    0.0000E+00
    1.3050E+03    0.0000E+00    0.0000E+00    0.0000E+00    0.0000E+00
    1.3150E+03    5.2988E+24    4.8697E+25    8.7708E+25    1.1853E+26
    1.3250E+03    0.0000E+00    0.0000E+00    0.0000E+00    0.0000E+00
    1.3350E+03    2.1974E+25    1.9851E+26    3.4327E+26    4.1854E+26
    1.3450E+03    0.0000E+00    0.0000E+00    0.0000E+00    0.0000E+00
    1.3550E+03    0.0000E+00    0.0000E+00    0.0000E+00    0.0000E+00
    1.3650E+03    0.0000E+00    0.0000E+00    0.0000E+00    0.0000E+00
    1.3750E+03    0.0000E+00    0.0000E+00    0.0000E+00    0.0000E+00
    1.3850E+03    0.0000E+00    0.0000E+00    0.0000E+00    0.0000E+00
    1.3950E+03    0.0000E+00    0.0000E+00    0.0000E+00    0.0000E+00
    1.4050E+03    9.9253E+25    7.2719E+26    1.0270E+27    1.1469E+27
    1.4150E+03    0.0000E+00    0.0000E+00    0.0000E+00    0.0000E+00
    1.4250E+03    0.0000E+00    0.0000E+00    0.0000E+00    0.0000E+00
    1.4350E+03    0.0000E+00    0.0000E+00    0.0000E+00    0.0000E+00
    1.4420E+03    0.0000E+00    0.0000E+00    0.0000E+00    0.0000E+00
    1.4470E+03    0.0000E+00    0.0000E+00    0.0000E+00    0.0000E+00
    1.4550E+03    0.0000E+00    0.0000E+00    0.0000E+00    0.0000E+00
    1.4650E+03    0.0000E+00    0.0000E+00    0.0000E+00    0.0000E+00
    1.4750E+03    0.0000E+00    0.0000E+00    0.0000E+00    0.0000E+00
    1.4850E+03    0.0000E+00    0.0000E+00    0.0000E+00    0.0000E+00
    1.4950E+03    8.0188E+25    4.1291E+26    4.1443E+26    4.0926E+26
    1.5050E+03    0.0000E+00    0.0000E+00    0.0000E+00    0.0000E+00
    1.5120E+03    0.0000E+00    0.0000E+00    0.0000E+00    0.0000E+00
    1.5170E+03    0.0000E+00    0.0000E+00    0.0000E+00    0.0000E+00
    1.5250E+03    0.0000E+00    0.0000E+00    0.0000E+00    0.0000E+00
    1.5350E+03    7.6716E+24    6.8826E+25    1.2213E+26    1.6470E+26
    1.5450E+03    0.0000E+00    0.0000E+00    0.0000E+00    0.0000E+00
    1.5550E+03    1.2435E+27    6.2175E+27    6.6858E+27    6.8299E+27
    1.5650E+03    0.0000E+00    0.0000E+00    0.0000E+00    0.0000E+00
    1.5750E+03    0.0000E+00    0.0000E+00    0.0000E+00    0.0000E+00
    1.5850E+03    0.0000E+00    0.0000E+00    0.0000E+00    0.0000E+00
    1.5950E+03    0.0000E+00    0.0000E+00    0.0000E+00    0.0000E+00
    1.6050E+03    0.0000E+00    0.0000E+00    0.0000E+00    0.0000E+00
    1.6150E+03    0.0000E+00    0.0000E+00    0.0000E+00    0.0000E+00
    1.6250E+03    0.0000E+00    0.0000E+00    0.0000E+00    0.0000E+00
    1.6350E+03    0.0000E+00    0.0000E+00    0.0000E+00    0.0000E+00
    1.6450E+03    3.3507E+26    1.1705E+27    1.1613E+27    1.1512E+27
    1.6550E+03    0.0000E+00    0.0000E+00    0.0000E+00    0.0000E+00
    1.6650E+03    1.5194E+26    8.4662E+26    8.5611E+26    8.4735E+26
    1.6720E+03    1.2392E+25    1.1263E+26    1.9645E+26    2.5910E+26
    1.6770E+03    0.0000E+00    0.0000E+00    0.0000E+00    0.0000E+00
    1.6850E+03    0.0000E+00    0.0000E+00    0.0000E+00    0.0000E+00
    1.6950E+03    0.0000E+00    0.0000E+00    0.0000E+00    0.0000E+00
    1.7050E+03    0.0000E+00    0.0000E+00    0.0000E+00    0.0000E+00
    1.7150E+03    0.0000E+00    0.0000E+00    0.0000E+00    0.0000E+00
    1.7250E+03    0.0000E+00    0.0000E+00    0.0000E+00    0.0000E+00
    1.7350E+03    0.0000E+00    0.0000E+00    0.0000E+00    0.0000E+00
    1.7450E+03    0.0000E+00    0.0000E+00    0.0000E+00    0.0000E+00
    1.7550E+03    2.0655E+25    1.4020E+26    1.4421E+26    1.4367E+26
    1.7650E+03    0.0000E+00    0.0000E+00    0.0000E+00    0.0000E+00
    1.7750E+03    0.0000E+00    0.0000E+00    0.0000E+00    0.0000E+00
    1.7850E+03    0.0000E+00    0.0000E+00    0.0000E+00    0.0000E+00
    1.7950E+03    1.6864E+25    1.5223E+26    2.7305E+26    3.8371E+26
    1.8050E+03    0.0000E+00    0.0000E+00    0.0000E+00    0.0000E+00
    1.8150E+03    6.2007E+24    4.1273E+25    5.2516E+25    7.1581E+25
    1.8250E+03    0.0000E+00    0.0000E+00    0.0000E+00    0.0000E+00
    1.8350E+03    0.0000E+00    0.0000E+00    0.0000E+00    0.0000E+00
    1.8450E+03    0.0000E+00    0.0000E+00    0.0000E+00    0.0000E+00
    1.8550E+03    0.0000E+00    0.0000E+00    0.0000E+00    0.0000E+00
    1.8650E+03    5.4109E+24    4.1955E+25    6.0848E+25    7.0285E+25
    1.8750E+03    0.0000E+00    0.0000E+00    0.0000E+00    0.0000E+00
    1.8850E+03    0.0000E+00    0.0000E+00    0.0000E+00    0.0000E+00
    1.8950E+03    1.0926E+26    7.3420E+26    7.5992E+26    7.5847E+26
    1.9050E+03    0.0000E+00    0.0000E+00    0.0000E+00    0.0000E+00
    1.9150E+03    3.7388E+26    2.4544E+27    2.5149E+27    2.4987E+27
    1.9250E+03    0.0000E+00    0.0000E+00    0.0000E+00    0.0000E+00
    1.9350E+03    0.0000E+00    0.0000E+00    0.0000E+00    0.0000E+00
    1.9450E+03    0.0000E+00    0.0000E+00    0.0000E+00    0.0000E+00
    1.9550E+03    0.0000E+00    0.0000E+00    0.0000E+00    0.0000E+00
    1.9670E+03    0.0000E+00    0.0000E+00    0.0000E+00    0.0000E+00
    1.9760E+03    0.0000E+00    0.0000E+00    0.0000E+00    0.0000E+00
    1.9840E+03    0.0000E+00    0.0000E+00    0.0000E+00    0.0000E+00
    1.9950E+03    0.0000E+00    0.0000E+00    0.0000E+00    0.0000E+00
    2.0050E+03    0.0000E+00    0.0000E+00    0.0000E+00    0.0000E+00
    2.0150E+03    0.0000E+00    0.0000E+00    0.0000E+00    0.0000E+00
    2.0250E+03    0.0000E+00    0.0000E+00    0.0000E+00    0.0000E+00
    2.0350E+03    0.0000E+00    0.0000E+00    0.0000E+00    0.0000E+00
    2.0450E+03    0.0000E+00    0.0000E+00    0.0000E+00    0.0000E+00
    2.0550E+03    0.0000E+00    0.0000E+00    0.0000E+00    0.0000E+00
    2.0650E+03    0.0000E+00    0.0000E+00    0.0000E+00    0.0000E+00
    2.0740E+03    0.0000E+00    0.0000E+00    0.0000E+00    0.0000E+00
    2.0780E+03    0.0000E+00    0.0000E+00    0.0000E+00    0.0000E+00
    2.0850E+03    0.0000E+00    0.0000E+00    0.0000E+00    0.0000E+00
    2.0950E+03    0.0000E+00    0.0000E+00    0.0000E+00    0.0000E+00
    2.1050E+03    0.0000E+00    0.0000E+00    0.0000E+00    0.0000E+00
    2.1150E+03    0.0000E+00    0.0000E+00    0.0000E+00    0.0000E+00
    2.1250E+03    0.0000E+00    0.0000E+00    0.0000E+00    0.0000E+00
    2.1350E+03    0.0000E+00    0.0000E+00    0.0000E+00    0.0000E+00
    2.1450E+03    1.1018E+24    6.7269E+24    6.9361E+24    6.9346E+24
    2.1550E+03    0.0000E+00    0.0000E+00    0.0000E+00    0.0000E+00
    2.1650E+03    0.0000E+00    0.0000E+00    0.0000E+00    0.0000E+00
    2.1750E+03    0.0000E+00    0.0000E+00    0.0000E+00    0.0000E+00
    2.1850E+03    0.0000E+00    0.0000E+00    0.0000E+00    0.0000E+00
    2.1950E+03    0.0000E+00    0.0000E+00    0.0000E+00    0.0000E+00
    2.2050E+03    0.0000E+00    0.0000E+00    0.0000E+00    0.0000E+00
    2.2150E+03    0.0000E+00    0.0000E+00    0.0000E+00    0.0000E+00
    2.2250E+03    0.0000E+00    0.0000E+00    0.0000E+00    0.0000E+00
    2.2350E+03    0.0000E+00    0.0000E+00    0.0000E+00    0.0000E+00
    2.2450E+03    0.0000E+00    0.0000E+00    0.0000E+00    0.0000E+00
    2.2550E+03    0.0000E+00    0.0000E+00    0.0000E+00    0.0000E+00
    2.2650E+03    0.0000E+00    0.0000E+00    0.0000E+00    0.0000E+00
    2.2750E+03    0.0000E+00    0.0000E+00    0.0000E+00    0.0000E+00
    2.2850E+03    0.0000E+00    0.0000E+00    0.0000E+00    0.0000E+00
    2.2950E+03    0.0000E+00    0.0000E+00    0.0000E+00    0.0000E+00
    2.3050E+03    0.0000E+00    0.0000E+00    0.0000E+00    0.0000E+00
    2.3150E+03    0.0000E+00    0.0000E+00    0.0000E+00    0.0000E+00
    2.3250E+03    0.0000E+00    0.0000E+00    0.0000E+00    0.0000E+00
    2.3350E+03    1.8136E+25    1.1432E+26    1.1849E+26    1.1871E+26
    2.3450E+03    0.0000E+00    0.0000E+00    0.0000E+00    0.0000E+00
    2.3550E+03    0.0000E+00    0.0000E+00    0.0000E+00    0.0000E+00
    2.3650E+03    0.0000E+00    0.0000E+00    0.0000E+00    0.0000E+00
    2.3750E+03    0.0000E+00    0.0000E+00    0.0000E+00    0.0000E+00
    2.3850E+03    0.0000E+00    0.0000E+00    0.0000E+00    0.0000E+00
    2.3950E+03    0.0000E+00    0.0000E+00    0.0000E+00    0.0000E+00
    2.4050E+03    3.2096E+25    2.4002E+26    3.2324E+26    4.2492E+26
    2.4150E+03    0.0000E+00    0.0000E+00    0.0000E+00    0.0000E+00
    2.4250E+03    0.0000E+00    0.0000E+00    0.0000E+00    0.0000E+00
    2.4350E+03    0.0000E+00    0.0000E+00    0.0000E+00    0.0000E+00
    2.4450E+03    0.0000E+00    0.0000E+00    0.0000E+00    0.0000E+00
    2.4550E+03    0.0000E+00    0.0000E+00    0.0000E+00    0.0000E+00
    2.4650E+03    0.0000E+00    0.0000E+00    0.0000E+00    0.0000E+00
    2.4750E+03    2.3895E+24    1.4956E+25    1.5432E+25    1.5425E+25
    2.4850E+03    0.0000E+00    0.0000E+00    0.0000E+00    0.0000E+00
    2.4950E+03    0.0000E+00    0.0000E+00    0.0000E+00    0.0000E+00
    2.5050E+03    0.0000E+00    0.0000E+00    0.0000E+00    0.0000E+00
    2.5130E+03    0.0000E+00    0.0000E+00    0.0000E+00    0.0000E+00
    2.5180E+03    0.0000E+00    0.0000E+00    0.0000E+00    0.0000E+00
    2.5250E+03    0.0000E+00    0.0000E+00    0.0000E+00    0.0000E+00
    2.5350E+03    0.0000E+00    0.0000E+00    0.0000E+00    0.0000E+00
    2.5450E+03    0.0000E+00    0.0000E+00    0.0000E+00    0.0000E+00
    2.5550E+03    0.0000E+00    0.0000E+00    0.0000E+00    0.0000E+00
    2.5650E+03    0.0000E+00    0.0000E+00    0.0000E+00    0.0000E+00
    2.5750E+03    1.8512E+25    1.0524E+26    1.0686E+26    1.0601E+26
    2.5850E+03    0.0000E+00    0.0000E+00    0.0000E+00    0.0000E+00
    2.5950E+03    0.0000E+00    0.0000E+00    0.0000E+00    0.0000E+00
    2.6050E+03    0.0000E+00    0.0000E+00    0.0000E+00    0.0000E+00
    2.6150E+03    0.0000E+00    0.0000E+00    0.0000E+00    0.0000E+00
    2.6250E+03    0.0000E+00    0.0000E+00    0.0000E+00    0.0000E+00
    2.6350E+03    0.0000E+00    0.0000E+00    0.0000E+00    0.0000E+00
    2.6450E+03    0.0000E+00    0.0000E+00    0.0000E+00    0.0000E+00
    2.6550E+03    0.0000E+00    0.0000E+00    0.0000E+00    0.0000E+00
    2.6650E+03    9.5746E+24    6.1599E+25    6.3943E+25    6.3964E+25
    2.6750E+03    0.0000E+00    0.0000E+00    0.0000E+00    0.0000E+00
    2.6850E+03    0.0000E+00    0.0000E+00    0.0000E+00    0.0000E+00
    2.6950E+03    0.0000E+00    0.0000E+00    0.0000E+00    0.0000E+00
    2.7050E+03    0.0000E+00    0.0000E+00    0.0000E+00    0.0000E+00
    2.7150E+03    0.0000E+00    0.0000E+00    0.0000E+00    0.0000E+00
    2.7250E+03    0.0000E+00    0.0000E+00    0.0000E+00    0.0000E+00
    2.7350E+03    0.0000E+00    0.0000E+00    0.0000E+00    0.0000E+00
    2.7450E+03    0.0000E+00    0.0000E+00    0.0000E+00    0.0000E+00
    2.7550E+03    0.0000E+00    0.0000E+00    0.0000E+00    0.0000E+00
    2.7650E+03    0.0000E+00    0.0000E+00    0.0000E+00    0.0000E+00
    2.7750E+03    0.0000E+00    0.0000E+00    0.0000E+00    0.0000E+00
    2.7850E+03    0.0000E+00    0.0000E+00    0.0000E+00    0.0000E+00
    2.7950E+03    0.0000E+00    0.0000E+00    0.0000E+00    0.0000E+00
    2.8050E+03    1.2027E+26    7.5322E+26    9.3181E+26    1.0861E+27
    2.8150E+03    0.0000E+00    0.0000E+00    0.0000E+00    0.0000E+00
    2.8250E+03    0.0000E+00    0.0000E+00    0.0000E+00    0.0000E+00
    2.8350E+03    4.7426E+26    2.7753E+27    2.8430E+27    2.8348E+27
    2.8450E+03    1.3280E+26    7.5576E+26    7.6787E+26    7.6174E+26
    2.8550E+03    2.0151E+24    1.2552E+25    1.5761E+25    1.8327E+25
    2.8650E+03    0.0000E+00    0.0000E+00    0.0000E+00    0.0000E+00
    2.8750E+03    0.0000E+00    0.0000E+00    0.0000E+00    0.0000E+00
    2.8850E+03    0.0000E+00    0.0000E+00    0.0000E+00    0.0000E+00
    2.8950E+03    0.0000E+00    0.0000E+00    0.0000E+00    0.0000E+00
    2.9100E+03    0.0000E+00    0.0000E+00    0.0000E+00    0.0000E+00
    2.9300E+03    0.0000E+00    0.0000E+00    0.0000E+00    0.0000E+00
    2.9500E+03    8.1493E+26    4.7807E+27    4.8993E+27    4.8879E+27
    2.9700E+03    0.0000E+00    0.0000E+00    0.0000E+00    0.0000E+00
    2.9900E+03    0.0000E+00    0.0000E+00    0.0000E+00    0.0000E+00
    3.0100E+03    0.0000E+00    0.0000E+00    0.0000E+00    0.0000E+00
    3.0300E+03    0.0000E+00    0.0000E+00    0.0000E+00    0.0000E+00
    3.0500E+03    0.0000E+00    0.0000E+00    0.0000E+00    0.0000E+00
    3.0700E+03    0.0000E+00    0.0000E+00    0.0000E+00    0.0000E+00
    3.0900E+03    0.0000E+00    0.0000E+00    0.0000E+00    0.0000E+00
    3.1100E+03    5.6563E+25    3.2339E+26    3.2898E+26    3.2635E+26
    3.1300E+03    0.0000E+00    0.0000E+00    0.0000E+00    0.0000E+00
    3.1500E+03    0.0000E+00    0.0000E+00    0.0000E+00    0.0000E+00
    3.1700E+03    0.0000E+00    0.0000E+00    0.0000E+00    0.0000E+00
    3.1900E+03    1.8158E+27    1.0651E+28    1.0916E+28    1.0891E+28
    3.2100E+03    1.3681E+25    4.6733E+25    4.6413E+25    4.6067E+25
    3.2300E+03    0.0000E+00    0.0000E+00    0.0000E+00    0.0000E+00
    3.2500E+03    0.0000E+00    0.0000E+00    0.0000E+00    0.0000E+00
    3.2700E+03    0.0000E+00    0.0000E+00    0.0000E+00    0.0000E+00
    3.2900E+03    0.0000E+00    0.0000E+00    0.0000E+00    0.0000E+00
    3.3100E+03    0.0000E+00    0.0000E+00    0.0000E+00    0.0000E+00
    3.3300E+03    0.0000E+00    0.0000E+00    0.0000E+00    0.0000E+00
    3.3500E+03    0.0000E+00    0.0000E+00    0.0000E+00    0.0000E+00
    3.3700E+03    0.0000E+00    0.0000E+00    0.0000E+00    0.0000E+00
    3.3900E+03    0.0000E+00    0.0000E+00    0.0000E+00    0.0000E+00
    3.4100E+03    0.0000E+00    0.0000E+00    0.0000E+00    0.0000E+00
    3.4300E+03    0.0000E+00    0.0000E+00    0.0000E+00    0.0000E+00
    3.4500E+03    0.0000E+00    0.0000E+00    0.0000E+00    0.0000E+00
    3.4700E+03    0.0000E+00    0.0000E+00    0.0000E+00    0.0000E+00
    3.4900E+03    0.0000E+00    0.0000E+00    0.0000E+00    0.0000E+00
    3.5100E+03    0.0000E+00    0.0000E+00    0.0000E+00    0.0000E+00
    3.5300E+03    0.0000E+00    0.0000E+00    0.0000E+00    0.0000E+00
    3.5500E+03    0.0000E+00    0.0000E+00    0.0000E+00    0.0000E+00
    3.5700E+03    0.0000E+00    0.0000E+00    0.0000E+00    0.0000E+00
    3.5900E+03    0.0000E+00    0.0000E+00    0.0000E+00    0.0000E+00
    3.6100E+03    0.0000E+00    0.0000E+00    0.0000E+00    0.0000E+00
    3.6300E+03    0.0000E+00    0.0000E+00    0.0000E+00    0.0000E+00
    3.6400E+03    0.0000E+00    0.0000E+00    0.0000E+00    0.0000E+00
    3.6500E+03    0.0000E+00    0.0000E+00    0.0000E+00    0.0000E+00
    3.6700E+03    0.0000E+00    0.0000E+00    0.0000E+00    0.0000E+00
    3.6900E+03    1.2312E+27    7.3657E+27    7.5853E+27    7.5681E+27
    3.7100E+03    1.2202E+27    7.2990E+27    7.5166E+27    7.5004E+27
    3.7300E+03    1.4591E+27    8.7612E+27    9.0241E+27    9.0066E+27
    3.7500E+03    2.0744E+27    1.2409E+28    1.2781E+28    1.2752E+28
    3.7700E+03    0.0000E+00    0.0000E+00    0.0000E+00    0.0000E+00
    3.7900E+03    1.5257E+27    9.1284E+27    9.4013E+27    9.3781E+27
    3.8100E+03    2.5490E+27    1.5093E+28    1.5540E+28    1.5555E+28
    3.8300E+03    5.4220E+26    3.1898E+27    3.2633E+27    3.2544E+27
    3.8500E+03    3.5671E+27    2.1113E+28    2.1780E+28    2.1825E+28
    3.8700E+03    2.1236E+26    1.2188E+27    1.2402E+27    1.2319E+27
    3.8900E+03    1.0483E+28    6.1578E+28    6.3251E+28    6.3252E+28
    3.9100E+03    0.0000E+00    0.0000E+00    0.0000E+00    0.0000E+00
    3.9300E+03    0.0000E+00    0.0000E+00    0.0000E+00    0.0000E+00
    3.9500E+03    0.0000E+00    0.0000E+00    0.0000E+00    0.0000E+00
    3.9700E+03    8.6838E+27    5.0943E+28    5.2461E+28    5.2540E+28
    3.9900E+03    0.0000E+00    0.0000E+00    0.0000E+00    0.0000E+00
    4.0100E+03    0.0000E+00    0.0000E+00    0.0000E+00    0.0000E+00
    4.0300E+03    1.0370E+27    6.0956E+27    6.2393E+27    6.2206E+27
    4.0500E+03    0.0000E+00    0.0000E+00    0.0000E+00    0.0000E+00
    4.0700E+03    2.7846E+24    1.6496E+25    1.7015E+25    1.7066E+25
    4.0900E+03    4.6100E+24    2.7307E+25    2.8169E+25    2.8252E+25
    4.1100E+03    1.3733E+28    8.0254E+28    8.2854E+28    8.3046E+28
    4.1300E+03    0.0000E+00    0.0000E+00    0.0000E+00    0.0000E+00
    4.1500E+03    0.0000E+00    0.0000E+00    0.0000E+00    0.0000E+00
    4.1700E+03    0.0000E+00    0.0000E+00    0.0000E+00    0.0000E+00
    4.1900E+03    0.0000E+00    0.0000E+00    0.0000E+00    0.0000E+00
    4.2100E+03    0.0000E+00    0.0000E+00    0.0000E+00    0.0000E+00
    4.2300E+03    0.0000E+00    0.0000E+00    0.0000E+00    0.0000E+00
    4.2500E+03    0.0000E+00    0.0000E+00    0.0000E+00    0.0000E+00
    4.2700E+03    0.0000E+00    0.0000E+00    0.0000E+00    0.0000E+00
    4.2900E+03    0.0000E+00    0.0000E+00    0.0000E+00    0.0000E+00
    4.3100E+03    1.6501E+25    1.7697E+26    2.6229E+26    3.8099E+26
    4.3300E+03    0.0000E+00    0.0000E+00    0.0000E+00    0.0000E+00
    4.3500E+03    2.6732E+28    1.5520E+29    1.6006E+29    1.6037E+29
    4.3700E+03    9.5051E+25    5.3695E+26    5.4471E+26    5.3998E+26
    4.3900E+03    0.0000E+00    0.0000E+00    0.0000E+00    0.0000E+00
    4.4100E+03    0.0000E+00    0.0000E+00    0.0000E+00    0.0000E+00
    4.4300E+03    0.0000E+00    0.0000E+00    0.0000E+00    0.0000E+00
    4.4500E+03    0.0000E+00    0.0000E+00    0.0000E+00    0.0000E+00
    4.4700E+03    0.0000E+00    0.0000E+00    0.0000E+00    0.0000E+00
    4.4900E+03    2.3911E+27    1.4058E+28    1.4391E+28    1.4346E+28
    4.5100E+03    0.0000E+00    0.0000E+00    0.0000E+00    0.0000E+00
    4.5300E+03    0.0000E+00    0.0000E+00    0.0000E+00    0.0000E+00
    4.5500E+03    0.0000E+00    0.0000E+00    0.0000E+00    0.0000E+00
    4.5700E+03    0.0000E+00    0.0000E+00    0.0000E+00    0.0000E+00
    4.5900E+03    0.0000E+00    0.0000E+00    0.0000E+00    0.0000E+00
    4.6100E+03    0.0000E+00    0.0000E+00    0.0000E+00    0.0000E+00
    4.6300E+03    0.0000E+00    0.0000E+00    0.0000E+00    0.0000E+00
    4.6500E+03    0.0000E+00    0.0000E+00    0.0000E+00    0.0000E+00
    4.6700E+03    8.8819E+24    5.6004E+25    5.7877E+25    5.7842E+25
    4.6900E+03    5.2508E+25    2.0773E+26    2.0632E+26    2.0458E+26
    4.7100E+03    2.6708E+24    1.6836E+25    1.7403E+25    1.7393E+25
    4.7300E+03    0.0000E+00    0.0000E+00    0.0000E+00    0.0000E+00
    4.7500E+03    0.0000E+00    0.0000E+00    0.0000E+00    0.0000E+00
    4.7700E+03    2.5663E+24    1.6180E+25    1.6719E+25    1.6712E+25
    4.7900E+03    0.0000E+00    0.0000E+00    0.0000E+00    0.0000E+00
    4.8100E+03    0.0000E+00    0.0000E+00    0.0000E+00    0.0000E+00
    4.8300E+03    0.0000E+00    0.0000E+00    0.0000E+00    0.0000E+00
    4.8500E+03    0.0000E+00    0.0000E+00    0.0000E+00    0.0000E+00
    4.8700E+03    6.3299E+28    3.6634E+29    3.7648E+29    3.7648E+29
    4.8900E+03    1.3214E+24    8.3245E+24    8.6038E+24    8.6002E+24
    4.9100E+03    0.0000E+00    0.0000E+00    0.0000E+00    0.0000E+00
    4.9300E+03    7.0503E+26    4.1471E+27    4.2466E+27    4.2314E+27
    4.9500E+03    0.0000E+00    0.0000E+00    0.0000E+00    0.0000E+00
    4.9700E+03    8.2205E+26    4.7314E+27    4.8200E+27    4.7855E+27
    4.9900E+03    0.0000E+00    0.0000E+00    0.0000E+00    0.0000E+00
    5.0100E+03    2.4978E+27    1.4384E+28    1.4643E+28    1.4546E+28
    5.0300E+03    1.6536E+27    9.7407E+27    9.9713E+27    9.9326E+27
    5.0500E+03    0.0000E+00    0.0000E+00    0.0000E+00    0.0000E+00
    5.0700E+03    0.0000E+00    0.0000E+00    0.0000E+00    0.0000E+00
    5.0900E+03    0.0000E+00    0.0000E+00    0.0000E+00    0.0000E+00
    5.1100E+03    0.0000E+00    0.0000E+00    0.0000E+00    0.0000E+00
    5.1300E+03    0.0000E+00    0.0000E+00    0.0000E+00    0.0000E+00
    5.1500E+03    0.0000E+00    0.0000E+00    0.0000E+00    0.0000E+00
    5.1700E+03    0.0000E+00    0.0000E+00    0.0000E+00    0.0000E+00
    5.1900E+03    0.0000E+00    0.0000E+00    0.0000E+00    0.0000E+00
    5.2100E+03    1.1448E+24    6.5394E+24    6.7887E+24    7.1069E+24
    5.2300E+03    0.0000E+00    0.0000E+00    0.0000E+00    0.0000E+00
    5.2500E+03    0.0000E+00    0.0000E+00    0.0000E+00    0.0000E+00
    5.2700E+03    0.0000E+00    0.0000E+00    0.0000E+00    0.0000E+00
    5.2900E+03    4.9715E+24    3.1307E+25    3.2356E+25    3.2336E+25
    5.3100E+03    0.0000E+00    0.0000E+00    0.0000E+00    0.0000E+00
    5.3300E+03    0.0000E+00    0.0000E+00    0.0000E+00    0.0000E+00
    5.3500E+03    0.0000E+00    0.0000E+00    0.0000E+00    0.0000E+00
    5.3700E+03    0.0000E+00    0.0000E+00    0.0000E+00    0.0000E+00
    5.3900E+03    0.0000E+00    0.0000E+00    0.0000E+00    0.0000E+00
    5.4100E+03    0.0000E+00    0.0000E+00    0.0000E+00    0.0000E+00
    5.4300E+03    0.0000E+00    0.0000E+00    0.0000E+00    0.0000E+00
    5.4500E+03    0.0000E+00    0.0000E+00    0.0000E+00    0.0000E+00
    5.4700E+03    0.0000E+00    0.0000E+00    0.0000E+00    0.0000E+00
    5.4900E+03    0.0000E+00    0.0000E+00    0.0000E+00    0.0000E+00
    5.5100E+03    0.0000E+00    0.0000E+00    0.0000E+00    0.0000E+00
    5.5300E+03    0.0000E+00    0.0000E+00    0.0000E+00    0.0000E+00
    5.5500E+03    0.0000E+00    0.0000E+00    0.0000E+00    0.0000E+00
    5.5700E+03    0.0000E+00    0.0000E+00    0.0000E+00    0.0000E+00
    5.5900E+03    0.0000E+00    0.0000E+00    0.0000E+00    0.0000E+00
    5.6100E+03    0.0000E+00    0.0000E+00    0.0000E+00    0.0000E+00
    5.6300E+03    0.0000E+00    0.0000E+00    0.0000E+00    0.0000E+00
    5.6500E+03    0.0000E+00    0.0000E+00    0.0000E+00    0.0000E+00
    5.6700E+03    0.0000E+00    0.0000E+00    0.0000E+00    0.0000E+00
    5.6900E+03    0.0000E+00    0.0000E+00    0.0000E+00    0.0000E+00
    5.7100E+03    0.0000E+00    0.0000E+00    0.0000E+00    0.0000E+00
    5.7300E+03    0.0000E+00    0.0000E+00    0.0000E+00    0.0000E+00
    5.7500E+03    0.0000E+00    0.0000E+00    0.0000E+00    0.0000E+00
    5.7700E+03    1.0881E+24    6.5535E+24    6.7570E+24    6.7527E+24
    5.7900E+03    0.0000E+00    0.0000E+00    0.0000E+00    0.0000E+00
    5.8100E+03    0.0000E+00    0.0000E+00    0.0000E+00    0.0000E+00
    5.8300E+03    2.1735E+24    1.3497E+25    1.3920E+25    1.3916E+25
    5.8500E+03    0.0000E+00    0.0000E+00    0.0000E+00    0.0000E+00
    5.8700E+03    0.0000E+00    0.0000E+00    0.0000E+00    0.0000E+00
    5.8900E+03    8.2255E+27    4.8402E+28    4.9559E+28    4.9378E+28
    5.9100E+03    0.0000E+00    0.0000E+00    0.0000E+00    0.0000E+00
    5.9300E+03    0.0000E+00    0.0000E+00    0.0000E+00    0.0000E+00
    5.9500E+03    0.0000E+00    0.0000E+00    0.0000E+00    0.0000E+00
    5.9700E+03    0.0000E+00    0.0000E+00    0.0000E+00    0.0000E+00
    5.9900E+03    0.0000E+00    0.0000E+00    0.0000E+00    0.0000E+00
    6.0100E+03    0.0000E+00    0.0000E+00    0.0000E+00    0.0000E+00
    6.0300E+03    0.0000E+00    0.0000E+00    0.0000E+00    0.0000E+00
    6.0500E+03    0.0000E+00    0.0000E+00    0.0000E+00    0.0000E+00
    6.0700E+03    0.0000E+00    0.0000E+00    0.0000E+00    0.0000E+00
    6.0900E+03    0.0000E+00    0.0000E+00    0.0000E+00    0.0000E+00
    6.1100E+03    0.0000E+00    0.0000E+00    0.0000E+00    0.0000E+00
    6.1300E+03    0.0000E+00    0.0000E+00    0.0000E+00    0.0000E+00
    6.1500E+03    0.0000E+00    0.0000E+00    0.0000E+00    0.0000E+00
    6.1700E+03    0.0000E+00    0.0000E+00    0.0000E+00    0.0000E+00
    6.1900E+03    0.0000E+00    0.0000E+00    0.0000E+00    0.0000E+00
    6.2100E+03    0.0000E+00    0.0000E+00    0.0000E+00    0.0000E+00
    6.2300E+03    0.0000E+00    0.0000E+00    0.0000E+00    0.0000E+00
    6.2500E+03    0.0000E+00    0.0000E+00    0.0000E+00    0.0000E+00
    6.2700E+03    0.0000E+00    0.0000E+00    0.0000E+00    0.0000E+00
    6.2900E+03    0.0000E+00    0.0000E+00    0.0000E+00    0.0000E+00
    6.3100E+03    5.5138E+24    2.9931E+25    3.0861E+25    3.1584E+25
    6.3300E+03    8.8276E+24    5.7464E+25    5.9298E+25    5.9152E+25
    6.3500E+03    0.0000E+00    0.0000E+00    0.0000E+00    0.0000E+00
    6.3700E+03    1.7765E+24    9.6436E+24    9.9398E+24    1.0172E+25
    6.3900E+03    0.0000E+00    0.0000E+00    0.0000E+00    0.0000E+00
    6.4100E+03    0.0000E+00    0.0000E+00    0.0000E+00    0.0000E+00
    6.4300E+03    0.0000E+00    0.0000E+00    0.0000E+00    0.0000E+00
    6.4500E+03    0.0000E+00    0.0000E+00    0.0000E+00    0.0000E+00
    6.4700E+03    0.0000E+00    0.0000E+00    0.0000E+00    0.0000E+00
    6.4900E+03    0.0000E+00    0.0000E+00    0.0000E+00    0.0000E+00
    6.5100E+03    0.0000E+00    0.0000E+00    0.0000E+00    0.0000E+00
    6.5300E+03    0.0000E+00    0.0000E+00    0.0000E+00    0.0000E+00
    6.5500E+03    1.5340E+25    9.1146E+25    9.3870E+25    9.3872E+25
    6.5700E+03    2.5348E+29    1.4517E+30    1.4857E+30    1.4832E+30
    6.5900E+03    4.5526E+25    2.7048E+26    2.7852E+26    2.7847E+26
    6.6100E+03    0.0000E+00    0.0000E+00    0.0000E+00    0.0000E+00
    6.6300E+03    0.0000E+00    0.0000E+00    0.0000E+00    0.0000E+00
    6.6500E+03    0.0000E+00    0.0000E+00    0.0000E+00    0.0000E+00
    6.6700E+03    0.0000E+00    0.0000E+00    0.0000E+00    0.0000E+00
    6.6900E+03    2.5992E+27    1.5295E+28    1.5666E+28    1.5615E+28
    6.7100E+03    0.0000E+00    0.0000E+00    0.0000E+00    0.0000E+00
    6.7300E+03    9.2046E+25    5.4335E+26    5.6171E+26    5.6645E+26
    6.7500E+03    2.4454E+25    1.4442E+26    1.4925E+26    1.5045E+26
    6.7700E+03    0.0000E+00    0.0000E+00    0.0000E+00    0.0000E+00
    6.7900E+03    0.0000E+00    0.0000E+00    0.0000E+00    0.0000E+00
    6.8100E+03    0.0000E+00    0.0000E+00    0.0000E+00    0.0000E+00
    6.8300E+03    0.0000E+00    0.0000E+00    0.0000E+00    0.0000E+00
    6.8500E+03    0.0000E+00    0.0000E+00    0.0000E+00    0.0000E+00
    6.8700E+03    0.0000E+00    0.0000E+00    0.0000E+00    0.0000E+00
    6.8900E+03    0.0000E+00    0.0000E+00    0.0000E+00    0.0000E+00
    6.9100E+03    0.0000E+00    0.0000E+00    0.0000E+00    0.0000E+00
    6.9300E+03    0.0000E+00    0.0000E+00    0.0000E+00    0.0000E+00
    6.9500E+03    0.0000E+00    0.0000E+00    0.0000E+00    0.0000E+00
    6.9700E+03    0.0000E+00    0.0000E+00    0.0000E+00    0.0000E+00
    6.9900E+03    0.0000E+00    0.0000E+00    0.0000E+00    0.0000E+00
    7.0100E+03    0.0000E+00    0.0000E+00    0.0000E+00    0.0000E+00
    7.0300E+03    0.0000E+00    0.0000E+00    0.0000E+00    0.0000E+00
    7.0500E+03    0.0000E+00    0.0000E+00    0.0000E+00    0.0000E+00
    7.0700E+03    2.7121E+27    1.5883E+28    1.6240E+28    1.6202E+28
    7.0900E+03    0.0000E+00    0.0000E+00    0.0000E+00    0.0000E+00
    7.1100E+03    0.0000E+00    0.0000E+00    0.0000E+00    0.0000E+00
    7.1300E+03    0.0000E+00    0.0000E+00    0.0000E+00    0.0000E+00
    7.1500E+03    1.8582E+25    1.1593E+26    1.1936E+26    1.1914E+26
    7.1700E+03    0.0000E+00    0.0000E+00    0.0000E+00    0.0000E+00
    7.1900E+03    0.0000E+00    0.0000E+00    0.0000E+00    0.0000E+00
    7.2100E+03    0.0000E+00    0.0000E+00    0.0000E+00    0.0000E+00
    7.2300E+03    0.0000E+00    0.0000E+00    0.0000E+00    0.0000E+00
    7.2500E+03    0.0000E+00    0.0000E+00    0.0000E+00    0.0000E+00
    7.2700E+03    0.0000E+00    0.0000E+00    0.0000E+00    0.0000E+00
    7.2900E+03    0.0000E+00    0.0000E+00    0.0000E+00    0.0000E+00
    7.3100E+03    0.0000E+00    0.0000E+00    0.0000E+00    0.0000E+00
    7.3300E+03    9.5862E+24    5.9896E+25    6.1780E+25    6.1781E+25
    7.3500E+03    0.0000E+00    0.0000E+00    0.0000E+00    0.0000E+00
    7.3700E+03    0.0000E+00    0.0000E+00    0.0000E+00    0.0000E+00
    7.3900E+03    0.0000E+00    0.0000E+00    0.0000E+00    0.0000E+00
    7.4100E+03    0.0000E+00    0.0000E+00    0.0000E+00    0.0000E+00
    7.4300E+03    0.0000E+00    0.0000E+00    0.0000E+00    0.0000E+00
    7.4500E+03    0.0000E+00    0.0000E+00    0.0000E+00    0.0000E+00
    7.4700E+03    0.0000E+00    0.0000E+00    0.0000E+00    0.0000E+00
    7.4900E+03    0.0000E+00    0.0000E+00    0.0000E+00    0.0000E+00
    7.5100E+03    0.0000E+00    0.0000E+00    0.0000E+00    0.0000E+00
    7.5300E+03    0.0000E+00    0.0000E+00    0.0000E+00    0.0000E+00
    7.5500E+03    0.0000E+00    0.0000E+00    0.0000E+00    0.0000E+00
    7.5700E+03    0.0000E+00    0.0000E+00    0.0000E+00    0.0000E+00
    7.5900E+03    0.0000E+00    0.0000E+00    0.0000E+00    0.0000E+00
    7.6100E+03    0.0000E+00    0.0000E+00    0.0000E+00    0.0000E+00
    7.6300E+03    0.0000E+00    0.0000E+00    0.0000E+00    0.0000E+00
    7.6500E+03    0.0000E+00    0.0000E+00    0.0000E+00    0.0000E+00
    7.6700E+03    0.0000E+00    0.0000E+00    0.0000E+00    0.0000E+00
    7.6900E+03    0.0000E+00    0.0000E+00    0.0000E+00    0.0000E+00
    7.7100E+03    0.0000E+00    0.0000E+00    0.0000E+00    0.0000E+00
    7.7300E+03    0.0000E+00    0.0000E+00    0.0000E+00    0.0000E+00
    7.7500E+03    0.0000E+00    0.0000E+00    0.0000E+00    0.0000E+00
    7.7700E+03    4.8720E+24    3.0387E+25    3.1288E+25    3.1240E+25
    7.7900E+03    0.0000E+00    0.0000E+00    0.0000E+00    0.0000E+00
    7.8100E+03    0.0000E+00    0.0000E+00    0.0000E+00    0.0000E+00
    7.8300E+03    0.0000E+00    0.0000E+00    0.0000E+00    0.0000E+00
    7.8500E+03    0.0000E+00    0.0000E+00    0.0000E+00    0.0000E+00
    7.8700E+03    0.0000E+00    0.0000E+00    0.0000E+00    0.0000E+00
    7.8900E+03    0.0000E+00    0.0000E+00    0.0000E+00    0.0000E+00
    7.9100E+03    0.0000E+00    0.0000E+00    0.0000E+00    0.0000E+00
    7.9300E+03    0.0000E+00    0.0000E+00    0.0000E+00    0.0000E+00
    7.9500E+03    0.0000E+00    0.0000E+00    0.0000E+00    0.0000E+00
    7.9700E+03    0.0000E+00    0.0000E+00    0.0000E+00    0.0000E+00
    7.9900E+03    0.0000E+00    0.0000E+00    0.0000E+00    0.0000E+00
    8.0100E+03    0.0000E+00    0.0000E+00    0.0000E+00    0.0000E+00
    8.0300E+03    0.0000E+00    0.0000E+00    0.0000E+00    0.0000E+00
    8.0500E+03    0.0000E+00    0.0000E+00    0.0000E+00    0.0000E+00
    8.0700E+03    0.0000E+00    0.0000E+00    0.0000E+00    0.0000E+00
    8.0900E+03    0.0000E+00    0.0000E+00    0.0000E+00    0.0000E+00
    8.1100E+03    0.0000E+00    0.0000E+00    0.0000E+00    0.0000E+00
    8.1300E+03    0.0000E+00    0.0000E+00    0.0000E+00    0.0000E+00
    8.1500E+03    0.0000E+00    0.0000E+00    0.0000E+00    0.0000E+00
    8.1700E+03    0.0000E+00    0.0000E+00    0.0000E+00    0.0000E+00
    8.1900E+03    0.0000E+00    0.0000E+00    0.0000E+00    0.0000E+00
    8.2100E+03    0.0000E+00    0.0000E+00    0.0000E+00    0.0000E+00
    8.2300E+03    0.0000E+00    0.0000E+00    0.0000E+00    0.0000E+00
    8.2500E+03    0.0000E+00    0.0000E+00    0.0000E+00    0.0000E+00
    8.2700E+03    0.0000E+00    0.0000E+00    0.0000E+00    0.0000E+00
    8.2900E+03    0.0000E+00    0.0000E+00    0.0000E+00    0.0000E+00
    8.3100E+03    0.0000E+00    0.0000E+00    0.0000E+00    0.0000E+00
    8.3300E+03    0.0000E+00    0.0000E+00    0.0000E+00    0.0000E+00
    8.3500E+03    2.2188E+26    1.3266E+27    1.3666E+27    1.3633E+27
    8.3700E+03    1.3508E+26    8.0762E+26    8.3125E+26    8.2997E+26
    8.3900E+03    1.5550E+26    9.2961E+26    9.5726E+26    9.5533E+26
    8.4100E+03    1.8031E+26    1.0783E+27    1.1101E+27    1.1075E+27
    8.4300E+03    2.1078E+26    1.2605E+27    1.2979E+27    1.2953E+27
    8.4500E+03    2.4866E+26    1.4868E+27    1.5312E+27    1.5279E+27
    8.4700E+03    2.9626E+26    1.7714E+27    1.8237E+27    1.8197E+27
    8.4900E+03    0.0000E+00    0.0000E+00    0.0000E+00    0.0000E+00
    8.5100E+03    3.5694E+26    2.1337E+27    2.1973E+27    2.1927E+27
    8.5300E+03    0.0000E+00    0.0000E+00    0.0000E+00    0.0000E+00
    8.5500E+03    4.3552E+26    2.6036E+27    2.6816E+27    2.6757E+27
    8.5700E+03    0.0000E+00    0.0000E+00    0.0000E+00    0.0000E+00
    8.5900E+03    0.0000E+00    0.0000E+00    0.0000E+00    0.0000E+00
    8.6100E+03    5.3932E+26    3.2250E+27    3.3208E+27    3.3129E+27
    8.6300E+03    1.8313E+24    1.0092E+25    1.0391E+25    1.0578E+25
    8.6500E+03    0.0000E+00    0.0000E+00    0.0000E+00    0.0000E+00
    8.6700E+03    6.7960E+26    4.0638E+27    4.1842E+27    4.1749E+27
    8.6900E+03    0.0000E+00    0.0000E+00    0.0000E+00    0.0000E+00
    8.7100E+03    0.0000E+00    0.0000E+00    0.0000E+00    0.0000E+00
    8.7300E+03    0.0000E+00    0.0000E+00    0.0000E+00    0.0000E+00
    8.7500E+03    8.7382E+26    5.2247E+27    5.3807E+27    5.3686E+27
    8.7700E+03    0.0000E+00    0.0000E+00    0.0000E+00    0.0000E+00
    8.7900E+03    0.0000E+00    0.0000E+00    0.0000E+00    0.0000E+00
    8.8100E+03    0.0000E+00    0.0000E+00    0.0000E+00    0.0000E+00
    8.8300E+03    0.0000E+00    0.0000E+00    0.0000E+00    0.0000E+00
    8.8500E+03    0.0000E+00    0.0000E+00    0.0000E+00    0.0000E+00
    8.8700E+03    1.1518E+27    6.8866E+27    7.0908E+27    7.0771E+27
    8.8900E+03    0.0000E+00    0.0000E+00    0.0000E+00    0.0000E+00
    8.9100E+03    0.0000E+00    0.0000E+00    0.0000E+00    0.0000E+00
    8.9300E+03    0.0000E+00    0.0000E+00    0.0000E+00    0.0000E+00
    8.9500E+03    0.0000E+00    0.0000E+00    0.0000E+00    0.0000E+00
    8.9700E+03    0.0000E+00    0.0000E+00    0.0000E+00    0.0000E+00
    8.9900E+03    0.0000E+00    0.0000E+00    0.0000E+00    0.0000E+00
    9.0100E+03    0.0000E+00    0.0000E+00    0.0000E+00    0.0000E+00
    9.0300E+03    1.9064E+27    1.1176E+28    1.1471E+28    1.1458E+28
    9.0500E+03    0.0000E+00    0.0000E+00    0.0000E+00    0.0000E+00
    9.0700E+03    6.8236E+25    4.3613E+26    4.4987E+26    4.4911E+26
    9.0900E+03    0.0000E+00    0.0000E+00    0.0000E+00    0.0000E+00
    9.1100E+03    0.0000E+00    0.0000E+00    0.0000E+00    0.0000E+00
    9.1300E+03    0.0000E+00    0.0000E+00    0.0000E+00    0.0000E+00
    9.1500E+03    0.0000E+00    0.0000E+00    0.0000E+00    0.0000E+00
    9.1700E+03    0.0000E+00    0.0000E+00    0.0000E+00    0.0000E+00
    9.1900E+03    0.0000E+00    0.0000E+00    0.0000E+00    0.0000E+00
    9.2100E+03    0.0000E+00    0.0000E+00    0.0000E+00    0.0000E+00
    9.2300E+03    2.7028E+27    1.5837E+28    1.6268E+28    1.6254E+28
    9.2500E+03    0.0000E+00    0.0000E+00    0.0000E+00    0.0000E+00
    9.2700E+03    0.0000E+00    0.0000E+00    0.0000E+00    0.0000E+00
    9.2900E+03    0.0000E+00    0.0000E+00    0.0000E+00    0.0000E+00
    9.3100E+03    0.0000E+00    0.0000E+00    0.0000E+00    0.0000E+00
    9.3300E+03    0.0000E+00    0.0000E+00    0.0000E+00    0.0000E+00
    9.3500E+03    0.0000E+00    0.0000E+00    0.0000E+00    0.0000E+00
    9.3700E+03    0.0000E+00    0.0000E+00    0.0000E+00    0.0000E+00
    9.3900E+03    0.0000E+00    0.0000E+00    0.0000E+00    0.0000E+00
    9.4100E+03    0.0000E+00    0.0000E+00    0.0000E+00    0.0000E+00
    9.4300E+03    0.0000E+00    0.0000E+00    0.0000E+00    0.0000E+00
    9.4500E+03    0.0000E+00    0.0000E+00    0.0000E+00    0.0000E+00
    9.4700E+03    0.0000E+00    0.0000E+00    0.0000E+00    0.0000E+00
    9.4900E+03    0.0000E+00    0.0000E+00    0.0000E+00    0.0000E+00
    9.5100E+03    0.0000E+00    0.0000E+00    0.0000E+00    0.0000E+00
    9.5300E+03    0.0000E+00    0.0000E+00    0.0000E+00    0.0000E+00
    9.5500E+03    4.2029E+27    2.4647E+28    2.5289E+28    2.5266E+28
    9.5700E+03    0.0000E+00    0.0000E+00    0.0000E+00    0.0000E+00
    9.5900E+03    0.0000E+00    0.0000E+00    0.0000E+00    0.0000E+00
    9.6100E+03    0.0000E+00    0.0000E+00    0.0000E+00    0.0000E+00
    9.6300E+03    0.0000E+00    0.0000E+00    0.0000E+00    0.0000E+00
    9.6500E+03    0.0000E+00    0.0000E+00    0.0000E+00    0.0000E+00
    9.6700E+03    0.0000E+00    0.0000E+00    0.0000E+00    0.0000E+00
    9.6900E+03    0.0000E+00    0.0000E+00    0.0000E+00    0.0000E+00
    9.7100E+03    0.0000E+00    0.0000E+00    0.0000E+00    0.0000E+00
    9.7300E+03    0.0000E+00    0.0000E+00    0.0000E+00    0.0000E+00
    9.7500E+03    0.0000E+00    0.0000E+00    0.0000E+00    0.0000E+00
    9.7700E+03    0.0000E+00    0.0000E+00    0.0000E+00    0.0000E+00
    9.7900E+03    0.0000E+00    0.0000E+00    0.0000E+00    0.0000E+00
    9.8100E+03    0.0000E+00    0.0000E+00    0.0000E+00    0.0000E+00
    9.8300E+03    0.0000E+00    0.0000E+00    0.0000E+00    0.0000E+00
    9.8500E+03    0.0000E+00    0.0000E+00    0.0000E+00    0.0000E+00
    9.8700E+03    0.0000E+00    0.0000E+00    0.0000E+00    0.0000E+00
    9.8900E+03    0.0000E+00    0.0000E+00    0.0000E+00    0.0000E+00
    9.9100E+03    0.0000E+00    0.0000E+00    0.0000E+00    0.0000E+00
    9.9300E+03    0.0000E+00    0.0000E+00    0.0000E+00    0.0000E+00
    9.9500E+03    0.0000E+00    0.0000E+00    0.0000E+00    0.0000E+00
    9.9700E+03    0.0000E+00    0.0000E+00    0.0000E+00    0.0000E+00
    9.9900E+03    0.0000E+00    0.0000E+00    0.0000E+00    0.0000E+00
    1.0025E+04    0.0000E+00    0.0000E+00    0.0000E+00    0.0000E+00
    1.0075E+04    0.0000E+00    0.0000E+00    0.0000E+00    0.0000E+00
    1.0125E+04    0.0000E+00    0.0000E+00    0.0000E+00    0.0000E+00
    1.0175E+04    0.0000E+00    0.0000E+00    0.0000E+00    0.0000E+00
    1.0225E+04    0.0000E+00    0.0000E+00    0.0000E+00    0.0000E+00
    1.0275E+04    0.0000E+00    0.0000E+00    0.0000E+00    0.0000E+00
    1.0325E+04    0.0000E+00    0.0000E+00    0.0000E+00    0.0000E+00
    1.0375E+04    0.0000E+00    0.0000E+00    0.0000E+00    0.0000E+00
    1.0425E+04    0.0000E+00    0.0000E+00    0.0000E+00    0.0000E+00
    1.0475E+04    0.0000E+00    0.0000E+00    0.0000E+00    0.0000E+00
    1.0525E+04    0.0000E+00    0.0000E+00    0.0000E+00    0.0000E+00
    1.0575E+04    0.0000E+00    0.0000E+00    0.0000E+00    0.0000E+00
    1.0625E+04    0.0000E+00    0.0000E+00    0.0000E+00    0.0000E+00
    1.0675E+04    0.0000E+00    0.0000E+00    0.0000E+00    0.0000E+00
    1.0725E+04    0.0000E+00    0.0000E+00    0.0000E+00    0.0000E+00
    1.0775E+04    0.0000E+00    0.0000E+00    0.0000E+00    0.0000E+00
    1.0825E+04    0.0000E+00    0.0000E+00    0.0000E+00    0.0000E+00
    1.0875E+04    0.0000E+00    0.0000E+00    0.0000E+00    0.0000E+00
    1.0925E+04    0.0000E+00    0.0000E+00    0.0000E+00    0.0000E+00
    1.0975E+04    0.0000E+00    0.0000E+00    0.0000E+00    0.0000E+00
    1.1025E+04    0.0000E+00    0.0000E+00    0.0000E+00    0.0000E+00
    1.1075E+04    0.0000E+00    0.0000E+00    0.0000E+00    0.0000E+00
    1.1125E+04    0.0000E+00    0.0000E+00    0.0000E+00    0.0000E+00
    1.1175E+04    0.0000E+00    0.0000E+00    0.0000E+00    0.0000E+00
    1.1225E+04    0.0000E+00    0.0000E+00    0.0000E+00    0.0000E+00
    1.1275E+04    0.0000E+00    0.0000E+00    0.0000E+00    0.0000E+00
    1.1325E+04    0.0000E+00    0.0000E+00    0.0000E+00    0.0000E+00
    1.1375E+04    0.0000E+00    0.0000E+00    0.0000E+00    0.0000E+00
    1.1425E+04    0.0000E+00    0.0000E+00    0.0000E+00    0.0000E+00
    1.1475E+04    0.0000E+00    0.0000E+00    0.0000E+00    0.0000E+00
    1.1525E+04    0.0000E+00    0.0000E+00    0.0000E+00    0.0000E+00
    1.1575E+04    0.0000E+00    0.0000E+00    0.0000E+00    0.0000E+00
    1.1625E+04    0.0000E+00    0.0000E+00    0.0000E+00    0.0000E+00
    1.1675E+04    0.0000E+00    0.0000E+00    0.0000E+00    0.0000E+00
    1.1725E+04    0.0000E+00    0.0000E+00    0.0000E+00    0.0000E+00
    1.1775E+04    0.0000E+00    0.0000E+00    0.0000E+00    0.0000E+00
    1.1825E+04    0.0000E+00    0.0000E+00    0.0000E+00    0.0000E+00
    1.1875E+04    0.0000E+00    0.0000E+00    0.0000E+00    0.0000E+00
    1.1925E+04    0.0000E+00    0.0000E+00    0.0000E+00    0.0000E+00
    1.1975E+04    0.0000E+00    0.0000E+00    0.0000E+00    0.0000E+00
    1.2025E+04    0.0000E+00    0.0000E+00    0.0000E+00    0.0000E+00
    1.2075E+04    0.0000E+00    0.0000E+00    0.0000E+00    0.0000E+00
    1.2125E+04    0.0000E+00    0.0000E+00    0.0000E+00    0.0000E+00
    1.2175E+04    0.0000E+00    0.0000E+00    0.0000E+00    0.0000E+00
    1.2225E+04    0.0000E+00    0.0000E+00    0.0000E+00    0.0000E+00
    1.2275E+04    0.0000E+00    0.0000E+00    0.0000E+00    0.0000E+00
    1.2325E+04    0.0000E+00    0.0000E+00    0.0000E+00    0.0000E+00
    1.2375E+04    0.0000E+00    0.0000E+00    0.0000E+00    0.0000E+00
    1.2425E+04    0.0000E+00    0.0000E+00    0.0000E+00    0.0000E+00
    1.2475E+04    0.0000E+00    0.0000E+00    0.0000E+00    0.0000E+00
    1.2525E+04    0.0000E+00    0.0000E+00    0.0000E+00    0.0000E+00
    1.2575E+04    0.0000E+00    0.0000E+00    0.0000E+00    0.0000E+00
    1.2625E+04    0.0000E+00    0.0000E+00    0.0000E+00    0.0000E+00
    1.2675E+04    0.0000E+00    0.0000E+00    0.0000E+00    0.0000E+00
    1.2725E+04    0.0000E+00    0.0000E+00    0.0000E+00    0.0000E+00
    1.2775E+04    0.0000E+00    0.0000E+00    0.0000E+00    0.0000E+00
    1.2825E+04    0.0000E+00    0.0000E+00    0.0000E+00    0.0000E+00
    1.2875E+04    0.0000E+00    0.0000E+00    0.0000E+00    0.0000E+00
    1.2925E+04    0.0000E+00    0.0000E+00    0.0000E+00    0.0000E+00
    1.2975E+04    0.0000E+00    0.0000E+00    0.0000E+00    0.0000E+00
    1.3025E+04    0.0000E+00    0.0000E+00    0.0000E+00    0.0000E+00
    1.3075E+04    0.0000E+00    0.0000E+00    0.0000E+00    0.0000E+00
    1.3125E+04    0.0000E+00    0.0000E+00    0.0000E+00    0.0000E+00
    1.3175E+04    0.0000E+00    0.0000E+00    0.0000E+00    0.0000E+00
    1.3225E+04    0.0000E+00    0.0000E+00    0.0000E+00    0.0000E+00
    1.3275E+04    0.0000E+00    0.0000E+00    0.0000E+00    0.0000E+00
    1.3325E+04    0.0000E+00    0.0000E+00    0.0000E+00    0.0000E+00
    1.3375E+04    0.0000E+00    0.0000E+00    0.0000E+00    0.0000E+00
    1.3425E+04    0.0000E+00    0.0000E+00    0.0000E+00    0.0000E+00
    1.3475E+04    0.0000E+00    0.0000E+00    0.0000E+00    0.0000E+00
    1.3525E+04    0.0000E+00    0.0000E+00    0.0000E+00    0.0000E+00
    1.3575E+04    0.0000E+00    0.0000E+00    0.0000E+00    0.0000E+00
    1.3625E+04    0.0000E+00    0.0000E+00    0.0000E+00    0.0000E+00
    1.3675E+04    0.0000E+00    0.0000E+00    0.0000E+00    0.0000E+00
    1.3725E+04    0.0000E+00    0.0000E+00    0.0000E+00    0.0000E+00
    1.3775E+04    0.0000E+00    0.0000E+00    0.0000E+00    0.0000E+00
    1.3825E+04    0.0000E+00    0.0000E+00    0.0000E+00    0.0000E+00
    1.3875E+04    0.0000E+00    0.0000E+00    0.0000E+00    0.0000E+00
    1.3925E+04    0.0000E+00    0.0000E+00    0.0000E+00    0.0000E+00
    1.3975E+04    0.0000E+00    0.0000E+00    0.0000E+00    0.0000E+00
    1.4025E+04    0.0000E+00    0.0000E+00    0.0000E+00    0.0000E+00
    1.4075E+04    0.0000E+00    0.0000E+00    0.0000E+00    0.0000E+00
    1.4125E+04    0.0000E+00    0.0000E+00    0.0000E+00    0.0000E+00
    1.4175E+04    0.0000E+00    0.0000E+00    0.0000E+00    0.0000E+00
    1.4225E+04    0.0000E+00    0.0000E+00    0.0000E+00    0.0000E+00
    1.4275E+04    0.0000E+00    0.0000E+00    0.0000E+00    0.0000E+00
    1.4325E+04    0.0000E+00    0.0000E+00    0.0000E+00    0.0000E+00
    1.4375E+04    0.0000E+00    0.0000E+00    0.0000E+00    0.0000E+00
    1.4425E+04    0.0000E+00    0.0000E+00    0.0000E+00    0.0000E+00
    1.4475E+04    0.0000E+00    0.0000E+00    0.0000E+00    0.0000E+00
    1.4525E+04    0.0000E+00    0.0000E+00    0.0000E+00    0.0000E+00
    1.4570E+04    0.0000E+00    0.0000E+00    0.0000E+00    0.0000E+00
    1.4620E+04    0.0000E+00    0.0000E+00    0.0000E+00    0.0000E+00
    1.4675E+04    0.0000E+00    0.0000E+00    0.0000E+00    0.0000E+00
    1.4725E+04    0.0000E+00    0.0000E+00    0.0000E+00    0.0000E+00
    1.4775E+04    0.0000E+00    0.0000E+00    0.0000E+00    0.0000E+00
    1.4825E+04    0.0000E+00    0.0000E+00    0.0000E+00    0.0000E+00
    1.4875E+04    0.0000E+00    0.0000E+00    0.0000E+00    0.0000E+00
    1.4925E+04    0.0000E+00    0.0000E+00    0.0000E+00    0.0000E+00
    1.4975E+04    0.0000E+00    0.0000E+00    0.0000E+00    0.0000E+00
    1.5025E+04    0.0000E+00    0.0000E+00    0.0000E+00    0.0000E+00
    1.5075E+04    0.0000E+00    0.0000E+00    0.0000E+00    0.0000E+00
    1.5125E+04    0.0000E+00    0.0000E+00    0.0000E+00    0.0000E+00
    1.5175E+04    0.0000E+00    0.0000E+00    0.0000E+00    0.0000E+00
    1.5225E+04    0.0000E+00    0.0000E+00    0.0000E+00    0.0000E+00
    1.5275E+04    0.0000E+00    0.0000E+00    0.0000E+00    0.0000E+00
    1.5325E+04    0.0000E+00    0.0000E+00    0.0000E+00    0.0000E+00
    1.5375E+04    0.0000E+00    0.0000E+00    0.0000E+00    0.0000E+00
    1.5425E+04    0.0000E+00    0.0000E+00    0.0000E+00    0.0000E+00
    1.5475E+04    0.0000E+00    0.0000E+00    0.0000E+00    0.0000E+00
    1.5525E+04    0.0000E+00    0.0000E+00    0.0000E+00    0.0000E+00
    1.5575E+04    0.0000E+00    0.0000E+00    0.0000E+00    0.0000E+00
    1.5625E+04    0.0000E+00    0.0000E+00    0.0000E+00    0.0000E+00
    1.5675E+04    0.0000E+00    0.0000E+00    0.0000E+00    0.0000E+00
    1.5725E+04    0.0000E+00    0.0000E+00    0.0000E+00    0.0000E+00
    1.5775E+04    0.0000E+00    0.0000E+00    0.0000E+00    0.0000E+00
    1.5825E+04    0.0000E+00    0.0000E+00    0.0000E+00    0.0000E+00
    1.5875E+04    0.0000E+00    0.0000E+00    0.0000E+00    0.0000E+00
    1.5925E+04    0.0000E+00    0.0000E+00    0.0000E+00    0.0000E+00
    1.5975E+04    0.0000E+00    0.0000E+00    0.0000E+00    0.0000E+00
    1.6050E+04    0.0000E+00    0.0000E+00    0.0000E+00    0.0000E+00
    1.6150E+04    0.0000E+00    0.0000E+00    0.0000E+00    0.0000E+00
    1.6250E+04    0.0000E+00    0.0000E+00    0.0000E+00    0.0000E+00
    1.6350E+04    0.0000E+00    0.0000E+00    0.0000E+00    0.0000E+00
    1.6450E+04    0.0000E+00    0.0000E+00    0.0000E+00    0.0000E+00
    1.6550E+04    0.0000E+00    0.0000E+00    0.0000E+00    0.0000E+00
    1.6650E+04    0.0000E+00    0.0000E+00    0.0000E+00    0.0000E+00
    1.6750E+04    0.0000E+00    0.0000E+00    0.0000E+00    0.0000E+00
    1.6850E+04    0.0000E+00    0.0000E+00    0.0000E+00    0.0000E+00
    1.6950E+04    0.0000E+00    0.0000E+00    0.0000E+00    0.0000E+00
    1.7050E+04    0.0000E+00    0.0000E+00    0.0000E+00    0.0000E+00
    1.7150E+04    0.0000E+00    0.0000E+00    0.0000E+00    0.0000E+00
    1.7250E+04    0.0000E+00    0.0000E+00    0.0000E+00    0.0000E+00
    1.7350E+04    0.0000E+00    0.0000E+00    0.0000E+00    0.0000E+00
    1.7450E+04    0.0000E+00    0.0000E+00    0.0000E+00    0.0000E+00
    1.7550E+04    0.0000E+00    0.0000E+00    0.0000E+00    0.0000E+00
    1.7650E+04    0.0000E+00    0.0000E+00    0.0000E+00    0.0000E+00
    1.7750E+04    0.0000E+00    0.0000E+00    0.0000E+00    0.0000E+00
    1.7850E+04    0.0000E+00    0.0000E+00    0.0000E+00    0.0000E+00
    1.7950E+04    0.0000E+00    0.0000E+00    0.0000E+00    0.0000E+00
    1.8050E+04    0.0000E+00    0.0000E+00    0.0000E+00    0.0000E+00
    1.8150E+04    0.0000E+00    0.0000E+00    0.0000E+00    0.0000E+00
    1.8250E+04    0.0000E+00    0.0000E+00    0.0000E+00    0.0000E+00
    1.8350E+04    0.0000E+00    0.0000E+00    0.0000E+00    0.0000E+00
    1.8450E+04    0.0000E+00    0.0000E+00    0.0000E+00    0.0000E+00
    1.8550E+04    0.0000E+00    0.0000E+00    0.0000E+00    0.0000E+00
    1.8650E+04    0.0000E+00    0.0000E+00    0.0000E+00    0.0000E+00
    1.8750E+04    0.0000E+00    0.0000E+00    0.0000E+00    0.0000E+00
    1.8850E+04    0.0000E+00    0.0000E+00    0.0000E+00    0.0000E+00
    1.8950E+04    0.0000E+00    0.0000E+00    0.0000E+00    0.0000E+00
    1.9050E+04    0.0000E+00    0.0000E+00    0.0000E+00    0.0000E+00
    1.9150E+04    0.0000E+00    0.0000E+00    0.0000E+00    0.0000E+00
    1.9250E+04    0.0000E+00    0.0000E+00    0.0000E+00    0.0000E+00
    1.9350E+04    0.0000E+00    0.0000E+00    0.0000E+00    0.0000E+00
    1.9450E+04    0.0000E+00    0.0000E+00    0.0000E+00    0.0000E+00
    1.9550E+04    0.0000E+00    0.0000E+00    0.0000E+00    0.0000E+00
    1.9650E+04    0.0000E+00    0.0000E+00    0.0000E+00    0.0000E+00
    1.9750E+04    0.0000E+00    0.0000E+00    0.0000E+00    0.0000E+00
    1.9850E+04    0.0000E+00    0.0000E+00    0.0000E+00    0.0000E+00
    1.9950E+04    0.0000E+00    0.0000E+00    0.0000E+00    0.0000E+00
    2.0050E+04    0.0000E+00    0.0000E+00    0.0000E+00    0.0000E+00
    2.0150E+04    0.0000E+00    0.0000E+00    0.0000E+00    0.0000E+00
    2.0250E+04    0.0000E+00    0.0000E+00    0.0000E+00    0.0000E+00
    2.0350E+04    0.0000E+00    0.0000E+00    0.0000E+00    0.0000E+00
    2.0450E+04    0.0000E+00    0.0000E+00    0.0000E+00    0.0000E+00
    2.0550E+04    0.0000E+00    0.0000E+00    0.0000E+00    0.0000E+00
    2.0650E+04    0.0000E+00    0.0000E+00    0.0000E+00    0.0000E+00
    2.0750E+04    0.0000E+00    0.0000E+00    0.0000E+00    0.0000E+00
    2.0850E+04    0.0000E+00    0.0000E+00    0.0000E+00    0.0000E+00
    2.0950E+04    0.0000E+00    0.0000E+00    0.0000E+00    0.0000E+00
    2.1050E+04    0.0000E+00    0.0000E+00    0.0000E+00    0.0000E+00
    2.1150E+04    0.0000E+00    0.0000E+00    0.0000E+00    0.0000E+00
    2.1250E+04    0.0000E+00    0.0000E+00    0.0000E+00    0.0000E+00
    2.1350E+04    0.0000E+00    0.0000E+00    0.0000E+00    0.0000E+00
    2.1450E+04    0.0000E+00    0.0000E+00    0.0000E+00    0.0000E+00
    2.1550E+04    0.0000E+00    0.0000E+00    0.0000E+00    0.0000E+00
    2.1650E+04    0.0000E+00    0.0000E+00    0.0000E+00    0.0000E+00
    2.1750E+04    0.0000E+00    0.0000E+00    0.0000E+00    0.0000E+00
    2.1850E+04    0.0000E+00    0.0000E+00    0.0000E+00    0.0000E+00
    2.1950E+04    0.0000E+00    0.0000E+00    0.0000E+00    0.0000E+00
    2.2050E+04    0.0000E+00    0.0000E+00    0.0000E+00    0.0000E+00
    2.2150E+04    0.0000E+00    0.0000E+00    0.0000E+00    0.0000E+00
    2.2250E+04    0.0000E+00    0.0000E+00    0.0000E+00    0.0000E+00
    2.2350E+04    0.0000E+00    0.0000E+00    0.0000E+00    0.0000E+00
    2.2450E+04    0.0000E+00    0.0000E+00    0.0000E+00    0.0000E+00
    2.2550E+04    0.0000E+00    0.0000E+00    0.0000E+00    0.0000E+00
    2.2650E+04    0.0000E+00    0.0000E+00    0.0000E+00    0.0000E+00
    2.2750E+04    0.0000E+00    0.0000E+00    0.0000E+00    0.0000E+00
    2.2850E+04    0.0000E+00    0.0000E+00    0.0000E+00    0.0000E+00
    2.2950E+04    0.0000E+00    0.0000E+00    0.0000E+00    0.0000E+00
    2.3050E+04    0.0000E+00    0.0000E+00    0.0000E+00    0.0000E+00
    2.3150E+04    0.0000E+00    0.0000E+00    0.0000E+00    0.0000E+00
    2.3250E+04    0.0000E+00    0.0000E+00    0.0000E+00    0.0000E+00
    2.3350E+04    0.0000E+00    0.0000E+00    0.0000E+00    0.0000E+00
    2.3450E+04    0.0000E+00    0.0000E+00    0.0000E+00    0.0000E+00
    2.3550E+04    0.0000E+00    0.0000E+00    0.0000E+00    0.0000E+00
    2.3650E+04    0.0000E+00    0.0000E+00    0.0000E+00    0.0000E+00
    2.3750E+04    0.0000E+00    0.0000E+00    0.0000E+00    0.0000E+00
    2.3850E+04    0.0000E+00    0.0000E+00    0.0000E+00    0.0000E+00
    2.3950E+04    0.0000E+00    0.0000E+00    0.0000E+00    0.0000E+00
    2.4050E+04    0.0000E+00    0.0000E+00    0.0000E+00    0.0000E+00
    2.4150E+04    0.0000E+00    0.0000E+00    0.0000E+00    0.0000E+00
    2.4250E+04    0.0000E+00    0.0000E+00    0.0000E+00    0.0000E+00
    2.4350E+04    0.0000E+00    0.0000E+00    0.0000E+00    0.0000E+00
    2.4450E+04    0.0000E+00    0.0000E+00    0.0000E+00    0.0000E+00
    2.4550E+04    0.0000E+00    0.0000E+00    0.0000E+00    0.0000E+00
    2.4650E+04    0.0000E+00    0.0000E+00    0.0000E+00    0.0000E+00
    2.4750E+04    0.0000E+00    0.0000E+00    0.0000E+00    0.0000E+00
    2.4850E+04    0.0000E+00    0.0000E+00    0.0000E+00    0.0000E+00
    2.4950E+04    0.0000E+00    0.0000E+00    0.0000E+00    0.0000E+00
    2.5050E+04    0.0000E+00    0.0000E+00    0.0000E+00    0.0000E+00
    2.5150E+04    0.0000E+00    0.0000E+00    0.0000E+00    0.0000E+00
    2.5250E+04    0.0000E+00    0.0000E+00    0.0000E+00    0.0000E+00
    2.5350E+04    0.0000E+00    0.0000E+00    0.0000E+00    0.0000E+00
    2.5450E+04    0.0000E+00    0.0000E+00    0.0000E+00    0.0000E+00
    2.5550E+04    0.0000E+00    0.0000E+00    0.0000E+00    0.0000E+00
    2.5650E+04    0.0000E+00    0.0000E+00    0.0000E+00    0.0000E+00
    2.5750E+04    0.0000E+00    0.0000E+00    0.0000E+00    0.0000E+00
    2.5850E+04    0.0000E+00    0.0000E+00    0.0000E+00    0.0000E+00
    2.5950E+04    0.0000E+00    0.0000E+00    0.0000E+00    0.0000E+00
    2.6050E+04    0.0000E+00    0.0000E+00    0.0000E+00    0.0000E+00
    2.6150E+04    0.0000E+00    0.0000E+00    0.0000E+00    0.0000E+00
    2.6250E+04    0.0000E+00    0.0000E+00    0.0000E+00    0.0000E+00
    2.6350E+04    0.0000E+00    0.0000E+00    0.0000E+00    0.0000E+00
    2.6450E+04    0.0000E+00    0.0000E+00    0.0000E+00    0.0000E+00
    2.6550E+04    0.0000E+00    0.0000E+00    0.0000E+00    0.0000E+00
    2.6650E+04    0.0000E+00    0.0000E+00    0.0000E+00    0.0000E+00
    2.6750E+04    0.0000E+00    0.0000E+00    0.0000E+00    0.0000E+00
    2.6850E+04    0.0000E+00    0.0000E+00    0.0000E+00    0.0000E+00
    2.6950E+04    0.0000E+00    0.0000E+00    0.0000E+00    0.0000E+00
    2.7050E+04    0.0000E+00    0.0000E+00    0.0000E+00    0.0000E+00
    2.7150E+04    0.0000E+00    0.0000E+00    0.0000E+00    0.0000E+00
    2.7250E+04    0.0000E+00    0.0000E+00    0.0000E+00    0.0000E+00
    2.7350E+04    0.0000E+00    0.0000E+00    0.0000E+00    0.0000E+00
    2.7450E+04    0.0000E+00    0.0000E+00    0.0000E+00    0.0000E+00
    2.7550E+04    0.0000E+00    0.0000E+00    0.0000E+00    0.0000E+00
    2.7650E+04    0.0000E+00    0.0000E+00    0.0000E+00    0.0000E+00
    2.7750E+04    0.0000E+00    0.0000E+00    0.0000E+00    0.0000E+00
    2.7850E+04    0.0000E+00    0.0000E+00    0.0000E+00    0.0000E+00
    2.7950E+04    0.0000E+00    0.0000E+00    0.0000E+00    0.0000E+00
    2.8050E+04    0.0000E+00    0.0000E+00    0.0000E+00    0.0000E+00
    2.8150E+04    0.0000E+00    0.0000E+00    0.0000E+00    0.0000E+00
    2.8250E+04    0.0000E+00    0.0000E+00    0.0000E+00    0.0000E+00
    2.8350E+04    0.0000E+00    0.0000E+00    0.0000E+00    0.0000E+00
    2.8450E+04    0.0000E+00    0.0000E+00    0.0000E+00    0.0000E+00
    2.8550E+04    0.0000E+00    0.0000E+00    0.0000E+00    0.0000E+00
    2.8650E+04    0.0000E+00    0.0000E+00    0.0000E+00    0.0000E+00
    2.8750E+04    0.0000E+00    0.0000E+00    0.0000E+00    0.0000E+00
    2.8850E+04    0.0000E+00    0.0000E+00    0.0000E+00    0.0000E+00
    2.8950E+04    0.0000E+00    0.0000E+00    0.0000E+00    0.0000E+00
    2.9050E+04    0.0000E+00    0.0000E+00    0.0000E+00    0.0000E+00
    2.9150E+04    0.0000E+00    0.0000E+00    0.0000E+00    0.0000E+00
    2.9250E+04    0.0000E+00    0.0000E+00    0.0000E+00    0.0000E+00
    2.9350E+04    0.0000E+00    0.0000E+00    0.0000E+00    0.0000E+00
    2.9450E+04    0.0000E+00    0.0000E+00    0.0000E+00    0.0000E+00
    2.9550E+04    0.0000E+00    0.0000E+00    0.0000E+00    0.0000E+00
    2.9650E+04    0.0000E+00    0.0000E+00    0.0000E+00    0.0000E+00
    2.9750E+04    0.0000E+00    0.0000E+00    0.0000E+00    0.0000E+00
    2.9850E+04    0.0000E+00    0.0000E+00    0.0000E+00    0.0000E+00
    2.9950E+04    0.0000E+00    0.0000E+00    0.0000E+00    0.0000E+00
    3.0050E+04    0.0000E+00    0.0000E+00    0.0000E+00    0.0000E+00
    3.0150E+04    0.0000E+00    0.0000E+00    0.0000E+00    0.0000E+00
    3.0250E+04    0.0000E+00    0.0000E+00    0.0000E+00    0.0000E+00
    3.0350E+04    0.0000E+00    0.0000E+00    0.0000E+00    0.0000E+00
    3.0450E+04    0.0000E+00    0.0000E+00    0.0000E+00    0.0000E+00
    3.0550E+04    0.0000E+00    0.0000E+00    0.0000E+00    0.0000E+00
    3.0650E+04    0.0000E+00    0.0000E+00    0.0000E+00    0.0000E+00
    3.0750E+04    0.0000E+00    0.0000E+00    0.0000E+00    0.0000E+00
    3.0850E+04    0.0000E+00    0.0000E+00    0.0000E+00    0.0000E+00
    3.0950E+04    0.0000E+00    0.0000E+00    0.0000E+00    0.0000E+00
    3.1050E+04    0.0000E+00    0.0000E+00    0.0000E+00    0.0000E+00
    3.1150E+04    0.0000E+00    0.0000E+00    0.0000E+00    0.0000E+00
    3.1250E+04    0.0000E+00    0.0000E+00    0.0000E+00    0.0000E+00
    3.1350E+04    0.0000E+00    0.0000E+00    0.0000E+00    0.0000E+00
    3.1450E+04    0.0000E+00    0.0000E+00    0.0000E+00    0.0000E+00
    3.1550E+04    0.0000E+00    0.0000E+00    0.0000E+00    0.0000E+00
    3.1650E+04    0.0000E+00    0.0000E+00    0.0000E+00    0.0000E+00
    3.1750E+04    0.0000E+00    0.0000E+00    0.0000E+00    0.0000E+00
    3.1850E+04    0.0000E+00    0.0000E+00    0.0000E+00    0.0000E+00
    3.1950E+04    0.0000E+00    0.0000E+00    0.0000E+00    0.0000E+00
    3.2100E+04    0.0000E+00    0.0000E+00    0.0000E+00    0.0000E+00
    3.2300E+04    0.0000E+00    0.0000E+00    0.0000E+00    0.0000E+00
    3.2500E+04    0.0000E+00    0.0000E+00    0.0000E+00    0.0000E+00
    3.2700E+04    0.0000E+00    0.0000E+00    0.0000E+00    0.0000E+00
    3.2900E+04    0.0000E+00    0.0000E+00    0.0000E+00    0.0000E+00
    3.3100E+04    0.0000E+00    0.0000E+00    0.0000E+00    0.0000E+00
    3.3300E+04    0.0000E+00    0.0000E+00    0.0000E+00    0.0000E+00
    3.3500E+04    0.0000E+00    0.0000E+00    0.0000E+00    0.0000E+00
    3.3700E+04    0.0000E+00    0.0000E+00    0.0000E+00    0.0000E+00
    3.3900E+04    0.0000E+00    0.0000E+00    0.0000E+00    0.0000E+00
    3.4100E+04    0.0000E+00    0.0000E+00    0.0000E+00    0.0000E+00
    3.4300E+04    0.0000E+00    0.0000E+00    0.0000E+00    0.0000E+00
    3.4500E+04    0.0000E+00    0.0000E+00    0.0000E+00    0.0000E+00
    3.4700E+04    0.0000E+00    0.0000E+00    0.0000E+00    0.0000E+00
    3.4900E+04    0.0000E+00    0.0000E+00    0.0000E+00    0.0000E+00
    3.5100E+04    0.0000E+00    0.0000E+00    0.0000E+00    0.0000E+00
    3.5300E+04    0.0000E+00    0.0000E+00    0.0000E+00    0.0000E+00
    3.5500E+04    0.0000E+00    0.0000E+00    0.0000E+00    0.0000E+00
    3.5700E+04    0.0000E+00    0.0000E+00    0.0000E+00    0.0000E+00
    3.5900E+04    0.0000E+00    0.0000E+00    0.0000E+00    0.0000E+00
    3.6100E+04    0.0000E+00    0.0000E+00    0.0000E+00    0.0000E+00
    3.6300E+04    0.0000E+00    0.0000E+00    0.0000E+00    0.0000E+00
    3.6500E+04    0.0000E+00    0.0000E+00    0.0000E+00    0.0000E+00
    3.6700E+04    0.0000E+00    0.0000E+00    0.0000E+00    0.0000E+00
    3.6900E+04    0.0000E+00    0.0000E+00    0.0000E+00    0.0000E+00
    3.7100E+04    0.0000E+00    0.0000E+00    0.0000E+00    0.0000E+00
    3.7300E+04    0.0000E+00    0.0000E+00    0.0000E+00    0.0000E+00
    3.7500E+04    0.0000E+00    0.0000E+00    0.0000E+00    0.0000E+00
    3.7700E+04    0.0000E+00    0.0000E+00    0.0000E+00    0.0000E+00
    3.7900E+04    0.0000E+00    0.0000E+00    0.0000E+00    0.0000E+00
    3.8100E+04    0.0000E+00    0.0000E+00    0.0000E+00    0.0000E+00
    3.8300E+04    0.0000E+00    0.0000E+00    0.0000E+00    0.0000E+00
    3.8500E+04    0.0000E+00    0.0000E+00    0.0000E+00    0.0000E+00
    3.8700E+04    0.0000E+00    0.0000E+00    0.0000E+00    0.0000E+00
    3.8900E+04    0.0000E+00    0.0000E+00    0.0000E+00    0.0000E+00
    3.9100E+04    0.0000E+00    0.0000E+00    0.0000E+00    0.0000E+00
    3.9300E+04    0.0000E+00    0.0000E+00    0.0000E+00    0.0000E+00
    3.9500E+04    0.0000E+00    0.0000E+00    0.0000E+00    0.0000E+00
    3.9700E+04    0.0000E+00    0.0000E+00    0.0000E+00    0.0000E+00
    3.9900E+04    0.0000E+00    0.0000E+00    0.0000E+00    0.0000E+00
    4.0100E+04    0.0000E+00    0.0000E+00    0.0000E+00    0.0000E+00
    4.0300E+04    0.0000E+00    0.0000E+00    0.0000E+00    0.0000E+00
    4.0500E+04    0.0000E+00    0.0000E+00    0.0000E+00    0.0000E+00
    4.0700E+04    0.0000E+00    0.0000E+00    0.0000E+00    0.0000E+00
    4.0900E+04    0.0000E+00    0.0000E+00    0.0000E+00    0.0000E+00
    4.1100E+04    0.0000E+00    0.0000E+00    0.0000E+00    0.0000E+00
    4.1300E+04    0.0000E+00    0.0000E+00    0.0000E+00    0.0000E+00
    4.1500E+04    0.0000E+00    0.0000E+00    0.0000E+00    0.0000E+00
    4.1700E+04    0.0000E+00    0.0000E+00    0.0000E+00    0.0000E+00
    4.1900E+04    0.0000E+00    0.0000E+00    0.0000E+00    0.0000E+00
    4.2100E+04    0.0000E+00    0.0000E+00    0.0000E+00    0.0000E+00
    4.2300E+04    0.0000E+00    0.0000E+00    0.0000E+00    0.0000E+00
    4.2500E+04    0.0000E+00    0.0000E+00    0.0000E+00    0.0000E+00
    4.2700E+04    0.0000E+00    0.0000E+00    0.0000E+00    0.0000E+00
    4.2900E+04    0.0000E+00    0.0000E+00    0.0000E+00    0.0000E+00
    4.3100E+04    0.0000E+00    0.0000E+00    0.0000E+00    0.0000E+00
    4.3300E+04    0.0000E+00    0.0000E+00    0.0000E+00    0.0000E+00
    4.3500E+04    0.0000E+00    0.0000E+00    0.0000E+00    0.0000E+00
    4.3700E+04    0.0000E+00    0.0000E+00    0.0000E+00    0.0000E+00
    4.3900E+04    0.0000E+00    0.0000E+00    0.0000E+00    0.0000E+00
    4.4100E+04    0.0000E+00    0.0000E+00    0.0000E+00    0.0000E+00
    4.4300E+04    0.0000E+00    0.0000E+00    0.0000E+00    0.0000E+00
    4.4500E+04    0.0000E+00    0.0000E+00    0.0000E+00    0.0000E+00
    4.4700E+04    0.0000E+00    0.0000E+00    0.0000E+00    0.0000E+00
    4.4900E+04    0.0000E+00    0.0000E+00    0.0000E+00    0.0000E+00
    4.5100E+04    0.0000E+00    0.0000E+00    0.0000E+00    0.0000E+00
    4.5300E+04    0.0000E+00    0.0000E+00    0.0000E+00    0.0000E+00
    4.5500E+04    0.0000E+00    0.0000E+00    0.0000E+00    0.0000E+00
    4.5700E+04    0.0000E+00    0.0000E+00    0.0000E+00    0.0000E+00
    4.5900E+04    0.0000E+00    0.0000E+00    0.0000E+00    0.0000E+00
    4.6100E+04    0.0000E+00    0.0000E+00    0.0000E+00    0.0000E+00
    4.6300E+04    0.0000E+00    0.0000E+00    0.0000E+00    0.0000E+00
    4.6500E+04    0.0000E+00    0.0000E+00    0.0000E+00    0.0000E+00
    4.6700E+04    0.0000E+00    0.0000E+00    0.0000E+00    0.0000E+00
    4.6900E+04    0.0000E+00    0.0000E+00    0.0000E+00    0.0000E+00
    4.7100E+04    0.0000E+00    0.0000E+00    0.0000E+00    0.0000E+00
    4.7300E+04    0.0000E+00    0.0000E+00    0.0000E+00    0.0000E+00
    4.7500E+04    0.0000E+00    0.0000E+00    0.0000E+00    0.0000E+00
    4.7700E+04    0.0000E+00    0.0000E+00    0.0000E+00    0.0000E+00
    4.7900E+04    0.0000E+00    0.0000E+00    0.0000E+00    0.0000E+00
    4.8100E+04    0.0000E+00    0.0000E+00    0.0000E+00    0.0000E+00
    4.8300E+04    0.0000E+00    0.0000E+00    0.0000E+00    0.0000E+00
    4.8500E+04    0.0000E+00    0.0000E+00    0.0000E+00    0.0000E+00
    4.8700E+04    0.0000E+00    0.0000E+00    0.0000E+00    0.0000E+00
    4.8900E+04    0.0000E+00    0.0000E+00    0.0000E+00    0.0000E+00
    4.9100E+04    0.0000E+00    0.0000E+00    0.0000E+00    0.0000E+00
    4.9300E+04    0.0000E+00    0.0000E+00    0.0000E+00    0.0000E+00
    4.9500E+04    0.0000E+00    0.0000E+00    0.0000E+00    0.0000E+00
    4.9700E+04    0.0000E+00    0.0000E+00    0.0000E+00    0.0000E+00
    4.9900E+04    0.0000E+00    0.0000E+00    0.0000E+00    0.0000E+00
    5.0100E+04    0.0000E+00    0.0000E+00    0.0000E+00    0.0000E+00
    5.0300E+04    0.0000E+00    0.0000E+00    0.0000E+00    0.0000E+00
    5.0500E+04    0.0000E+00    0.0000E+00    0.0000E+00    0.0000E+00
    5.0700E+04    0.0000E+00    0.0000E+00    0.0000E+00    0.0000E+00
    5.0900E+04    0.0000E+00    0.0000E+00    0.0000E+00    0.0000E+00
    5.1100E+04    0.0000E+00    0.0000E+00    0.0000E+00    0.0000E+00
    5.1300E+04    0.0000E+00    0.0000E+00    0.0000E+00    0.0000E+00
    5.1500E+04    0.0000E+00    0.0000E+00    0.0000E+00    0.0000E+00
    5.1700E+04    0.0000E+00    0.0000E+00    0.0000E+00    0.0000E+00
    5.1900E+04    0.0000E+00    0.0000E+00    0.0000E+00    0.0000E+00
    5.2100E+04    0.0000E+00    0.0000E+00    0.0000E+00    0.0000E+00
    5.2300E+04    0.0000E+00    0.0000E+00    0.0000E+00    0.0000E+00
    5.2500E+04    0.0000E+00    0.0000E+00    0.0000E+00    0.0000E+00
    5.2700E+04    0.0000E+00    0.0000E+00    0.0000E+00    0.0000E+00
    5.2900E+04    0.0000E+00    0.0000E+00    0.0000E+00    0.0000E+00
    5.3100E+04    0.0000E+00    0.0000E+00    0.0000E+00    0.0000E+00
    5.3300E+04    0.0000E+00    0.0000E+00    0.0000E+00    0.0000E+00
    5.3500E+04    0.0000E+00    0.0000E+00    0.0000E+00    0.0000E+00
    5.3700E+04    0.0000E+00    0.0000E+00    0.0000E+00    0.0000E+00
    5.3900E+04    0.0000E+00    0.0000E+00    0.0000E+00    0.0000E+00
    5.4100E+04    0.0000E+00    0.0000E+00    0.0000E+00    0.0000E+00
    5.4300E+04    0.0000E+00    0.0000E+00    0.0000E+00    0.0000E+00
    5.4500E+04    0.0000E+00    0.0000E+00    0.0000E+00    0.0000E+00
    5.4700E+04    0.0000E+00    0.0000E+00    0.0000E+00    0.0000E+00
    5.4900E+04    0.0000E+00    0.0000E+00    0.0000E+00    0.0000E+00
    5.5100E+04    0.0000E+00    0.0000E+00    0.0000E+00    0.0000E+00
    5.5300E+04    0.0000E+00    0.0000E+00    0.0000E+00    0.0000E+00
    5.5500E+04    0.0000E+00    0.0000E+00    0.0000E+00    0.0000E+00
    5.5700E+04    0.0000E+00    0.0000E+00    0.0000E+00    0.0000E+00
    5.5900E+04    0.0000E+00    0.0000E+00    0.0000E+00    0.0000E+00
    5.6100E+04    0.0000E+00    0.0000E+00    0.0000E+00    0.0000E+00
    5.6300E+04    0.0000E+00    0.0000E+00    0.0000E+00    0.0000E+00
    5.6500E+04    0.0000E+00    0.0000E+00    0.0000E+00    0.0000E+00
    5.6700E+04    0.0000E+00    0.0000E+00    0.0000E+00    0.0000E+00
    5.6900E+04    0.0000E+00    0.0000E+00    0.0000E+00    0.0000E+00
    5.7100E+04    0.0000E+00    0.0000E+00    0.0000E+00    0.0000E+00
    5.7300E+04    0.0000E+00    0.0000E+00    0.0000E+00    0.0000E+00
    5.7500E+04    0.0000E+00    0.0000E+00    0.0000E+00    0.0000E+00
    5.7700E+04    0.0000E+00    0.0000E+00    0.0000E+00    0.0000E+00
    5.7900E+04    0.0000E+00    0.0000E+00    0.0000E+00    0.0000E+00
    5.8100E+04    0.0000E+00    0.0000E+00    0.0000E+00    0.0000E+00
    5.8300E+04    0.0000E+00    0.0000E+00    0.0000E+00    0.0000E+00
    5.8500E+04    0.0000E+00    0.0000E+00    0.0000E+00    0.0000E+00
    5.8700E+04    0.0000E+00    0.0000E+00    0.0000E+00    0.0000E+00
    5.8900E+04    0.0000E+00    0.0000E+00    0.0000E+00    0.0000E+00
    5.9100E+04    0.0000E+00    0.0000E+00    0.0000E+00    0.0000E+00
    5.9300E+04    0.0000E+00    0.0000E+00    0.0000E+00    0.0000E+00
    5.9500E+04    0.0000E+00    0.0000E+00    0.0000E+00    0.0000E+00
    5.9700E+04    0.0000E+00    0.0000E+00    0.0000E+00    0.0000E+00
    5.9900E+04    0.0000E+00    0.0000E+00    0.0000E+00    0.0000E+00
    6.0100E+04    0.0000E+00    0.0000E+00    0.0000E+00    0.0000E+00
    6.0300E+04    0.0000E+00    0.0000E+00    0.0000E+00    0.0000E+00
    6.0500E+04    0.0000E+00    0.0000E+00    0.0000E+00    0.0000E+00
    6.0700E+04    0.0000E+00    0.0000E+00    0.0000E+00    0.0000E+00
    6.0900E+04    0.0000E+00    0.0000E+00    0.0000E+00    0.0000E+00
    6.1100E+04    0.0000E+00    0.0000E+00    0.0000E+00    0.0000E+00
    6.1300E+04    0.0000E+00    0.0000E+00    0.0000E+00    0.0000E+00
    6.1500E+04    0.0000E+00    0.0000E+00    0.0000E+00    0.0000E+00
    6.1700E+04    0.0000E+00    0.0000E+00    0.0000E+00    0.0000E+00
    6.1900E+04    0.0000E+00    0.0000E+00    0.0000E+00    0.0000E+00
    6.2100E+04    0.0000E+00    0.0000E+00    0.0000E+00    0.0000E+00
    6.2300E+04    0.0000E+00    0.0000E+00    0.0000E+00    0.0000E+00
    6.2500E+04    0.0000E+00    0.0000E+00    0.0000E+00    0.0000E+00
    6.2700E+04    0.0000E+00    0.0000E+00    0.0000E+00    0.0000E+00
    6.2900E+04    0.0000E+00    0.0000E+00    0.0000E+00    0.0000E+00
    6.3100E+04    0.0000E+00    0.0000E+00    0.0000E+00    0.0000E+00
    6.3300E+04    0.0000E+00    0.0000E+00    0.0000E+00    0.0000E+00
    6.3500E+04    0.0000E+00    0.0000E+00    0.0000E+00    0.0000E+00
    6.3700E+04    0.0000E+00    0.0000E+00    0.0000E+00    0.0000E+00
    6.3900E+04    0.0000E+00    0.0000E+00    0.0000E+00    0.0000E+00
    6.4200E+04    0.0000E+00    0.0000E+00    0.0000E+00    0.0000E+00
    6.4600E+04    0.0000E+00    0.0000E+00    0.0000E+00    0.0000E+00
    6.5000E+04    0.0000E+00    0.0000E+00    0.0000E+00    0.0000E+00
    6.5400E+04    0.0000E+00    0.0000E+00    0.0000E+00    0.0000E+00
    6.5800E+04    0.0000E+00    0.0000E+00    0.0000E+00    0.0000E+00
    6.6200E+04    0.0000E+00    0.0000E+00    0.0000E+00    0.0000E+00
    6.6600E+04    0.0000E+00    0.0000E+00    0.0000E+00    0.0000E+00
    6.7000E+04    0.0000E+00    0.0000E+00    0.0000E+00    0.0000E+00
    6.7400E+04    0.0000E+00    0.0000E+00    0.0000E+00    0.0000E+00
    6.7800E+04    0.0000E+00    0.0000E+00    0.0000E+00    0.0000E+00
    6.8200E+04    0.0000E+00    0.0000E+00    0.0000E+00    0.0000E+00
    6.8600E+04    0.0000E+00    0.0000E+00    0.0000E+00    0.0000E+00
    6.9000E+04    0.0000E+00    0.0000E+00    0.0000E+00    0.0000E+00
    6.9400E+04    0.0000E+00    0.0000E+00    0.0000E+00    0.0000E+00
    6.9800E+04    0.0000E+00    0.0000E+00    0.0000E+00    0.0000E+00
    7.0200E+04    0.0000E+00    0.0000E+00    0.0000E+00    0.0000E+00
    7.0600E+04    0.0000E+00    0.0000E+00    0.0000E+00    0.0000E+00
    7.1000E+04    0.0000E+00    0.0000E+00    0.0000E+00    0.0000E+00
    7.1400E+04    0.0000E+00    0.0000E+00    0.0000E+00    0.0000E+00
    7.1800E+04    0.0000E+00    0.0000E+00    0.0000E+00    0.0000E+00
    7.2200E+04    0.0000E+00    0.0000E+00    0.0000E+00    0.0000E+00
    7.2600E+04    0.0000E+00    0.0000E+00    0.0000E+00    0.0000E+00
    7.3000E+04    0.0000E+00    0.0000E+00    0.0000E+00    0.0000E+00
    7.3400E+04    0.0000E+00    0.0000E+00    0.0000E+00    0.0000E+00
    7.3800E+04    0.0000E+00    0.0000E+00    0.0000E+00    0.0000E+00
    7.4200E+04    0.0000E+00    0.0000E+00    0.0000E+00    0.0000E+00
    7.4600E+04    0.0000E+00    0.0000E+00    0.0000E+00    0.0000E+00
    7.5000E+04    0.0000E+00    0.0000E+00    0.0000E+00    0.0000E+00
    7.5400E+04    0.0000E+00    0.0000E+00    0.0000E+00    0.0000E+00
    7.5800E+04    0.0000E+00    0.0000E+00    0.0000E+00    0.0000E+00
    7.6200E+04    0.0000E+00    0.0000E+00    0.0000E+00    0.0000E+00
    7.6600E+04    0.0000E+00    0.0000E+00    0.0000E+00    0.0000E+00
    7.7000E+04    0.0000E+00    0.0000E+00    0.0000E+00    0.0000E+00
    7.7400E+04    0.0000E+00    0.0000E+00    0.0000E+00    0.0000E+00
    7.7800E+04    0.0000E+00    0.0000E+00    0.0000E+00    0.0000E+00
    7.8200E+04    0.0000E+00    0.0000E+00    0.0000E+00    0.0000E+00
    7.8600E+04    0.0000E+00    0.0000E+00    0.0000E+00    0.0000E+00
    7.9000E+04    0.0000E+00    0.0000E+00    0.0000E+00    0.0000E+00
    7.9400E+04    0.0000E+00    0.0000E+00    0.0000E+00    0.0000E+00
    7.9800E+04    0.0000E+00    0.0000E+00    0.0000E+00    0.0000E+00
    8.0200E+04    0.0000E+00    0.0000E+00    0.0000E+00    0.0000E+00
    8.0600E+04    0.0000E+00    0.0000E+00    0.0000E+00    0.0000E+00
    8.1000E+04    0.0000E+00    0.0000E+00    0.0000E+00    0.0000E+00
    8.1400E+04    0.0000E+00    0.0000E+00    0.0000E+00    0.0000E+00
    8.1800E+04    0.0000E+00    0.0000E+00    0.0000E+00    0.0000E+00
    8.2200E+04    0.0000E+00    0.0000E+00    0.0000E+00    0.0000E+00
    8.2600E+04    0.0000E+00    0.0000E+00    0.0000E+00    0.0000E+00
    8.3000E+04    0.0000E+00    0.0000E+00    0.0000E+00    0.0000E+00
    8.3400E+04    0.0000E+00    0.0000E+00    0.0000E+00    0.0000E+00
    8.3800E+04    0.0000E+00    0.0000E+00    0.0000E+00    0.0000E+00
    8.4200E+04    0.0000E+00    0.0000E+00    0.0000E+00    0.0000E+00
    8.4600E+04    0.0000E+00    0.0000E+00    0.0000E+00    0.0000E+00
    8.5000E+04    0.0000E+00    0.0000E+00    0.0000E+00    0.0000E+00
    8.5400E+04    0.0000E+00    0.0000E+00    0.0000E+00    0.0000E+00
    8.5800E+04    0.0000E+00    0.0000E+00    0.0000E+00    0.0000E+00
    8.6200E+04    0.0000E+00    0.0000E+00    0.0000E+00    0.0000E+00
    8.6600E+04    0.0000E+00    0.0000E+00    0.0000E+00    0.0000E+00
    8.7000E+04    0.0000E+00    0.0000E+00    0.0000E+00    0.0000E+00
    8.7400E+04    0.0000E+00    0.0000E+00    0.0000E+00    0.0000E+00
    8.7800E+04    0.0000E+00    0.0000E+00    0.0000E+00    0.0000E+00
    8.8200E+04    0.0000E+00    0.0000E+00    0.0000E+00    0.0000E+00
    8.8600E+04    0.0000E+00    0.0000E+00    0.0000E+00    0.0000E+00
    8.9000E+04    0.0000E+00    0.0000E+00    0.0000E+00    0.0000E+00
    8.9400E+04    0.0000E+00    0.0000E+00    0.0000E+00    0.0000E+00
    8.9800E+04    0.0000E+00    0.0000E+00    0.0000E+00    0.0000E+00
    9.0200E+04    0.0000E+00    0.0000E+00    0.0000E+00    0.0000E+00
    9.0600E+04    0.0000E+00    0.0000E+00    0.0000E+00    0.0000E+00
    9.1000E+04    0.0000E+00    0.0000E+00    0.0000E+00    0.0000E+00
    9.1400E+04    0.0000E+00    0.0000E+00    0.0000E+00    0.0000E+00
    9.1800E+04    0.0000E+00    0.0000E+00    0.0000E+00    0.0000E+00
    9.2200E+04    0.0000E+00    0.0000E+00    0.0000E+00    0.0000E+00
    9.2600E+04    0.0000E+00    0.0000E+00    0.0000E+00    0.0000E+00
    9.3000E+04    0.0000E+00    0.0000E+00    0.0000E+00    0.0000E+00
    9.3400E+04    0.0000E+00    0.0000E+00    0.0000E+00    0.0000E+00
    9.3800E+04    0.0000E+00    0.0000E+00    0.0000E+00    0.0000E+00
    9.4200E+04    0.0000E+00    0.0000E+00    0.0000E+00    0.0000E+00
    9.4600E+04    0.0000E+00    0.0000E+00    0.0000E+00    0.0000E+00
    9.5000E+04    0.0000E+00    0.0000E+00    0.0000E+00    0.0000E+00
    9.5400E+04    0.0000E+00    0.0000E+00    0.0000E+00    0.0000E+00
    9.5800E+04    0.0000E+00    0.0000E+00    0.0000E+00    0.0000E+00
    9.6200E+04    0.0000E+00    0.0000E+00    0.0000E+00    0.0000E+00
    9.6600E+04    0.0000E+00    0.0000E+00    0.0000E+00    0.0000E+00
    9.7000E+04    0.0000E+00    0.0000E+00    0.0000E+00    0.0000E+00
    9.7400E+04    0.0000E+00    0.0000E+00    0.0000E+00    0.0000E+00
    9.7800E+04    0.0000E+00    0.0000E+00    0.0000E+00    0.0000E+00
    9.8200E+04    0.0000E+00    0.0000E+00    0.0000E+00    0.0000E+00
    9.8600E+04    0.0000E+00    0.0000E+00    0.0000E+00    0.0000E+00
    9.9000E+04    0.0000E+00    0.0000E+00    0.0000E+00    0.0000E+00
    9.9400E+04    0.0000E+00    0.0000E+00    0.0000E+00    0.0000E+00
    9.9800E+04    0.0000E+00    0.0000E+00    0.0000E+00    0.0000E+00
    1.0020E+05    0.0000E+00    0.0000E+00    0.0000E+00    0.0000E+00
    2.0000E+05    0.0000E+00    0.0000E+00    0.0000E+00    0.0000E+00
    4.0000E+05    0.0000E+00    0.0000E+00    0.0000E+00    0.0000E+00
    6.0000E+05    0.0000E+00    0.0000E+00    0.0000E+00    0.0000E+00
    8.0000E+05    0.0000E+00    0.0000E+00    0.0000E+00    0.0000E+00
    1.0000E+06    0.0000E+00    0.0000E+00    0.0000E+00    0.0000E+00
    1.2000E+06    0.0000E+00    0.0000E+00    0.0000E+00    0.0000E+00
    1.4000E+06    0.0000E+00    0.0000E+00    0.0000E+00    0.0000E+00
    1.6000E+06    0.0000E+00    0.0000E+00    0.0000E+00    0.0000E+00
