    9.1000E+01    2.5484E+24    1.9638E+25    3.2724E+25    4.5422E+25
    9.4000E+01    2.6957E+24    2.0773E+25    3.4616E+25    4.8047E+25
    9.6000E+01    2.7934E+24    2.1526E+25    3.5870E+25    4.9789E+25
    9.8000E+01    2.8907E+24    2.2275E+25    3.7119E+25    5.1523E+25
    1.0000E+02    2.9875E+24    2.3021E+25    3.8362E+25    5.3248E+25
    1.0200E+02    3.0837E+24    2.3763E+25    3.9599E+25    5.4964E+25
    1.0400E+02    3.1794E+24    2.4501E+25    4.0828E+25    5.6670E+25
    1.0600E+02    3.2746E+24    2.5234E+25    4.2049E+25    5.8366E+25
    1.0800E+02    3.3691E+24    2.5962E+25    4.3263E+25    6.0050E+25
    1.1000E+02    3.4630E+24    2.6685E+25    4.4469E+25    6.1724E+25
    1.1400E+02    3.6487E+24    2.8117E+25    4.6854E+25    6.5034E+25
    1.1800E+02    3.8317E+24    2.9527E+25    4.9203E+25    6.8296E+25
    1.2100E+02    3.9670E+24    3.0570E+25    5.0941E+25    7.0708E+25
    1.2500E+02    4.1449E+24    3.1940E+25    5.3226E+25    7.3879E+25
    1.2700E+02    4.2327E+24    3.2617E+25    5.4353E+25    7.5444E+25
    1.2800E+02    4.2764E+24    3.2953E+25    5.4914E+25    7.6222E+25
    1.3100E+02    4.4061E+24    3.3953E+25    5.6580E+25    7.8535E+25
    1.3200E+02    4.4490E+24    3.4284E+25    5.7131E+25    7.9299E+25
    1.3400E+02    4.5342E+24    3.4940E+25    5.8225E+25    8.0817E+25
    1.3700E+02    4.6606E+24    3.5914E+25    5.9847E+25    8.3070E+25
    1.4000E+02    4.7853E+24    3.6875E+25    6.1448E+25    8.5292E+25
    1.4300E+02    4.9083E+24    3.7823E+25    6.3028E+25    8.7484E+25
    1.4700E+02    5.0696E+24    3.9066E+25    6.5100E+25    9.0361E+25
    1.5100E+02    5.2281E+24    4.0287E+25    6.7135E+25    9.3185E+25
    1.5500E+02    5.3836E+24    4.1486E+25    6.9132E+25    9.5957E+25
    1.5900E+02    5.5363E+24    4.2662E+25    7.1092E+25    9.8678E+25
    1.6200E+02    5.6489E+24    4.3530E+25    7.2539E+25    1.0069E+26
    1.6600E+02    5.7967E+24    4.4669E+25    7.4437E+25    1.0332E+26
    1.7000E+02    5.9418E+24    4.5787E+25    7.6300E+25    1.0591E+26
    1.7300E+02    6.0489E+24    4.6612E+25    7.7674E+25    1.0781E+26
    1.7700E+02    6.1893E+24    4.7694E+25    7.9478E+25    1.1032E+26
    1.8000E+02    6.2930E+24    4.8493E+25    8.0809E+25    1.1217E+26
    1.8200E+02    6.3613E+24    4.9020E+25    8.1686E+25    1.1338E+26
    1.8600E+02    6.4961E+24    5.0058E+25    8.3417E+25    1.1579E+26
    1.9100E+02    6.6612E+24    5.1330E+25    8.5537E+25    1.1873E+26
    1.9400E+02    6.7585E+24    5.2080E+25    8.6787E+25    1.2046E+26
    1.9800E+02    6.8862E+24    5.3064E+25    8.8426E+25    1.2274E+26
    2.0200E+02    7.0116E+24    5.4031E+25    9.0037E+25    1.2497E+26
    2.0500E+02    7.1043E+24    5.4745E+25    9.1227E+25    1.2663E+26
    2.1000E+02    7.2560E+24    5.5914E+25    9.3176E+25    1.2933E+26
    2.1600E+02    7.4338E+24    5.7284E+25    9.5459E+25    1.3250E+26
    2.2000E+02    7.5499E+24    5.8179E+25    9.6949E+25    1.3457E+26
    2.2300E+02    7.6356E+24    5.8839E+25    9.8050E+25    1.3610E+26
    2.2700E+02    7.7483E+24    5.9707E+25    9.9497E+25    1.3810E+26
    2.3000E+02    7.8315E+24    6.0349E+25    1.0057E+26    1.3959E+26
    2.3400E+02    7.9409E+24    6.1192E+25    1.0197E+26    1.4154E+26
    2.4000E+02    8.1018E+24    6.2431E+25    1.0404E+26    1.4440E+26
    2.4600E+02    8.2587E+24    6.3641E+25    1.0605E+26    1.4720E+26
    2.5200E+02    8.4120E+24    6.4822E+25    1.0802E+26    1.4993E+26
    2.5700E+02    8.5370E+24    6.5785E+25    1.0962E+26    1.5216E+26
    2.6000E+02    8.6108E+24    6.6354E+25    1.1057E+26    1.5348E+26
    2.6400E+02    8.7080E+24    6.7103E+25    1.1182E+26    1.5521E+26
    2.6900E+02    8.8273E+24    6.8023E+25    1.1335E+26    1.5734E+26
    2.7400E+02    8.9445E+24    6.8925E+25    1.1486E+26    1.5943E+26
    2.7900E+02    9.0595E+24    6.9811E+25    1.1633E+26    1.6147E+26
    2.8400E+02    9.1724E+24    7.0681E+25    1.1778E+26    1.6349E+26
    2.9000E+02    9.3052E+24    7.1705E+25    1.1949E+26    1.6585E+26
    2.9600E+02    9.4352E+24    7.2707E+25    1.2116E+26    1.6817E+26
    3.0100E+02    9.5415E+24    7.3526E+25    1.2252E+26    1.7007E+26
    3.0800E+02    9.6872E+24    7.4648E+25    1.2439E+26    1.7266E+26
    3.1800E+02    9.8894E+24    7.6207E+25    1.2699E+26    1.7627E+26
    3.2800E+02    1.0085E+25    7.7714E+25    1.2950E+26    1.7975E+26
    3.3800E+02    1.0274E+25    7.9174E+25    1.3194E+26    1.8313E+26
    3.4800E+02    1.0458E+25    8.0588E+25    1.3429E+26    1.8640E+26
    3.5700E+02    1.0618E+25    8.1823E+25    1.3635E+26    1.8926E+26
    3.6600E+02    1.0774E+25    8.3025E+25    1.3835E+26    1.9204E+26
    3.7500E+02    1.0926E+25    8.4196E+25    1.4030E+26    1.9475E+26
    3.8500E+02    1.1090E+25    8.5461E+25    1.4241E+26    1.9767E+26
    3.9500E+02    1.1250E+25    8.6691E+25    1.4446E+26    2.0052E+26
    4.0500E+02    1.1405E+25    8.7888E+25    1.4646E+26    2.0329E+26
    4.1400E+02    1.1541E+25    8.8937E+25    1.4820E+26    2.0571E+26
    4.2200E+02    1.1660E+25    8.9848E+25    1.4972E+26    2.0782E+26
    4.3000E+02    1.1776E+25    9.0741E+25    1.5121E+26    2.0989E+26
    4.4100E+02    1.1931E+25    9.1939E+25    1.5321E+26    2.1266E+26
    4.5100E+02    1.2069E+25    9.2999E+25    1.5497E+26    2.1511E+26
    4.6000E+02    1.2190E+25    9.3932E+25    1.5653E+26    2.1727E+26
    4.7000E+02    1.2321E+25    9.4944E+25    1.5822E+26    2.1961E+26
    4.8000E+02    1.2449E+25    9.5933E+25    1.5986E+26    2.2189E+26
    4.9000E+02    1.2575E+25    9.6899E+25    1.6147E+26    2.2413E+26
    5.0000E+02    1.2697E+25    9.7843E+25    1.6305E+26    2.2631E+26
    5.0600E+02    1.2769E+25    9.8399E+25    1.6397E+26    2.2760E+26
    5.1200E+02    1.2841E+25    9.8948E+25    1.6489E+26    2.2887E+26
    5.2000E+02    1.2934E+25    9.9669E+25    1.6609E+26    2.3054E+26
    5.3000E+02    1.3049E+25    1.0055E+26    1.6756E+26    2.3258E+26
    5.4000E+02    1.3161E+25    1.0142E+26    1.6900E+26    2.3458E+26
    5.5000E+02    1.3271E+25    1.0227E+26    1.7042E+26    2.3654E+26
    5.6000E+02    1.3379E+25    1.0310E+26    1.7180E+26    2.3846E+26
    5.7000E+02    1.3484E+25    1.0391E+26    1.7316E+26    2.4035E+26
    5.8000E+02    1.3588E+25    1.0471E+26    1.7449E+26    2.4219E+26
    5.9000E+02    1.3690E+25    1.0549E+26    1.7579E+26    2.4400E+26
    6.0000E+02    1.3789E+25    1.0626E+26    1.7707E+26    2.4578E+26
    6.1000E+02    1.3887E+25    1.0701E+26    1.7832E+26    2.4752E+26
    6.2000E+02    1.3983E+25    1.0775E+26    1.7956E+26    2.4923E+26
    6.3000E+02    1.4077E+25    1.0848E+26    1.8077E+26    2.5091E+26
    6.4000E+02    1.4170E+25    1.0919E+26    1.8196E+26    2.5256E+26
    6.5000E+02    1.4261E+25    1.0989E+26    1.8312E+26    2.5418E+26
    6.5800E+02    1.4332E+25    1.1044E+26    1.8404E+26    2.5546E+26
    6.6500E+02    1.4394E+25    1.1092E+26    1.8484E+26    2.5656E+26
    6.7500E+02    1.4481E+25    1.1159E+26    1.8596E+26    2.5812E+26
    6.8500E+02    1.4567E+25    1.1225E+26    1.8706E+26    2.5964E+26
    6.9500E+02    1.4651E+25    1.1290E+26    1.8814E+26    2.6115E+26
    7.0500E+02    1.4734E+25    1.1354E+26    1.8921E+26    2.6262E+26
    7.1600E+02    1.4824E+25    1.1423E+26    1.9036E+26    2.6422E+26
    7.2600E+02    1.4904E+25    1.1485E+26    1.9139E+26    2.6565E+26
    7.3500E+02    1.4976E+25    1.1540E+26    1.9230E+26    2.6692E+26
    7.4500E+02    1.5053E+25    1.1600E+26    1.9330E+26    2.6831E+26
    7.5500E+02    1.5130E+25    1.1659E+26    1.9429E+26    2.6968E+26
    7.6500E+02    1.5206E+25    1.1717E+26    1.9526E+26    2.7103E+26
    7.7500E+02    1.5280E+25    1.1775E+26    1.9622E+26    2.7235E+26
    7.8500E+02    1.5354E+25    1.1831E+26    1.9716E+26    2.7366E+26
    7.9500E+02    1.5426E+25    1.1887E+26    1.9809E+26    2.7495E+26
    8.0500E+02    1.5498E+25    1.1942E+26    1.9901E+26    2.7623E+26
    8.1500E+02    1.5568E+25    1.1996E+26    1.9991E+26    2.7748E+26
    8.2500E+02    1.5637E+25    1.2050E+26    2.0080E+26    2.7872E+26
    8.3500E+02    1.5706E+25    1.2103E+26    2.0168E+26    2.7994E+26
    8.4500E+02    1.5773E+25    1.2155E+26    2.0255E+26    2.8114E+26
    8.5500E+02    1.5840E+25    1.2206E+26    2.0341E+26    2.8233E+26
    8.6500E+02    1.5906E+25    1.2257E+26    2.0425E+26    2.8351E+26
    8.7500E+02    1.5971E+25    1.2307E+26    2.0508E+26    2.8466E+26
    8.8500E+02    1.6035E+25    1.2356E+26    2.0591E+26    2.8581E+26
    8.9500E+02    1.6098E+25    1.2405E+26    2.0672E+26    2.8694E+26
    9.0500E+02    1.6161E+25    1.2453E+26    2.0752E+26    2.8805E+26
    9.1500E+02    1.0111E+27    8.6230E+27    8.9104E+27    8.9791E+27
    9.2500E+02    9.4385E+26    7.6090E+27    8.7788E+27    8.8503E+27
    9.3500E+02    1.1832E+27    1.1265E+28    1.3523E+28    1.3600E+28
    9.4500E+02    1.2587E+27    1.2136E+28    1.6615E+28    1.6739E+28
    9.5500E+02    1.3031E+27    1.2460E+28    1.8495E+28    1.8823E+28
    9.6500E+02    1.3629E+27    1.3299E+28    2.0891E+28    2.1354E+28
    9.7500E+02    1.1862E+27    1.0496E+28    1.3419E+28    1.3575E+28
    9.8500E+02    1.3416E+27    1.3179E+28    2.2026E+28    2.3208E+28
    9.9500E+02    1.3184E+27    1.2861E+28    2.1688E+28    2.3348E+28
    1.0050E+03    1.3462E+27    1.2810E+28    2.2553E+28    2.4357E+28
    1.0150E+03    1.3464E+27    1.3290E+28    2.1940E+28    2.2869E+28
    1.0250E+03    1.1916E+27    1.1218E+28    1.4793E+28    1.4906E+28
    1.0350E+03    1.3240E+27    1.2979E+28    2.0631E+28    2.1323E+28
    1.0450E+03    1.3680E+27    1.3773E+28    2.4667E+28    2.6777E+28
    1.0550E+03    1.3618E+27    1.3712E+28    2.4681E+28    2.7372E+28
    1.0650E+03    1.3345E+27    1.3335E+28    2.3434E+28    2.6059E+28
    1.0750E+03    1.3412E+27    1.3083E+28    2.4015E+28    2.7016E+28
    1.0850E+03    1.3079E+27    1.3016E+28    2.3108E+28    2.5972E+28
    1.0950E+03    1.3367E+27    1.3586E+28    2.4772E+28    2.7875E+28
    1.1050E+03    1.3220E+27    1.3413E+28    2.4236E+28    2.7331E+28
    1.1150E+03    1.3159E+27    1.3305E+28    2.4192E+28    2.7280E+28
    1.1250E+03    1.2918E+27    1.2392E+28    2.2683E+28    2.5753E+28
    1.1350E+03    1.3062E+27    1.3361E+28    2.4411E+28    2.7660E+28
    1.1450E+03    1.2911E+27    1.3181E+28    2.3737E+28    2.6833E+28
    1.1550E+03    1.2870E+27    1.2754E+28    2.3653E+28    2.6787E+28
    1.1650E+03    1.2804E+27    1.2897E+28    2.3962E+28    2.7213E+28
    1.1750E+03    1.2208E+27    1.1674E+28    2.1117E+28    2.4105E+28
    1.1850E+03    1.2584E+27    1.2952E+28    2.3727E+28    2.6544E+28
    1.1950E+03    1.2413E+27    1.2598E+28    2.2224E+28    2.3942E+28
    1.2050E+03    1.2187E+27    1.2172E+28    2.0192E+28    2.1097E+28
    1.2150E+03    1.0960E+27    1.0757E+28    1.4501E+28    1.4648E+28
    1.2250E+03    1.2364E+27    1.2491E+28    2.0668E+28    2.1425E+28
    1.2350E+03    1.2384E+27    1.1399E+28    2.1726E+28    2.3874E+28
    1.2450E+03    1.3237E+27    1.3864E+28    2.4699E+28    2.7659E+28
    1.2550E+03    1.3212E+27    1.3200E+28    2.4060E+28    2.7337E+28
    1.2650E+03    1.3342E+27    1.3230E+28    2.3803E+28    2.6743E+28
    1.2750E+03    1.3504E+27    1.3373E+28    2.4553E+28    2.8219E+28
    1.2850E+03    1.3606E+27    1.3383E+28    2.4659E+28    2.8590E+28
    1.2950E+03    1.3561E+27    1.3174E+28    2.3761E+28    2.7559E+28
    1.3050E+03    1.3644E+27    1.3319E+28    2.3934E+28    2.7605E+28
    1.3150E+03    1.3787E+27    1.3470E+28    2.4730E+28    2.8827E+28
    1.3250E+03    1.3778E+27    1.3403E+28    2.4435E+28    2.8534E+28
    1.3350E+03    1.3772E+27    1.3374E+28    2.4072E+28    2.8079E+28
    1.3450E+03    1.3844E+27    1.3228E+28    2.4357E+28    2.8672E+28
    1.3550E+03    1.3856E+27    1.3484E+28    2.4631E+28    2.8853E+28
    1.3650E+03    1.3820E+27    1.3383E+28    2.4258E+28    2.8376E+28
    1.3750E+03    1.3811E+27    1.3341E+28    2.4263E+28    2.8500E+28
    1.3850E+03    1.3816E+27    1.3254E+28    2.4266E+28    2.8627E+28
    1.3950E+03    1.3513E+27    1.2616E+28    2.2942E+28    2.7326E+28
    1.4050E+03    1.3411E+27    1.2846E+28    2.3339E+28    2.7798E+28
    1.4150E+03    1.3762E+27    1.3239E+28    2.4097E+28    2.8458E+28
    1.4250E+03    1.3673E+27    1.2975E+28    2.3758E+28    2.8189E+28
    1.4350E+03    1.3713E+27    1.3063E+28    2.3919E+28    2.8295E+28
    1.4420E+03    1.3701E+27    1.3119E+28    2.4101E+28    2.8617E+28
    1.4470E+03    1.3679E+27    1.3085E+28    2.4043E+28    2.8616E+28
    1.4550E+03    1.3630E+27    1.3038E+28    2.3922E+28    2.8486E+28
    1.4650E+03    1.3593E+27    1.2981E+28    2.3706E+28    2.8208E+28
    1.4750E+03    1.3563E+27    1.2956E+28    2.3667E+28    2.8172E+28
    1.4850E+03    1.3545E+27    1.2953E+28    2.3636E+28    2.8163E+28
    1.4950E+03    1.3487E+27    1.2908E+28    2.3572E+28    2.8134E+28
    1.5050E+03    1.3431E+27    1.2803E+28    2.3288E+28    2.7890E+28
    1.5120E+03    1.3382E+27    1.2692E+28    2.2898E+28    2.7435E+28
    1.5170E+03    1.3369E+27    1.2721E+28    2.3094E+28    2.7735E+28
    1.5250E+03    1.3327E+27    1.2664E+28    2.2990E+28    2.7498E+28
    1.5350E+03    1.3155E+27    1.2416E+28    2.2273E+28    2.6691E+28
    1.5450E+03    1.2968E+27    1.0781E+28    2.0768E+28    2.5446E+28
    1.5550E+03    1.2945E+27    1.2370E+28    2.2130E+28    2.6658E+28
    1.5650E+03    1.3031E+27    1.1839E+28    2.1787E+28    2.6163E+28
    1.5750E+03    1.3054E+27    1.2388E+28    2.2558E+28    2.7076E+28
    1.5850E+03    1.3035E+27    1.2039E+28    2.2285E+28    2.6943E+28
    1.5950E+03    1.2993E+27    1.2369E+28    2.2714E+28    2.7503E+28
    1.6050E+03    1.2871E+27    1.2217E+28    2.2298E+28    2.6934E+28
    1.6150E+03    1.2816E+27    1.2153E+28    2.2215E+28    2.6889E+28
    1.6250E+03    1.2789E+27    1.2136E+28    2.2156E+28    2.6677E+28
    1.6350E+03    1.2750E+27    1.2118E+28    2.2270E+28    2.6873E+28
    1.6450E+03    1.2628E+27    1.2050E+28    2.2119E+28    2.6767E+28
    1.6550E+03    1.2706E+27    1.2036E+28    2.2026E+28    2.6420E+28
    1.6650E+03    1.2675E+27    1.2038E+28    2.2279E+28    2.7031E+28
    1.6720E+03    1.2581E+27    1.1917E+28    2.1848E+28    2.6336E+28
    1.6770E+03    1.2668E+27    1.2074E+28    2.2313E+28    2.6950E+28
    1.6850E+03    1.2614E+27    1.2027E+28    2.2295E+28    2.7076E+28
    1.6950E+03    1.2557E+27    1.1954E+28    2.2072E+28    2.6759E+28
    1.7050E+03    1.2493E+27    1.1879E+28    2.1856E+28    2.6485E+28
    1.7150E+03    1.2409E+27    1.1737E+28    2.1567E+28    2.6205E+28
    1.7250E+03    1.2362E+27    1.1731E+28    2.1526E+28    2.6142E+28
    1.7350E+03    1.2377E+27    1.1765E+28    2.1746E+28    2.6523E+28
    1.7450E+03    1.2323E+27    1.1695E+28    2.1564E+28    2.6266E+28
    1.7550E+03    1.2279E+27    1.1679E+28    2.1697E+28    2.6556E+28
    1.7650E+03    1.2220E+27    1.1598E+28    2.1273E+28    2.5857E+28
    1.7750E+03    1.2185E+27    1.1565E+28    2.1404E+28    2.6266E+28
    1.7850E+03    1.2158E+27    1.1523E+28    2.1393E+28    2.6231E+28
    1.7950E+03    1.2116E+27    1.1509E+28    2.1482E+28    2.6437E+28
    1.8050E+03    1.2085E+27    1.1502E+28    2.1482E+28    2.6426E+28
    1.8150E+03    1.2019E+27    1.1403E+28    2.1179E+28    2.6098E+28
    1.8250E+03    1.1983E+27    1.1394E+28    2.1230E+28    2.6138E+28
    1.8350E+03    1.1949E+27    1.1357E+28    2.1120E+28    2.5994E+28
    1.8450E+03    1.1861E+27    1.1199E+28    2.0621E+28    2.5403E+28
    1.8550E+03    1.1813E+27    1.1150E+28    2.0497E+28    2.5288E+28
    1.8650E+03    1.1790E+27    1.1154E+28    2.0607E+28    2.5420E+28
    1.8750E+03    1.1770E+27    1.1168E+28    2.0837E+28    2.5783E+28
    1.8850E+03    1.1685E+27    1.1003E+28    2.0290E+28    2.5187E+28
    1.8950E+03    1.1627E+27    1.0900E+28    1.9962E+28    2.4833E+28
    1.9050E+03    1.1636E+27    1.0982E+28    2.0392E+28    2.5342E+28
    1.9150E+03    1.1573E+27    1.0882E+28    2.0068E+28    2.4967E+28
    1.9250E+03    1.1508E+27    1.0790E+28    1.9880E+28    2.4804E+28
    1.9350E+03    1.1521E+27    1.0854E+28    2.0138E+28    2.5052E+28
    1.9450E+03    1.1507E+27    1.0869E+28    2.0322E+28    2.5374E+28
    1.9550E+03    1.1416E+27    1.0702E+28    1.9787E+28    2.4775E+28
    1.9670E+03    1.1425E+27    1.0775E+28    2.0170E+28    2.5265E+28
    1.9760E+03    1.1420E+27    1.0810E+28    2.0361E+28    2.5452E+28
    1.9840E+03    1.1363E+27    1.0699E+28    2.0000E+28    2.5059E+28
    1.9950E+03    1.1304E+27    1.0619E+28    1.9756E+28    2.4740E+28
    2.0050E+03    1.1300E+27    1.0643E+28    1.9938E+28    2.4957E+28
    2.0150E+03    1.1280E+27    1.0631E+28    1.9936E+28    2.4890E+28
    2.0250E+03    1.1261E+27    1.0636E+28    2.0072E+28    2.5101E+28
    2.0350E+03    1.1206E+27    1.0529E+28    1.9761E+28    2.4810E+28
    2.0450E+03    1.1173E+27    1.0503E+28    1.9754E+28    2.4846E+28
    2.0550E+03    1.0912E+27    1.0214E+28    1.9146E+28    2.4121E+28
    2.0650E+03    1.1020E+27    1.0357E+28    1.9436E+28    2.4450E+28
    2.0740E+03    1.1243E+27    1.0611E+28    1.9984E+28    2.5087E+28
    2.0780E+03    1.1216E+27    1.0517E+28    1.9670E+28    2.4773E+28
    2.0850E+03    1.1204E+27    1.0523E+28    1.9758E+28    2.4910E+28
    2.0950E+03    1.1165E+27    1.0445E+28    1.9498E+28    2.4582E+28
    2.1050E+03    1.1157E+27    1.0465E+28    1.9658E+28    2.4776E+28
    2.1150E+03    1.1147E+27    1.0457E+28    1.9669E+28    2.4799E+28
    2.1250E+03    1.1123E+27    1.0448E+28    1.9728E+28    2.4887E+28
    2.1350E+03    1.1095E+27    1.0392E+28    1.9552E+28    2.4581E+28
    2.1450E+03    1.1062E+27    1.0335E+28    1.9454E+28    2.4606E+28
    2.1550E+03    1.1058E+27    1.0357E+28    1.9553E+28    2.4709E+28
    2.1650E+03    1.1006E+27    1.0295E+28    1.9401E+28    2.4450E+28
    2.1750E+03    1.1004E+27    1.0288E+28    1.9368E+28    2.4425E+28
    2.1850E+03    1.0966E+27    1.0237E+28    1.9299E+28    2.4379E+28
    2.1950E+03    1.0968E+27    1.0249E+28    1.9399E+28    2.4620E+28
    2.2050E+03    1.0942E+27    1.0211E+28    1.9265E+28    2.4378E+28
    2.2150E+03    1.0896E+27    1.0148E+28    1.9124E+28    2.4138E+28
    2.2250E+03    1.0889E+27    1.0128E+28    1.9014E+28    2.3979E+28
    2.2350E+03    1.0873E+27    1.0110E+28    1.9112E+28    2.4311E+28
    2.2450E+03    1.0854E+27    1.0087E+28    1.9023E+28    2.4097E+28
    2.2550E+03    1.0808E+27    1.0018E+28    1.8867E+28    2.3872E+28
    2.2650E+03    1.0813E+27    1.0028E+28    1.8904E+28    2.3922E+28
    2.2750E+03    1.0793E+27    1.0002E+28    1.8906E+28    2.4052E+28
    2.2850E+03    1.0773E+27    9.9725E+27    1.8904E+28    2.4111E+28
    2.2950E+03    1.0726E+27    9.8837E+27    1.8644E+28    2.3740E+28
    2.3050E+03    1.0711E+27    9.8819E+27    1.8688E+28    2.3807E+28
    2.3150E+03    1.0716E+27    9.8762E+27    1.8624E+28    2.3711E+28
    2.3250E+03    1.0633E+27    9.6753E+27    1.7706E+28    2.2356E+28
    2.3350E+03    1.0681E+27    9.8114E+27    1.8455E+28    2.3488E+28
    2.3450E+03    1.0664E+27    9.7831E+27    1.8304E+28    2.3133E+28
    2.3550E+03    1.0654E+27    9.7776E+27    1.8421E+28    2.3476E+28
    2.3650E+03    1.0634E+27    9.7382E+27    1.8246E+28    2.3117E+28
    2.3750E+03    1.0619E+27    9.7164E+27    1.8275E+28    2.3283E+28
    2.3850E+03    1.0571E+27    9.6410E+27    1.8044E+28    2.2824E+28
    2.3950E+03    1.0591E+27    9.6635E+27    1.8179E+28    2.3169E+28
    2.4050E+03    1.0580E+27    9.6392E+27    1.8081E+28    2.2991E+28
    2.4150E+03    1.0567E+27    9.6151E+27    1.8055E+28    2.3024E+28
    2.4250E+03    1.0558E+27    9.6076E+27    1.8117E+28    2.3213E+28
    2.4350E+03    1.0542E+27    9.5645E+27    1.7961E+28    2.2944E+28
    2.4450E+03    1.0533E+27    9.5544E+27    1.8013E+28    2.3131E+28
    2.4550E+03    1.0524E+27    9.5369E+27    1.7982E+28    2.3084E+28
    2.4650E+03    1.0513E+27    9.5109E+27    1.7893E+28    2.2947E+28
    2.4750E+03    1.0503E+27    9.4892E+27    1.7833E+28    2.2838E+28
    2.4850E+03    1.0495E+27    9.4369E+27    1.7844E+28    2.2984E+28
    2.4950E+03    1.0407E+27    9.2834E+27    1.7459E+28    2.2521E+28
    2.5050E+03    1.0475E+27    9.4009E+27    1.7806E+28    2.3071E+28
    2.5130E+03    1.0392E+27    9.2871E+27    1.7519E+28    2.2636E+28
    2.5180E+03    1.0456E+27    9.3667E+27    1.7708E+28    2.2848E+28
    2.5250E+03    1.0457E+27    9.3599E+27    1.7594E+28    2.2583E+28
    2.5350E+03    1.0451E+27    9.3418E+27    1.7531E+28    2.2509E+28
    2.5450E+03    1.0442E+27    9.3182E+27    1.7478E+28    2.2485E+28
    2.5550E+03    1.0442E+27    9.3233E+27    1.7588E+28    2.2769E+28
    2.5650E+03    1.0436E+27    9.3075E+27    1.7532E+28    2.2691E+28
    2.5750E+03    1.0432E+27    9.3038E+27    1.7596E+28    2.2894E+28
    2.5850E+03    1.0429E+27    9.2796E+27    1.7567E+28    2.2892E+28
    2.5950E+03    1.0422E+27    9.2620E+27    1.7524E+28    2.2830E+28
    2.6050E+03    1.0418E+27    9.2443E+27    1.7435E+28    2.2657E+28
    2.6150E+03    1.0413E+27    9.2286E+27    1.7400E+28    2.2606E+28
    2.6250E+03    1.0411E+27    9.2183E+27    1.7401E+28    2.2683E+28
    2.6350E+03    1.0409E+27    9.2036E+27    1.7382E+28    2.2726E+28
    2.6450E+03    1.0415E+27    9.2107E+27    1.7530E+28    2.3142E+28
    2.6550E+03    1.0412E+27    9.1949E+27    1.7494E+28    2.3121E+28
    2.6650E+03    1.0406E+27    9.1657E+27    1.7373E+28    2.2871E+28
    2.6750E+03    1.0403E+27    9.1537E+27    1.7397E+28    2.2996E+28
    2.6850E+03    1.0410E+27    9.1537E+27    1.7411E+28    2.3036E+28
    2.6950E+03    1.0400E+27    9.1161E+27    1.7278E+28    2.2818E+28
    2.7050E+03    1.0407E+27    9.1176E+27    1.7308E+28    2.2881E+28
    2.7150E+03    1.0405E+27    9.0990E+27    1.7228E+28    2.2706E+28
    2.7250E+03    1.0397E+27    9.0687E+27    1.7141E+28    2.2624E+28
    2.7350E+03    1.0381E+27    9.0463E+27    1.7191E+28    2.2804E+28
    2.7450E+03    1.0404E+27    9.0402E+27    1.7001E+28    2.2309E+28
    2.7550E+03    1.0406E+27    9.0320E+27    1.6996E+28    2.2357E+28
    2.7650E+03    1.0401E+27    9.0127E+27    1.7007E+28    2.2517E+28
    2.7750E+03    1.0414E+27    9.0256E+27    1.7112E+28    2.2755E+28
    2.7850E+03    1.0416E+27    9.0102E+27    1.7064E+28    2.2653E+28
    2.7950E+03    1.0402E+27    8.9523E+27    1.6732E+28    2.1758E+28
    2.8050E+03    1.0416E+27    8.9662E+27    1.6876E+28    2.2146E+28
    2.8150E+03    1.0428E+27    8.9810E+27    1.7035E+28    2.2770E+28
    2.8250E+03    1.0421E+27    8.9521E+27    1.6944E+28    2.2709E+28
    2.8350E+03    1.0425E+27    8.9328E+27    1.6858E+28    2.2564E+28
    2.8450E+03    1.0437E+27    8.9393E+27    1.6869E+28    2.2515E+28
    2.8550E+03    1.0442E+27    8.9280E+27    1.6849E+28    2.2449E+28
    2.8650E+03    1.0448E+27    8.9243E+27    1.6884E+28    2.2647E+28
    2.8750E+03    1.0452E+27    8.9114E+27    1.6837E+28    2.2584E+28
    2.8850E+03    1.0460E+27    8.9055E+27    1.6837E+28    2.2632E+28
    2.8950E+03    1.0467E+27    8.8957E+27    1.6814E+28    2.2616E+28
    2.9100E+03    1.0478E+27    8.8865E+27    1.6829E+28    2.2787E+28
    2.9300E+03    1.0490E+27    8.8649E+27    1.6742E+28    2.2638E+28
    2.9500E+03    1.0495E+27    8.8309E+27    1.6644E+28    2.2549E+28
    2.9700E+03    1.0519E+27    8.8307E+27    1.6663E+28    2.2622E+28
    2.9900E+03    1.0535E+27    8.8146E+27    1.6618E+28    2.2609E+28
    3.0100E+03    1.0556E+27    8.8022E+27    1.6602E+28    2.2666E+28
    3.0300E+03    1.0575E+27    8.7915E+27    1.6572E+28    2.2663E+28
    3.0500E+03    1.0593E+27    8.7773E+27    1.6529E+28    2.2647E+28
    3.0700E+03    1.0618E+27    8.7680E+27    1.6488E+28    2.2611E+28
    3.0900E+03    1.0640E+27    8.7555E+27    1.6453E+28    2.2624E+28
    3.1100E+03    1.0665E+27    8.7476E+27    1.6416E+28    2.2593E+28
    3.1300E+03    1.0686E+27    8.7338E+27    1.6367E+28    2.2551E+28
    3.1500E+03    1.0711E+27    8.7272E+27    1.6341E+28    2.2557E+28
    3.1700E+03    1.0739E+27    8.7204E+27    1.6312E+28    2.2572E+28
    3.1900E+03    1.0758E+27    8.6947E+27    1.6196E+28    2.2387E+28
    3.2100E+03    1.0784E+27    8.6983E+27    1.6236E+28    2.2527E+28
    3.2300E+03    1.0824E+27    8.7000E+27    1.6206E+28    2.2467E+28
    3.2500E+03    1.0853E+27    8.6959E+27    1.6194E+28    2.2562E+28
    3.2700E+03    1.0884E+27    8.6929E+27    1.6186E+28    2.2643E+28
    3.2900E+03    1.0917E+27    8.6894E+27    1.6154E+28    2.2642E+28
    3.3100E+03    1.0951E+27    8.6911E+27    1.6145E+28    2.2663E+28
    3.3300E+03    1.0984E+27    8.6876E+27    1.6111E+28    2.2631E+28
    3.3500E+03    1.1014E+27    8.6791E+27    1.6062E+28    2.2576E+28
    3.3700E+03    1.1052E+27    8.6829E+27    1.6041E+28    2.2513E+28
    3.3900E+03    1.1087E+27    8.6831E+27    1.6028E+28    2.2566E+28
    3.4100E+03    1.1124E+27    8.6849E+27    1.6018E+28    2.2616E+28
    3.4300E+03    1.1151E+27    8.6639E+27    1.5930E+28    2.2595E+28
    3.4500E+03    1.1187E+27    8.6735E+27    1.5927E+28    2.2618E+28
    3.4700E+03    1.1235E+27    8.6900E+27    1.5956E+28    2.2669E+28
    3.4900E+03    1.1275E+27    8.6930E+27    1.5945E+28    2.2707E+28
    3.5100E+03    1.1317E+27    8.7033E+27    1.5958E+28    2.2794E+28
    3.5300E+03    1.1357E+27    8.7064E+27    1.5935E+28    2.2764E+28
    3.5500E+03    1.1397E+27    8.7116E+27    1.5937E+28    2.2879E+28
    3.5700E+03    1.1443E+27    8.7220E+27    1.5919E+28    2.2755E+28
    3.5900E+03    1.1480E+27    8.7164E+27    1.5870E+28    2.2710E+28
    3.6100E+03    1.1524E+27    8.7245E+27    1.5872E+28    2.2809E+28
    3.6300E+03    1.1565E+27    8.7285E+27    1.5855E+28    2.2846E+28
    3.6400E+03    1.1583E+27    8.7344E+27    1.5875E+28    2.2893E+28
    3.6500E+03    6.1525E+26    6.0145E+27    1.3132E+28    2.0286E+28
    3.6700E+03    6.1297E+26    5.9764E+27    1.2979E+28    2.0015E+28
    3.6900E+03    6.0889E+26    5.9433E+27    1.2899E+28    1.9827E+28
    3.7100E+03    6.0396E+26    6.0275E+27    1.3566E+28    2.1376E+28
    3.7300E+03    6.0037E+26    6.0132E+27    1.3653E+28    2.1637E+28
    3.7500E+03    6.0340E+26    6.1909E+27    1.4918E+28    2.4667E+28
    3.7700E+03    6.0224E+26    6.1870E+27    1.5066E+28    2.5302E+28
    3.7900E+03    6.0682E+26    6.2975E+27    1.5945E+28    2.7850E+28
    3.8100E+03    6.1209E+26    6.4282E+27    1.6869E+28    3.0325E+28
    3.8300E+03    5.9822E+26    6.1361E+27    1.5238E+28    2.6370E+28
    3.8500E+03    6.1349E+26    6.4773E+27    1.7429E+28    3.2005E+28
    3.8700E+03    6.1614E+26    6.5079E+27    1.7856E+28    3.3725E+28
    3.8900E+03    5.8958E+26    6.0240E+27    1.4778E+28    2.5315E+28
    3.9100E+03    6.1373E+26    6.4779E+27    1.7879E+28    3.4023E+28
    3.9300E+03    6.1282E+26    6.4043E+27    1.7687E+28    3.3539E+28
    3.9500E+03    6.0960E+26    6.4167E+27    1.7726E+28    3.3864E+28
    3.9700E+03    5.8163E+26    5.8592E+27    1.4330E+28    2.4485E+28
    3.9900E+03    6.0491E+26    6.3414E+27    1.7529E+28    3.3716E+28
    4.0100E+03    6.0599E+26    6.3510E+27    1.7808E+28    3.5241E+28
    4.0300E+03    6.0187E+26    6.2799E+27    1.7530E+28    3.4960E+28
    4.0500E+03    6.0304E+26    6.3161E+27    1.7756E+28    3.5252E+28
    4.0700E+03    6.0008E+26    6.2712E+27    1.7550E+28    3.4647E+28
    4.0900E+03    5.8902E+26    6.1170E+27    1.6488E+28    3.1336E+28
    4.1100E+03    5.7521E+26    5.8233E+27    1.4782E+28    2.7035E+28
    4.1300E+03    5.9343E+26    6.1773E+27    1.7193E+28    3.4122E+28
    4.1500E+03    5.9303E+26    6.1764E+27    1.7314E+28    3.4727E+28
    4.1700E+03    5.9242E+26    6.1446E+27    1.7294E+28    3.4793E+28
    4.1900E+03    5.9103E+26    6.1268E+27    1.7247E+28    3.4718E+28
    4.2100E+03    5.8913E+26    6.1017E+27    1.7177E+28    3.4633E+28
    4.2300E+03    5.8781E+26    6.0798E+27    1.7092E+28    3.4453E+28
    4.2500E+03    5.8601E+26    6.0552E+27    1.7017E+28    3.4406E+28
    4.2700E+03    5.8417E+26    6.0245E+27    1.6892E+28    3.4155E+28
    4.2900E+03    5.8281E+26    6.0081E+27    1.6809E+28    3.3872E+28
    4.3100E+03    5.8023E+26    5.9634E+27    1.6550E+28    3.2932E+28
    4.3300E+03    5.6851E+26    5.7840E+27    1.5394E+28    2.9642E+28
    4.3500E+03    5.5993E+26    5.5900E+27    1.4327E+28    2.7097E+28
    4.3700E+03    5.7568E+26    5.8906E+27    1.6446E+28    3.3430E+28
    4.3900E+03    5.7438E+26    5.8559E+27    1.6354E+28    3.3495E+28
    4.4100E+03    5.7455E+26    5.8605E+27    1.6455E+28    3.3823E+28
    4.4300E+03    5.7315E+26    5.8424E+27    1.6415E+28    3.4005E+28
    4.4500E+03    5.7211E+26    5.8274E+27    1.6383E+28    3.3996E+28
    4.4700E+03    5.6742E+26    5.7466E+27    1.6034E+28    3.3611E+28
    4.4900E+03    5.6924E+26    5.7813E+27    1.6227E+28    3.3930E+28
    4.5100E+03    5.6828E+26    5.7708E+27    1.6250E+28    3.4231E+28
    4.5300E+03    5.6709E+26    5.7456E+27    1.6140E+28    3.3839E+28
    4.5500E+03    5.6536E+26    5.7153E+27    1.6054E+28    3.3769E+28
    4.5700E+03    5.6481E+26    5.7110E+27    1.6067E+28    3.4036E+28
    4.5900E+03    5.6371E+26    5.6862E+27    1.5972E+28    3.3796E+28
    4.6100E+03    5.6264E+26    5.6731E+27    1.5953E+28    3.3930E+28
    4.6300E+03    5.6146E+26    5.6475E+27    1.5868E+28    3.3781E+28
    4.6500E+03    5.5980E+26    5.6211E+27    1.5805E+28    3.3774E+28
    4.6700E+03    5.5937E+26    5.6137E+27    1.5779E+28    3.3824E+28
    4.6900E+03    5.5707E+26    5.5938E+27    1.5717E+28    3.3765E+28
    4.7100E+03    5.5646E+26    5.5496E+27    1.5535E+28    3.3385E+28
    4.7300E+03    5.5651E+26    5.5545E+27    1.5599E+28    3.3629E+28
    4.7500E+03    5.5544E+26    5.5354E+27    1.5550E+28    3.3722E+28
    4.7700E+03    5.5471E+26    5.5203E+27    1.5502E+28    3.3549E+28
    4.7900E+03    5.5377E+26    5.5009E+27    1.5433E+28    3.3445E+28
    4.8100E+03    5.5265E+26    5.4796E+27    1.5351E+28    3.3277E+28
    4.8300E+03    5.5091E+26    5.4502E+27    1.5202E+28    3.2882E+28
    4.8500E+03    5.4287E+26    5.3099E+27    1.4246E+28    2.9721E+28
    4.8700E+03    5.3424E+26    5.0937E+27    1.3009E+28    2.6552E+28
    4.8900E+03    5.4801E+26    5.3901E+27    1.4972E+28    3.2464E+28
    4.9100E+03    5.4847E+26    5.3898E+27    1.5062E+28    3.3021E+28
    4.9300E+03    5.4646E+26    5.3450E+27    1.4884E+28    3.2833E+28
    4.9500E+03    5.4726E+26    5.3594E+27    1.5007E+28    3.3178E+28
    4.9700E+03    5.4667E+26    5.3414E+27    1.4974E+28    3.3189E+28
    4.9900E+03    5.4596E+26    5.3220E+27    1.4878E+28    3.2870E+28
    5.0100E+03    5.4429E+26    5.2829E+27    1.4704E+28    3.2450E+28
    5.0300E+03    5.4458E+26    5.2939E+27    1.4796E+28    3.2855E+28
    5.0500E+03    5.4348E+26    5.2689E+27    1.4686E+28    3.2685E+28
    5.0700E+03    5.4337E+26    5.2662E+27    1.4722E+28    3.2939E+28
    5.0900E+03    5.4278E+26    5.2502E+27    1.4654E+28    3.2724E+28
    5.1100E+03    5.4217E+26    5.2349E+27    1.4611E+28    3.2804E+28
    5.1300E+03    5.4155E+26    5.2168E+27    1.4543E+28    3.2598E+28
    5.1500E+03    5.4090E+26    5.2001E+27    1.4476E+28    3.2359E+28
    5.1700E+03    5.4039E+26    5.1822E+27    1.4404E+28    3.2164E+28
    5.1900E+03    5.3991E+26    5.1690E+27    1.4374E+28    3.2255E+28
    5.2100E+03    5.3938E+26    5.1568E+27    1.4335E+28    3.2324E+28
    5.2300E+03    5.3886E+26    5.1417E+27    1.4303E+28    3.2521E+28
    5.2500E+03    5.3832E+26    5.1317E+27    1.4289E+28    3.2673E+28
    5.2700E+03    5.3785E+26    5.1061E+27    1.4175E+28    3.2233E+28
    5.2900E+03    5.3743E+26    5.1014E+27    1.4204E+28    3.2703E+28
    5.3100E+03    5.3696E+26    5.0866E+27    1.4165E+28    3.2873E+28
    5.3300E+03    5.3647E+26    5.0731E+27    1.4085E+28    3.2393E+28
    5.3500E+03    5.3605E+26    5.0655E+27    1.4089E+28    3.2736E+28
    5.3700E+03    5.3570E+26    5.0516E+27    1.4041E+28    3.2665E+28
    5.3900E+03    5.3533E+26    5.0392E+27    1.3995E+28    3.2590E+28
    5.4100E+03    5.3446E+26    5.0185E+27    1.3932E+28    3.2519E+28
    5.4300E+03    5.3454E+26    5.0121E+27    1.3900E+28    3.2507E+28
    5.4500E+03    5.3413E+26    5.0018E+27    1.3883E+28    3.2654E+28
    5.4700E+03    5.3384E+26    4.9901E+27    1.3839E+28    3.2547E+28
    5.4900E+03    5.3354E+26    4.9790E+27    1.3806E+28    3.2616E+28
    5.5100E+03    5.3320E+26    4.9667E+27    1.3763E+28    3.2523E+28
    5.5300E+03    5.3288E+26    4.9542E+27    1.3733E+28    3.2741E+28
    5.5500E+03    5.3253E+26    4.9443E+27    1.3708E+28    3.2775E+28
    5.5700E+03    5.3228E+26    4.9318E+27    1.3650E+28    3.2574E+28
    5.5900E+03    5.3201E+26    4.9209E+27    1.3610E+28    3.2517E+28
    5.6100E+03    5.3177E+26    4.9103E+27    1.3581E+28    3.2596E+28
    5.6300E+03    5.3150E+26    4.8999E+27    1.3556E+28    3.2637E+28
    5.6500E+03    5.3118E+26    4.8872E+27    1.3513E+28    3.2706E+28
    5.6700E+03    5.3095E+26    4.8754E+27    1.3461E+28    3.2508E+28
    5.6900E+03    5.3087E+26    4.8667E+27    1.3445E+28    3.2746E+28
    5.7100E+03    5.2958E+26    4.8475E+27    1.3381E+28    3.2425E+28
    5.7300E+03    5.2940E+26    4.8385E+27    1.3383E+28    3.2886E+28
    5.7500E+03    5.2921E+26    4.8275E+27    1.3336E+28    3.2789E+28
    5.7700E+03    5.2921E+26    4.8199E+27    1.3310E+28    3.2811E+28
    5.7900E+03    5.2935E+26    4.8130E+27    1.3268E+28    3.2629E+28
    5.8100E+03    5.2985E+26    4.8091E+27    1.3250E+28    3.2815E+28
    5.8300E+03    5.2983E+26    4.8000E+27    1.3226E+28    3.2949E+28
    5.8500E+03    5.2981E+26    4.7907E+27    1.3180E+28    3.2792E+28
    5.8700E+03    5.2803E+26    4.7476E+27    1.2993E+28    3.2574E+28
    5.8900E+03    5.2948E+26    4.7668E+27    1.3069E+28    3.2261E+28
    5.9100E+03    5.2950E+26    4.7632E+27    1.3081E+28    3.2712E+28
    5.9300E+03    5.2937E+26    4.7537E+27    1.3050E+28    3.2736E+28
    5.9500E+03    5.2921E+26    4.7440E+27    1.3016E+28    3.2726E+28
    5.9700E+03    5.2917E+26    4.7361E+27    1.2992E+28    3.2876E+28
    5.9900E+03    5.2913E+26    4.7269E+27    1.2954E+28    3.2819E+28
    6.0100E+03    5.2902E+26    4.7181E+27    1.2918E+28    3.2754E+28
    6.0300E+03    5.2892E+26    4.7094E+27    1.2893E+28    3.2911E+28
    6.0500E+03    5.2887E+26    4.7014E+27    1.2875E+28    3.3051E+28
    6.0700E+03    5.2881E+26    4.6930E+27    1.2840E+28    3.2999E+28
    6.0900E+03    5.2883E+26    4.6849E+27    1.2801E+28    3.2878E+28
    6.1100E+03    5.2876E+26    4.6760E+27    1.2768E+28    3.2922E+28
    6.1300E+03    5.2871E+26    4.6667E+27    1.2710E+28    3.2549E+28
    6.1500E+03    5.2866E+26    4.6571E+27    1.2686E+28    3.2734E+28
    6.1700E+03    5.2862E+26    4.6505E+27    1.2653E+28    3.2502E+28
    6.1900E+03    5.2869E+26    4.6447E+27    1.2648E+28    3.2785E+28
    6.2100E+03    5.2870E+26    4.6372E+27    1.2621E+28    3.2749E+28
    6.2300E+03    5.2862E+26    4.6278E+27    1.2574E+28    3.2572E+28
    6.2500E+03    5.2866E+26    4.6171E+27    1.2512E+28    3.2295E+28
    6.2700E+03    5.2872E+26    4.6142E+27    1.2533E+28    3.2714E+28
    6.2900E+03    5.2876E+26    4.6072E+27    1.2507E+28    3.2844E+28
    6.3100E+03    5.2872E+26    4.5976E+27    1.2459E+28    3.2736E+28
    6.3300E+03    5.2882E+26    4.5920E+27    1.2447E+28    3.2927E+28
    6.3500E+03    5.2878E+26    4.5826E+27    1.2411E+28    3.3042E+28
    6.3700E+03    5.2888E+26    4.5766E+27    1.2390E+28    3.3078E+28
    6.3900E+03    5.2897E+26    4.5709E+27    1.2375E+28    3.3143E+28
    6.4100E+03    5.2895E+26    4.5619E+27    1.2327E+28    3.2995E+28
    6.4300E+03    5.2909E+26    4.5567E+27    1.2311E+28    3.3090E+28
    6.4500E+03    5.2911E+26    4.5487E+27    1.2283E+28    3.3145E+28
    6.4700E+03    5.2921E+26    4.5436E+27    1.2260E+28    3.3130E+28
    6.4900E+03    5.2927E+26    4.5346E+27    1.2205E+28    3.2916E+28
    6.5100E+03    5.2926E+26    4.5280E+27    1.2194E+28    3.3196E+28
    6.5300E+03    5.2887E+26    4.5152E+27    1.2128E+28    3.3111E+28
    6.5500E+03    5.2643E+26    4.4573E+27    1.1719E+28    3.1632E+28
    6.5700E+03    5.2079E+26    4.2888E+27    1.0700E+28    2.8728E+28
    6.5900E+03    5.2875E+26    4.4871E+27    1.1966E+28    3.2738E+28
    6.6100E+03    5.2971E+26    4.4958E+27    1.2060E+28    3.3260E+28
    6.6300E+03    5.3000E+26    4.4930E+27    1.2065E+28    3.3427E+28
    6.6500E+03    5.3018E+26    4.4880E+27    1.2046E+28    3.3419E+28
    6.6700E+03    5.2990E+26    4.4732E+27    1.1977E+28    3.3268E+28
    6.6900E+03    5.2995E+26    4.4672E+27    1.1969E+28    3.3505E+28
    6.7100E+03    5.3063E+26    4.4709E+27    1.1972E+28    3.3297E+28
    6.7300E+03    5.3077E+26    4.4653E+27    1.1959E+28    3.3540E+28
    6.7500E+03    5.3092E+26    4.4595E+27    1.1928E+28    3.3404E+28
    6.7700E+03    5.3111E+26    4.4544E+27    1.1910E+28    3.3515E+28
    6.7900E+03    5.3127E+26    4.4484E+27    1.1884E+28    3.3551E+28
    6.8100E+03    5.3144E+26    4.4433E+27    1.1863E+28    3.3596E+28
    6.8300E+03    5.3160E+26    4.4377E+27    1.1844E+28    3.3760E+28
    6.8500E+03    5.3175E+26    4.4321E+27    1.1811E+28    3.3630E+28
    6.8700E+03    5.3195E+26    4.4273E+27    1.1796E+28    3.3775E+28
    6.8900E+03    5.3204E+26    4.4208E+27    1.1781E+28    3.3999E+28
    6.9100E+03    5.3233E+26    4.4170E+27    1.1757E+28    3.4024E+28
    6.9300E+03    5.3251E+26    4.4117E+27    1.1735E+28    3.4041E+28
    6.9500E+03    5.3269E+26    4.4066E+27    1.1709E+28    3.4001E+28
    6.9700E+03    5.3291E+26    4.4020E+27    1.1695E+28    3.4190E+28
    6.9900E+03    5.3312E+26    4.3971E+27    1.1671E+28    3.4159E+28
    7.0100E+03    5.3333E+26    4.3918E+27    1.1639E+28    3.4105E+28
    7.0300E+03    5.3353E+26    4.3872E+27    1.1628E+28    3.4261E+28
    7.0500E+03    5.3372E+26    4.3818E+27    1.1606E+28    3.4280E+28
    7.0700E+03    5.3336E+26    4.3643E+27    1.1523E+28    3.3976E+28
    7.0900E+03    5.3419E+26    4.3736E+27    1.1555E+28    3.3920E+28
    7.1100E+03    5.3440E+26    4.3682E+27    1.1528E+28    3.3725E+28
    7.1300E+03    5.3463E+26    4.3641E+27    1.1501E+28    3.3617E+28
    7.1500E+03    5.3485E+26    4.3594E+27    1.1482E+28    3.3683E+28
    7.1700E+03    5.3501E+26    4.3537E+27    1.1469E+28    3.3919E+28
    7.1900E+03    5.3533E+26    4.3498E+27    1.1430E+28    3.3708E+28
    7.2100E+03    5.3559E+26    4.3460E+27    1.1421E+28    3.3964E+28
    7.2300E+03    5.3577E+26    4.3393E+27    1.1403E+28    3.4305E+28
    7.2500E+03    5.3606E+26    4.3377E+27    1.1399E+28    3.4401E+28
    7.2700E+03    5.3633E+26    4.3338E+27    1.1382E+28    3.4563E+28
    7.2900E+03    5.3629E+26    4.3225E+27    1.1324E+28    3.4505E+28
    7.3100E+03    5.3684E+26    4.3247E+27    1.1340E+28    3.4792E+28
    7.3300E+03    5.3710E+26    4.3212E+27    1.1325E+28    3.4891E+28
    7.3500E+03    5.3735E+26    4.3173E+27    1.1311E+28    3.4978E+28
    7.3700E+03    5.3762E+26    4.3137E+27    1.1303E+28    3.5287E+28
    7.3900E+03    5.3788E+26    4.3093E+27    1.1271E+28    3.5171E+28
    7.4100E+03    5.3815E+26    4.3044E+27    1.1232E+28    3.5008E+28
    7.4300E+03    5.3843E+26    4.3014E+27    1.1235E+28    3.5345E+28
    7.4500E+03    5.3871E+26    4.2977E+27    1.1222E+28    3.5467E+28
    7.4700E+03    5.3900E+26    4.2941E+27    1.1206E+28    3.5536E+28
    7.4900E+03    5.3929E+26    4.2905E+27    1.1186E+28    3.5557E+28
    7.5100E+03    5.3957E+26    4.2867E+27    1.1170E+28    3.5710E+28
    7.5300E+03    5.3986E+26    4.2839E+27    1.1159E+28    3.5842E+28
    7.5500E+03    5.4014E+26    4.2805E+27    1.1148E+28    3.5993E+28
    7.5700E+03    5.4045E+26    4.2769E+27    1.1126E+28    3.5987E+28
    7.5900E+03    5.4064E+26    4.2723E+27    1.1103E+28    3.5921E+28
    7.6100E+03    5.4105E+26    4.2702E+27    1.1088E+28    3.5947E+28
    7.6300E+03    5.4134E+26    4.2669E+27    1.1070E+28    3.5932E+28
    7.6500E+03    5.4162E+26    4.2632E+27    1.1052E+28    3.5917E+28
    7.6700E+03    5.4195E+26    4.2597E+27    1.1013E+28    3.5569E+28
    7.6900E+03    5.4226E+26    4.2572E+27    1.1019E+28    3.5969E+28
    7.7100E+03    5.4257E+26    4.2528E+27    1.0981E+28    3.5716E+28
    7.7300E+03    5.4288E+26    4.2507E+27    1.0977E+28    3.5900E+28
    7.7500E+03    5.4318E+26    4.2472E+27    1.0955E+28    3.5897E+28
    7.7700E+03    5.4344E+26    4.2395E+27    1.0926E+28    3.6102E+28
    7.7900E+03    5.4383E+26    4.2417E+27    1.0936E+28    3.6221E+28
    7.8100E+03    5.4413E+26    4.2382E+27    1.0925E+28    3.6420E+28
    7.8300E+03    5.4447E+26    4.2354E+27    1.0903E+28    3.6385E+28
    7.8500E+03    5.4479E+26    4.2323E+27    1.0886E+28    3.6361E+28
    7.8700E+03    5.4508E+26    4.2283E+27    1.0873E+28    3.6587E+28
    7.8900E+03    5.4540E+26    4.2250E+27    1.0850E+28    3.6471E+28
    7.9100E+03    5.4576E+26    4.2234E+27    1.0830E+28    3.6240E+28
    7.9300E+03    5.4608E+26    4.2202E+27    1.0810E+28    3.6394E+28
    7.9500E+03    5.4641E+26    4.2176E+27    1.0793E+28    3.6341E+28
    7.9700E+03    5.4674E+26    4.2155E+27    1.0800E+28    3.6844E+28
    7.9900E+03    5.4711E+26    4.2130E+27    1.0784E+28    3.6859E+28
    8.0100E+03    5.4743E+26    4.2099E+27    1.0765E+28    3.6969E+28
    8.0300E+03    5.4779E+26    4.2080E+27    1.0759E+28    3.7071E+28
    8.0500E+03    5.4813E+26    4.2054E+27    1.0737E+28    3.7051E+28
    8.0700E+03    5.4851E+26    4.2037E+27    1.0732E+28    3.7107E+28
    8.0900E+03    5.4881E+26    4.1998E+27    1.0703E+28    3.7024E+28
    8.1100E+03    5.4917E+26    4.1979E+27    1.0698E+28    3.7172E+28
    8.1300E+03    5.4955E+26    4.1966E+27    1.0694E+28    3.7408E+28
    8.1500E+03    5.4984E+26    4.1928E+27    1.0675E+28    3.7493E+28
    8.1700E+03    5.5025E+26    4.1917E+27    1.0666E+28    3.7569E+28
    8.1900E+03    5.5054E+26    4.1872E+27    1.0628E+28    3.7335E+28
    8.2100E+03    3.8450E+26    3.3180E+27    9.7398E+27    3.6503E+28
    8.2300E+03    3.8447E+26    3.3143E+27    9.7308E+27    3.6762E+28
    8.2500E+03    3.8453E+26    3.3098E+27    9.7249E+27    3.6861E+28
    8.2700E+03    3.8442E+26    3.3007E+27    9.7047E+27    3.7124E+28
    8.2900E+03    3.8449E+26    3.2951E+27    9.6754E+27    3.7062E+28
    8.3100E+03    3.8449E+26    3.2865E+27    9.6200E+27    3.6712E+28
    8.3300E+03    3.8444E+26    3.2796E+27    9.5623E+27    3.6583E+28
    8.3500E+03    3.8435E+26    3.2822E+27    9.5683E+27    3.6752E+28
    8.3700E+03    3.8439E+26    3.2692E+27    9.5074E+27    3.6743E+28
    8.3900E+03    3.8442E+26    3.2772E+27    9.5007E+27    3.6176E+28
    8.4100E+03    3.8438E+26    3.2768E+27    9.5221E+27    3.6889E+28
    8.4300E+03    3.8433E+26    3.2902E+27    9.5667E+27    3.6546E+28
    8.4500E+03    3.8417E+26    3.2841E+27    9.5663E+27    3.6853E+28
    8.4700E+03    3.8417E+26    3.2574E+27    9.3935E+27    3.6422E+28
    8.4900E+03    3.8419E+26    3.3065E+27    9.6866E+27    3.7245E+28
    8.5100E+03    3.8398E+26    3.2457E+27    9.2889E+27    3.5559E+28
    8.5300E+03    3.8430E+26    3.3098E+27    9.7379E+27    3.7618E+28
    8.5500E+03    3.8347E+26    3.2135E+27    8.9980E+27    3.3538E+28
    8.5700E+03    3.8481E+26    3.3185E+27    9.8455E+27    3.8554E+28
    8.5900E+03    3.8353E+26    3.2617E+27    9.4856E+27    3.7513E+28
    8.6100E+03    3.8362E+26    3.2469E+27    9.3961E+27    3.7358E+28
    8.6300E+03    3.8529E+26    3.3159E+27    9.8764E+27    3.9064E+28
    8.6500E+03    3.8432E+26    3.2892E+27    9.6968E+27    3.8570E+28
    8.6700E+03    3.8241E+26    3.1798E+27    8.8640E+27    3.4065E+28
    8.6900E+03    3.8512E+26    3.2979E+27    9.7648E+27    3.8559E+28
    8.7100E+03    3.8587E+26    3.3090E+27    9.8839E+27    3.9566E+28
    8.7300E+03    3.8489E+26    3.2869E+27    9.7468E+27    3.9268E+28
    8.7500E+03    3.8191E+26    3.1727E+27    8.9933E+27    3.6958E+28
    8.7700E+03    3.8430E+26    3.2666E+27    9.6180E+27    3.9048E+28
    8.7900E+03    3.8604E+26    3.2953E+27    9.8367E+27    3.9890E+28
    8.8100E+03    3.8626E+26    3.2930E+27    9.8272E+27    3.9717E+28
    8.8300E+03    3.8597E+26    3.2848E+27    9.7775E+27    3.9700E+28
    8.8500E+03    3.8383E+26    3.2383E+27    9.4714E+27    3.8915E+28
    8.8700E+03    3.8177E+26    3.1530E+27    8.9246E+27    3.7180E+28
    8.8900E+03    3.8542E+26    3.2663E+27    9.6794E+27    3.9805E+28
    8.9100E+03    3.8638E+26    3.2747E+27    9.7711E+27    4.0357E+28
    8.9300E+03    3.8658E+26    3.2726E+27    9.7665E+27    4.0232E+28
    8.9500E+03    3.8668E+26    3.2723E+27    9.7615E+27    4.0190E+28
    8.9700E+03    3.8653E+26    3.2668E+27    9.7336E+27    4.0291E+28
    8.9900E+03    3.8562E+26    3.2480E+27    9.6156E+27    4.0040E+28
    9.0100E+03    3.8206E+26    3.1390E+27    8.8922E+27    3.7369E+28
    9.0300E+03    3.8366E+26    3.1961E+27    9.2587E+27    3.8919E+28
    9.0500E+03    3.8619E+26    3.2463E+27    9.6343E+27    4.0485E+28
    9.0700E+03    3.8657E+26    3.2419E+27    9.6365E+27    4.0618E+28
    9.0900E+03    3.8690E+26    3.2407E+27    9.6123E+27    4.0132E+28
    9.1100E+03    3.8705E+26    3.2438E+27    9.6491E+27    4.0593E+28
    9.1300E+03    3.8714E+26    3.2429E+27    9.6512E+27    4.0780E+28
    9.1500E+03    3.8714E+26    3.2395E+27    9.6370E+27    4.0787E+28
    9.1700E+03    3.8701E+26    3.2335E+27    9.6057E+27    4.0774E+28
    9.1900E+03    3.8679E+26    3.2272E+27    9.5662E+27    4.0832E+28
    9.2100E+03    3.8537E+26    3.1972E+27    9.3597E+27    3.9946E+28
    9.2300E+03    3.8176E+26    3.0824E+27    8.6357E+27    3.7940E+28
    9.2500E+03    3.8527E+26    3.1877E+27    9.2881E+27    3.9774E+28
    9.2700E+03    3.8687E+26    3.2094E+27    9.4696E+27    4.0533E+28
    9.2900E+03    3.8734E+26    3.2155E+27    9.5213E+27    4.0758E+28
    9.3100E+03    3.8743E+26    3.2118E+27    9.5185E+27    4.1040E+28
    9.3300E+03    3.8761E+26    3.2110E+27    9.5151E+27    4.1066E+28
    9.3500E+03    3.8752E+26    3.2065E+27    9.4977E+27    4.1011E+28
    9.3700E+03    3.8772E+26    3.2052E+27    9.4770E+27    4.0691E+28
    9.3900E+03    3.8781E+26    3.2020E+27    9.4757E+27    4.1117E+28
    9.4100E+03    3.8783E+26    3.1948E+27    9.4193E+27    4.0769E+28
    9.4300E+03    3.8791E+26    3.1956E+27    9.4460E+27    4.1204E+28
    9.4500E+03    3.8794E+26    3.1924E+27    9.4220E+27    4.0942E+28
    9.4700E+03    3.8782E+26    3.1864E+27    9.4033E+27    4.1218E+28
    9.4900E+03    3.8789E+26    3.1851E+27    9.3898E+27    4.1200E+28
    9.5100E+03    3.8740E+26    3.1729E+27    9.3174E+27    4.1027E+28
    9.5300E+03    3.8596E+26    3.1436E+27    9.1138E+27    4.0375E+28
    9.5500E+03    3.8290E+26    3.0432E+27    8.4783E+27    3.8217E+28
    9.5700E+03    3.8670E+26    3.1512E+27    9.1547E+27    4.0358E+28
    9.5900E+03    3.8795E+26    3.1672E+27    9.2939E+27    4.1201E+28
    9.6100E+03    3.8827E+26    3.1658E+27    9.2955E+27    4.1067E+28
    9.6300E+03    3.8838E+26    3.1618E+27    9.2818E+27    4.1234E+28
    9.6500E+03    3.8861E+26    3.1640E+27    9.2818E+27    4.0869E+28
    9.6700E+03    3.8870E+26    3.1597E+27    9.2651E+27    4.0943E+28
    9.6900E+03    3.8877E+26    3.1584E+27    9.2710E+27    4.1253E+28
    9.7100E+03    3.8879E+26    3.1549E+27    9.2521E+27    4.1190E+28
    9.7300E+03    3.8894E+26    3.1539E+27    9.2444E+27    4.1048E+28
    9.7500E+03    3.8902E+26    3.1507E+27    9.2259E+27    4.1100E+28
    9.7700E+03    3.8907E+26    3.1483E+27    9.2199E+27    4.1214E+28
    9.7900E+03    3.8918E+26    3.1461E+27    9.1991E+27    4.0868E+28
    9.8100E+03    3.8926E+26    3.1434E+27    9.2015E+27    4.1490E+28
    9.8300E+03    3.8934E+26    3.1409E+27    9.1886E+27    4.1411E+28
    9.8500E+03    3.8941E+26    3.1377E+27    9.1765E+27    4.1555E+28
    9.8700E+03    3.8950E+26    3.1354E+27    9.1596E+27    4.1452E+28
    9.8900E+03    3.8958E+26    3.1321E+27    9.1433E+27    4.1452E+28
    9.9100E+03    3.8964E+26    3.1299E+27    9.1339E+27    4.1494E+28
    9.9300E+03    3.8974E+26    3.1275E+27    9.1235E+27    4.1513E+28
    9.9500E+03    3.8979E+26    3.1252E+27    9.1118E+27    4.1550E+28
    9.9700E+03    3.8984E+26    3.1225E+27    9.0960E+27    4.1566E+28
    9.9900E+03    3.8984E+26    3.1191E+27    9.0729E+27    4.1508E+28
    1.0025E+04    3.8851E+26    3.0855E+27    8.8495E+27    4.0738E+28
    1.0075E+04    3.8830E+26    3.0645E+27    8.7181E+27    4.0366E+28
    1.0125E+04    3.9031E+26    3.1041E+27    8.9871E+27    4.1432E+28
    1.0175E+04    3.9088E+26    3.0999E+27    8.9714E+27    4.1396E+28
    1.0225E+04    3.9116E+26    3.0939E+27    8.9461E+27    4.1480E+28
    1.0275E+04    3.9142E+26    3.0889E+27    8.9258E+27    4.1607E+28
    1.0325E+04    3.9158E+26    3.0808E+27    8.8744E+27    4.1335E+28
    1.0375E+04    3.9189E+26    3.0777E+27    8.8584E+27    4.1353E+28
    1.0425E+04    3.9215E+26    3.0725E+27    8.8389E+27    4.1526E+28
    1.0475E+04    3.9243E+26    3.0665E+27    8.8004E+27    4.1406E+28
    1.0525E+04    3.9270E+26    3.0623E+27    8.7836E+27    4.1548E+28
    1.0575E+04    3.9299E+26    3.0577E+27    8.7537E+27    4.1401E+28
    1.0625E+04    3.9325E+26    3.0523E+27    8.7200E+27    4.1392E+28
    1.0675E+04    3.9352E+26    3.0446E+27    8.6694E+27    4.1154E+28
    1.0725E+04    3.9386E+26    3.0426E+27    8.6645E+27    4.1299E+28
    1.0775E+04    3.9415E+26    3.0387E+27    8.6352E+27    4.1200E+28
    1.0825E+04    3.9421E+26    3.0293E+27    8.5764E+27    4.1039E+28
    1.0875E+04    3.9452E+26    3.0275E+27    8.5642E+27    4.1064E+28
    1.0925E+04    3.9262E+26    2.9691E+27    8.1969E+27    4.0074E+28
    1.0975E+04    3.9447E+26    3.0077E+27    8.4278E+27    4.0745E+28
    1.1025E+04    3.9551E+26    3.0155E+27    8.5085E+27    4.1230E+28
    1.1075E+04    3.9597E+26    3.0141E+27    8.5018E+27    4.1294E+28
    1.1125E+04    3.9628E+26    3.0098E+27    8.4750E+27    4.1240E+28
    1.1175E+04    3.9663E+26    3.0062E+27    8.4481E+27    4.1108E+28
    1.1225E+04    3.9695E+26    3.0025E+27    8.4309E+27    4.1224E+28
    1.1275E+04    3.9728E+26    2.9976E+27    8.3933E+27    4.1029E+28
    1.1325E+04    3.9760E+26    2.9937E+27    8.3738E+27    4.1052E+28
    1.1375E+04    3.9791E+26    2.9911E+27    8.3539E+27    4.0974E+28
    1.1425E+04    3.9827E+26    2.9873E+27    8.3221E+27    4.0839E+28
    1.1475E+04    3.9862E+26    2.9848E+27    8.3179E+27    4.1084E+28
    1.1525E+04    3.9896E+26    2.9815E+27    8.2969E+27    4.1117E+28
    1.1575E+04    3.9929E+26    2.9779E+27    8.2703E+27    4.0968E+28
    1.1625E+04    3.9955E+26    2.9736E+27    8.2289E+27    4.0690E+28
    1.1675E+04    3.9995E+26    2.9698E+27    8.2151E+27    4.0816E+28
    1.1725E+04    4.0033E+26    2.9686E+27    8.2117E+27    4.1025E+28
    1.1775E+04    4.0066E+26    2.9629E+27    8.1675E+27    4.0745E+28
    1.1825E+04    4.0101E+26    2.9611E+27    8.1514E+27    4.0744E+28
    1.1875E+04    4.0135E+26    2.9573E+27    8.1186E+27    4.0502E+28
    1.1925E+04    4.0173E+26    2.9565E+27    8.1288E+27    4.0936E+28
    1.1975E+04    4.0199E+26    2.9498E+27    8.0681E+27    4.0358E+28
    1.2025E+04    4.0245E+26    2.9506E+27    8.0805E+27    4.0792E+28
    1.2075E+04    4.0280E+26    2.9474E+27    8.0536E+27    4.0671E+28
    1.2125E+04    4.0314E+26    2.9449E+27    8.0439E+27    4.0777E+28
    1.2175E+04    4.0351E+26    2.9426E+27    8.0297E+27    4.0849E+28
    1.2225E+04    4.0387E+26    2.9400E+27    8.0100E+27    4.0818E+28
    1.2275E+04    4.0424E+26    2.9373E+27    7.9872E+27    4.0758E+28
    1.2325E+04    4.0461E+26    2.9349E+27    7.9720E+27    4.0777E+28
    1.2375E+04    4.0497E+26    2.9325E+27    7.9526E+27    4.0770E+28
    1.2425E+04    4.0535E+26    2.9304E+27    7.9355E+27    4.0771E+28
    1.2475E+04    4.0573E+26    2.9280E+27    7.9184E+27    4.0790E+28
    1.2525E+04    4.0607E+26    2.9249E+27    7.8960E+27    4.0708E+28
    1.2575E+04    4.0646E+26    2.9228E+27    7.8794E+27    4.0746E+28
    1.2625E+04    4.0682E+26    2.9205E+27    7.8613E+27    4.0723E+28
    1.2675E+04    4.0719E+26    2.9188E+27    7.8443E+27    4.0719E+28
    1.2725E+04    4.0753E+26    2.9164E+27    7.8248E+27    4.0747E+28
    1.2775E+04    4.0750E+26    2.9072E+27    7.7646E+27    4.0647E+28
    1.2825E+04    4.0648E+26    2.8674E+27    7.4762E+27    3.9390E+28
    1.2875E+04    4.0844E+26    2.9071E+27    7.7484E+27    4.0555E+28
    1.2925E+04    4.0905E+26    2.9082E+27    7.7551E+27    4.0620E+28
    1.2975E+04    4.0941E+26    2.9052E+27    7.7435E+27    4.0852E+28
    1.3025E+04    4.0986E+26    2.9050E+27    7.7317E+27    4.0822E+28
    1.3075E+04    4.1024E+26    2.9032E+27    7.7190E+27    4.0898E+28
    1.3125E+04    4.1060E+26    2.9012E+27    7.6957E+27    4.0726E+28
    1.3175E+04    4.1099E+26    2.8992E+27    7.6774E+27    4.0741E+28
    1.3225E+04    4.1138E+26    2.8978E+27    7.6702E+27    4.0844E+28
    1.3275E+04    4.1175E+26    2.8959E+27    7.6443E+27    4.0636E+28
    1.3325E+04    4.1213E+26    2.8943E+27    7.6370E+27    4.0835E+28
    1.3375E+04    4.1252E+26    2.8926E+27    7.6209E+27    4.0820E+28
    1.3425E+04    4.1290E+26    2.8910E+27    7.6110E+27    4.0948E+28
    1.3475E+04    4.1330E+26    2.8897E+27    7.5967E+27    4.0973E+28
    1.3525E+04    4.1368E+26    2.8880E+27    7.5817E+27    4.0990E+28
    1.3575E+04    4.1406E+26    2.8863E+27    7.5605E+27    4.0845E+28
    1.3625E+04    4.1444E+26    2.8849E+27    7.5458E+27    4.0802E+28
    1.3675E+04    4.1483E+26    2.8836E+27    7.5397E+27    4.1096E+28
    1.3725E+04    4.1522E+26    2.8813E+27    7.5258E+27    4.1307E+28
    1.3775E+04    4.1561E+26    2.8807E+27    7.5182E+27    4.1389E+28
    1.3825E+04    4.1599E+26    2.8793E+27    7.5074E+27    4.1529E+28
    1.3875E+04    4.1637E+26    2.8781E+27    7.4913E+27    4.1383E+28
    1.3925E+04    4.1676E+26    2.8767E+27    7.4745E+27    4.1253E+28
    1.3975E+04    4.1715E+26    2.8756E+27    7.4632E+27    4.1335E+28
    1.4025E+04    4.1754E+26    2.8744E+27    7.4441E+27    4.1225E+28
    1.4075E+04    4.1793E+26    2.8732E+27    7.4418E+27    4.1546E+28
    1.4125E+04    4.1830E+26    2.8718E+27    7.4247E+27    4.1542E+28
    1.4175E+04    4.1870E+26    2.8709E+27    7.4212E+27    4.1791E+28
    1.4225E+04    4.1909E+26    2.8696E+27    7.3996E+27    4.1691E+28
    1.4275E+04    4.1948E+26    2.8685E+27    7.3856E+27    4.1662E+28
    1.4325E+04    4.1987E+26    2.8676E+27    7.3881E+27    4.2065E+28
    1.4375E+04    4.2025E+26    2.8666E+27    7.3827E+27    4.2290E+28
    1.4425E+04    4.2062E+26    2.8635E+27    7.3437E+27    4.2016E+28
    1.4475E+04    4.2102E+26    2.8644E+27    7.3638E+27    4.2558E+28
    1.4525E+04    4.2140E+26    2.8623E+27    7.3354E+27    4.2457E+28
    1.4570E+04    4.2175E+26    2.8624E+27    7.3376E+27    4.2665E+28
    1.4620E+04    3.5185E+26    2.4934E+27    6.9575E+27    4.2367E+28
    1.4675E+04    3.5213E+26    2.4920E+27    6.9496E+27    4.2499E+28
    1.4725E+04    3.5239E+26    2.4899E+27    6.9281E+27    4.2392E+28
    1.4775E+04    3.5263E+26    2.4871E+27    6.9217E+27    4.2762E+28
    1.4825E+04    3.5291E+26    2.4846E+27    6.9111E+27    4.2923E+28
    1.4875E+04    3.5316E+26    2.4811E+27    6.8813E+27    4.2853E+28
    1.4925E+04    3.5343E+26    2.4799E+27    6.8891E+27    4.3415E+28
    1.4975E+04    3.5369E+26    2.4800E+27    6.8753E+27    4.3425E+28
    1.5025E+04    3.5394E+26    2.4743E+27    6.8373E+27    4.3378E+28
    1.5075E+04    3.5417E+26    2.4754E+27    6.8310E+27    4.3408E+28
    1.5125E+04    3.5443E+26    2.4750E+27    6.8455E+27    4.4050E+28
    1.5175E+04    3.5469E+26    2.4752E+27    6.8446E+27    4.4241E+28
    1.5225E+04    3.5493E+26    2.4802E+27    6.8671E+27    4.4502E+28
    1.5275E+04    3.5519E+26    2.4699E+27    6.8117E+27    4.4640E+28
    1.5325E+04    3.5542E+26    2.4710E+27    6.8139E+27    4.4762E+28
    1.5375E+04    3.5569E+26    2.4774E+27    6.8562E+27    4.5192E+28
    1.5425E+04    3.5591E+26    2.4659E+27    6.7801E+27    4.5147E+28
    1.5475E+04    3.5621E+26    2.4764E+27    6.8546E+27    4.5672E+28
    1.5525E+04    3.5645E+26    2.4763E+27    6.8505E+27    4.5730E+28
    1.5575E+04    3.5664E+26    2.4598E+27    6.7218E+27    4.4881E+28
    1.5625E+04    3.5706E+26    2.4780E+27    6.8645E+27    4.5859E+28
    1.5675E+04    3.5718E+26    2.4693E+27    6.7987E+27    4.6024E+28
    1.5725E+04    3.5739E+26    2.4579E+27    6.7184E+27    4.6083E+28
    1.5775E+04    3.5790E+26    2.4746E+27    6.8125E+27    4.5401E+28
    1.5825E+04    3.5812E+26    2.4731E+27    6.8179E+27    4.6096E+28
    1.5875E+04    3.5802E+26    2.4480E+27    6.6206E+27    4.5682E+28
    1.5925E+04    3.5855E+26    2.4680E+27    6.7978E+27    4.7202E+28
    1.5975E+04    3.5903E+26    2.4716E+27    6.8132E+27    4.6582E+28
    1.6050E+04    3.5928E+26    2.4667E+27    6.7807E+27    4.7123E+28
    1.6150E+04    3.5961E+26    2.4538E+27    6.6804E+27    4.7186E+28
    1.6250E+04    3.6050E+26    2.4657E+27    6.7676E+27    4.7546E+28
    1.6350E+04    3.6083E+26    2.4596E+27    6.7197E+27    4.8189E+28
    1.6450E+04    3.6115E+26    2.4472E+27    6.5854E+27    4.6700E+28
    1.6550E+04    3.6209E+26    2.4592E+27    6.6885E+27    4.8008E+28
    1.6650E+04    3.6262E+26    2.4571E+27    6.6391E+27    4.7027E+28
    1.6750E+04    3.6292E+26    2.4508E+27    6.5734E+27    4.7096E+28
    1.6850E+04    3.6321E+26    2.4388E+27    6.4498E+27    4.6085E+28
    1.6950E+04    3.6418E+26    2.4511E+27    6.5439E+27    4.6830E+28
    1.7050E+04    3.6469E+26    2.4484E+27    6.4949E+27    4.6184E+28
    1.7150E+04    3.6526E+26    2.4477E+27    6.4684E+27    4.6053E+28
    1.7250E+04    3.6574E+26    2.4451E+27    6.4239E+27    4.5717E+28
    1.7350E+04    3.6569E+26    2.4272E+27    6.2542E+27    4.4613E+28
    1.7450E+04    3.6670E+26    2.4405E+27    6.3426E+27    4.4980E+28
    1.7550E+04    3.6734E+26    2.4408E+27    6.3250E+27    4.4707E+28
    1.7650E+04    3.6787E+26    2.4393E+27    6.2924E+27    4.4490E+28
    1.7750E+04    3.6839E+26    2.4380E+27    6.2594E+27    4.4127E+28
    1.7850E+04    3.6891E+26    2.4366E+27    6.2295E+27    4.3915E+28
    1.7950E+04    3.6943E+26    2.4356E+27    6.1991E+27    4.3653E+28
    1.8050E+04    3.6991E+26    2.4338E+27    6.1609E+27    4.3244E+28
    1.8150E+04    3.6991E+26    2.4185E+27    6.0208E+27    4.2594E+28
    1.8250E+04    3.7081E+26    2.4292E+27    6.0837E+27    4.2752E+28
    1.8350E+04    3.7149E+26    2.4307E+27    6.0799E+27    4.2687E+28
    1.8450E+04    3.7201E+26    2.4297E+27    6.0488E+27    4.2431E+28
    1.8550E+04    3.7252E+26    2.4286E+27    6.0270E+27    4.2358E+28
    1.8650E+04    3.7293E+26    2.4280E+27    5.9906E+27    4.2060E+28
    1.8750E+04    3.7300E+26    2.4124E+27    5.8419E+27    4.1225E+28
    1.8850E+04    3.7401E+26    2.4253E+27    5.9382E+27    4.1649E+28
    1.8950E+04    3.7457E+26    2.4247E+27    5.9011E+27    4.1004E+28
    1.9050E+04    3.7506E+26    2.4240E+27    5.8905E+27    4.1166E+28
    1.9150E+04    3.7560E+26    2.4238E+27    5.8631E+27    4.0818E+28
    1.9250E+04    3.7610E+26    2.4231E+27    5.8371E+27    4.0565E+28
    1.9350E+04    3.7654E+26    2.4217E+27    5.7977E+27    4.0083E+28
    1.9450E+04    3.7656E+26    2.4078E+27    5.6672E+27    3.9342E+28
    1.9550E+04    3.7755E+26    2.4203E+27    5.7482E+27    3.9652E+28
    1.9650E+04    3.7812E+26    2.4208E+27    5.7325E+27    3.9488E+28
    1.9750E+04    3.7862E+26    2.4201E+27    5.7028E+27    3.9098E+28
    1.9850E+04    3.7912E+26    2.4198E+27    5.6841E+27    3.8958E+28
    1.9950E+04    3.7962E+26    2.4194E+27    5.6620E+27    3.8794E+28
    2.0050E+04    3.8012E+26    2.4191E+27    5.6456E+27    3.8811E+28
    2.0150E+04    3.8062E+26    2.4188E+27    5.6245E+27    3.8639E+28
    2.0250E+04    3.8111E+26    2.4183E+27    5.5980E+27    3.8299E+28
    2.0350E+04    3.8162E+26    2.4181E+27    5.5748E+27    3.8120E+28
    2.0450E+04    3.8211E+26    2.4180E+27    5.5618E+27    3.8129E+28
    2.0550E+04    3.8260E+26    2.4174E+27    5.5392E+27    3.7938E+28
    2.0650E+04    3.8309E+26    2.4174E+27    5.5155E+27    3.7676E+28
    2.0750E+04    3.8357E+26    2.4172E+27    5.4975E+27    3.7538E+28
    2.0850E+04    3.8407E+26    2.4172E+27    5.4785E+27    3.7382E+28
    2.0950E+04    3.8456E+26    2.4171E+27    5.4548E+27    3.7117E+28
    2.1050E+04    3.8505E+26    2.4170E+27    5.4404E+27    3.7086E+28
    2.1150E+04    3.8551E+26    2.4164E+27    5.4175E+27    3.6841E+28
    2.1250E+04    3.8600E+26    2.4167E+27    5.3995E+27    3.6678E+28
    2.1350E+04    3.8649E+26    2.4168E+27    5.3828E+27    3.6586E+28
    2.1450E+04    3.8697E+26    2.4169E+27    5.3641E+27    3.6400E+28
    2.1550E+04    3.8741E+26    2.4165E+27    5.3409E+27    3.6191E+28
    2.1650E+04    3.8748E+26    2.4058E+27    5.2380E+27    3.5622E+28
    2.1750E+04    3.8832E+26    2.4161E+27    5.2972E+27    3.5715E+28
    2.1850E+04    3.8887E+26    2.4173E+27    5.2861E+27    3.5591E+28
    2.1950E+04    3.8936E+26    2.4176E+27    5.2721E+27    3.5477E+28
    2.2050E+04    3.8983E+26    2.4175E+27    5.2476E+27    3.5086E+28
    2.2150E+04    3.9030E+26    2.4176E+27    5.2357E+27    3.5144E+28
    2.2250E+04    3.9076E+26    2.4179E+27    5.2143E+27    3.4738E+28
    2.2350E+04    3.9123E+26    2.4181E+27    5.1990E+27    3.4658E+28
    2.2450E+04    3.9170E+26    2.4184E+27    5.1828E+27    3.4512E+28
    2.2550E+04    3.9217E+26    2.4185E+27    5.1645E+27    3.4372E+28
    2.2650E+04    3.9263E+26    2.4189E+27    5.1476E+27    3.4120E+28
    2.2750E+04    3.9309E+26    2.4191E+27    5.1326E+27    3.4038E+28
    2.2850E+04    3.5754E+26    2.2306E+27    4.9228E+27    3.3582E+28
    2.2950E+04    3.5795E+26    2.2305E+27    4.8122E+27    2.9640E+28
    2.3050E+04    3.5835E+26    2.2307E+27    4.8457E+27    3.1456E+28
    2.3150E+04    3.5876E+26    2.2306E+27    4.8352E+27    3.1467E+28
    2.3250E+04    3.5915E+26    2.2303E+27    4.7337E+27    2.8100E+28
    2.3350E+04    3.5956E+26    2.2304E+27    4.7722E+27    2.9995E+28
    2.3450E+04    3.5996E+26    2.2303E+27    4.7586E+27    2.9686E+28
    2.3550E+04    3.6036E+26    2.2304E+27    4.6681E+27    2.6858E+28
    2.3650E+04    3.6076E+26    2.2303E+27    4.7077E+27    2.8792E+28
    2.3750E+04    3.6115E+26    2.2309E+27    4.6967E+27    2.8491E+28
    2.3850E+04    3.6154E+26    2.2310E+27    4.6202E+27    2.6265E+28
    2.3950E+04    3.6194E+26    2.2312E+27    4.6500E+27    2.7780E+28
    2.4050E+04    3.6233E+26    2.2311E+27    4.6437E+27    2.7878E+28
    2.4150E+04    3.6272E+26    2.2310E+27    4.5783E+27    2.5935E+28
    2.4250E+04    3.6310E+26    2.2336E+27    4.6082E+27    2.7116E+28
    2.4350E+04    3.6350E+26    2.2318E+27    4.5918E+27    2.7177E+28
    2.4450E+04    3.6388E+26    2.2320E+27    4.5487E+27    2.5974E+28
    2.4550E+04    3.6427E+26    2.2344E+27    4.5508E+27    2.6075E+28
    2.4650E+04    3.6465E+26    2.2335E+27    4.5539E+27    2.6777E+28
    2.4750E+04    3.6503E+26    2.2337E+27    4.5255E+27    2.6125E+28
    2.4850E+04    3.6543E+26    2.2362E+27    4.5062E+27    2.5211E+28
    2.4950E+04    3.6579E+26    2.2323E+27    4.4858E+27    2.5733E+28
    2.5050E+04    3.6623E+26    2.2376E+27    4.5216E+27    2.6364E+28
    2.5150E+04    3.6659E+26    2.2376E+27    4.4714E+27    2.4848E+28
    2.5250E+04    3.6691E+26    2.2330E+27    4.4490E+27    2.5518E+28
    2.5350E+04    3.6733E+26    2.2380E+27    4.4741E+27    2.5820E+28
    2.5450E+04    3.6773E+26    2.2389E+27    4.4581E+27    2.5446E+28
    2.5550E+04    3.6808E+26    2.2388E+27    4.4425E+27    2.5272E+28
    2.5650E+04    3.6840E+26    2.2343E+27    4.4044E+27    2.5402E+28
    2.5750E+04    3.6884E+26    2.2398E+27    4.4342E+27    2.5637E+28
    2.5850E+04    3.6923E+26    2.2405E+27    4.4085E+27    2.4893E+28
    2.5950E+04    3.6960E+26    2.2410E+27    4.4098E+27    2.5245E+28
    2.6050E+04    3.6993E+26    2.2405E+27    4.3958E+27    2.5382E+28
    2.6150E+04    3.7022E+26    2.2361E+27    4.3489E+27    2.5035E+28
    2.6250E+04    3.7041E+26    2.2340E+27    4.3167E+27    2.4852E+28
    2.6350E+04    3.7103E+26    2.2422E+27    4.3668E+27    2.5189E+28
    2.6450E+04    3.7145E+26    2.2434E+27    4.3651E+27    2.5238E+28
    2.6550E+04    3.7181E+26    2.2437E+27    4.3511E+27    2.5016E+28
    2.6650E+04    3.7215E+26    2.2437E+27    4.3313E+27    2.4791E+28
    2.6750E+04    3.7241E+26    2.2391E+27    4.2976E+27    2.5068E+28
    2.6850E+04    3.7287E+26    2.2449E+27    4.3238E+27    2.5023E+28
    2.6950E+04    3.7327E+26    2.2461E+27    4.3150E+27    2.4798E+28
    2.7050E+04    3.7364E+26    2.2467E+27    4.3095E+27    2.4920E+28
    2.7150E+04    3.7400E+26    2.2472E+27    4.3002E+27    2.4835E+28
    2.7250E+04    3.7435E+26    2.2477E+27    4.2926E+27    2.4875E+28
    2.7350E+04    3.7471E+26    2.2482E+27    4.2784E+27    2.4588E+28
    2.7450E+04    3.7505E+26    2.2486E+27    4.2701E+27    2.4664E+28
    2.7550E+04    3.7528E+26    2.2441E+27    4.2262E+27    2.4568E+28
    2.7650E+04    3.7570E+26    2.2485E+27    4.2415E+27    2.4486E+28
    2.7750E+04    3.7612E+26    2.2504E+27    4.2426E+27    2.4414E+28
    2.7850E+04    3.7648E+26    2.2512E+27    4.2361E+27    2.4418E+28
    2.7950E+04    3.7684E+26    2.2518E+27    4.2296E+27    2.4435E+28
    2.8050E+04    3.7719E+26    2.2525E+27    4.2197E+27    2.4322E+28
    2.8150E+04    3.7753E+26    2.2531E+27    4.2092E+27    2.4171E+28
    2.8250E+04    3.7788E+26    2.2541E+27    4.2011E+27    2.4130E+28
    2.8350E+04    3.7823E+26    2.2544E+27    4.1930E+27    2.4093E+28
    2.8450E+04    3.7857E+26    2.2549E+27    4.1830E+27    2.3986E+28
    2.8550E+04    3.7891E+26    2.2554E+27    4.1733E+27    2.3879E+28
    2.8650E+04    3.7920E+26    2.2552E+27    4.1569E+27    2.3754E+28
    2.8750E+04    3.7943E+26    2.2512E+27    4.1147E+27    2.3548E+28
    2.8850E+04    3.7992E+26    2.2572E+27    4.1447E+27    2.3605E+28
    2.8950E+04    3.8028E+26    2.2582E+27    4.1388E+27    2.3525E+28
    2.9050E+04    3.8063E+26    2.2589E+27    4.1303E+27    2.3412E+28
    2.9150E+04    3.8096E+26    2.2595E+27    4.1219E+27    2.3334E+28
    2.9250E+04    3.8130E+26    2.2602E+27    4.1123E+27    2.3181E+28
    2.9350E+04    3.8164E+26    2.2609E+27    4.1057E+27    2.3165E+28
    2.9450E+04    3.8197E+26    2.2616E+27    4.0956E+27    2.3021E+28
    2.9550E+04    3.8231E+26    2.2623E+27    4.0879E+27    2.2934E+28
    2.9650E+04    3.8264E+26    2.2630E+27    4.0801E+27    2.2859E+28
    2.9750E+04    3.8297E+26    2.2637E+27    4.0718E+27    2.2758E+28
    2.9850E+04    3.8330E+26    2.2644E+27    4.0633E+27    2.2648E+28
    2.9950E+04    3.8364E+26    2.2651E+27    4.0552E+27    2.2554E+28
    3.0050E+04    3.8397E+26    2.2658E+27    4.0469E+27    2.2453E+28
    3.0150E+04    3.8429E+26    2.2665E+27    4.0394E+27    2.2377E+28
    3.0250E+04    3.8460E+26    2.2670E+27    4.0298E+27    2.2267E+28
    3.0350E+04    3.8480E+26    2.2637E+27    3.9912E+27    2.2034E+28
    3.0450E+04    3.8517E+26    2.2667E+27    4.0014E+27    2.2051E+28
    3.0550E+04    3.8558E+26    2.2693E+27    4.0075E+27    2.2001E+28
    3.0650E+04    3.8592E+26    2.2701E+27    4.0011E+27    2.1917E+28
    3.0750E+04    3.8624E+26    2.2709E+27    3.9946E+27    2.1848E+28
    3.0850E+04    3.8657E+26    2.2723E+27    3.9873E+27    2.1745E+28
    3.0950E+04    3.8689E+26    2.2733E+27    3.9803E+27    2.1661E+28
    3.1050E+04    3.8721E+26    2.2734E+27    3.9731E+27    2.1596E+28
    3.1150E+04    3.8752E+26    2.2739E+27    3.9627E+27    2.1446E+28
    3.1250E+04    3.8784E+26    2.2746E+27    3.9582E+27    2.1412E+28
    3.1350E+04    3.8816E+26    2.2754E+27    3.9514E+27    2.1330E+28
    3.1450E+04    3.8848E+26    2.2763E+27    3.9443E+27    2.1242E+28
    3.1550E+04    3.8879E+26    2.2770E+27    3.9362E+27    2.1132E+28
    3.1650E+04    3.8911E+26    2.2777E+27    3.9304E+27    2.1063E+28
    3.1750E+04    3.8942E+26    2.2785E+27    3.9236E+27    2.0987E+28
    3.1850E+04    3.8973E+26    2.2793E+27    3.9170E+27    2.0901E+28
    3.1950E+04    3.9004E+26    2.2801E+27    3.9104E+27    2.0821E+28
    3.2100E+04    3.9051E+26    2.2812E+27    3.9000E+27    2.0686E+28
    3.2300E+04    3.9113E+26    2.2828E+27    3.8868E+27    2.0512E+28
    3.2500E+04    3.9174E+26    2.2844E+27    3.8736E+27    2.0344E+28
    3.2700E+04    3.9235E+26    2.2860E+27    3.8603E+27    2.0172E+28
    3.2900E+04    3.7201E+26    2.1753E+27    3.7157E+27    1.9806E+28
    3.3100E+04    3.7266E+26    2.1789E+27    3.7190E+27    1.9707E+28
    3.3300E+04    3.7325E+26    2.1807E+27    3.7097E+27    1.9545E+28
    3.3500E+04    3.7382E+26    2.1822E+27    3.6981E+27    1.9400E+28
    3.3700E+04    3.7439E+26    2.1837E+27    3.6857E+27    1.9236E+28
    3.3900E+04    3.7495E+26    2.1852E+27    3.6731E+27    1.9057E+28
    3.4100E+04    3.7551E+26    2.1866E+27    3.6612E+27    1.8903E+28
    3.4300E+04    3.7606E+26    2.1881E+27    3.6507E+27    1.8773E+28
    3.4500E+04    3.7661E+26    2.1895E+27    3.6391E+27    1.8624E+28
    3.4700E+04    3.7716E+26    2.1911E+27    3.6279E+27    1.8466E+28
    3.4900E+04    3.7770E+26    2.1926E+27    3.6167E+27    1.8322E+28
    3.5100E+04    3.7824E+26    2.1942E+27    3.6061E+27    1.8178E+28
    3.5300E+04    3.7878E+26    2.1957E+27    3.5951E+27    1.8021E+28
    3.5500E+04    3.7932E+26    2.1971E+27    3.5845E+27    1.7888E+28
    3.5700E+04    3.7986E+26    2.1986E+27    3.5732E+27    1.7735E+28
    3.5900E+04    3.8039E+26    2.2008E+27    3.5662E+27    1.7605E+28
    3.6100E+04    3.8092E+26    2.2016E+27    3.5528E+27    1.7465E+28
    3.6300E+04    3.8144E+26    2.2039E+27    3.5472E+27    1.7343E+28
    3.6500E+04    3.8196E+26    2.2045E+27    3.5324E+27    1.7179E+28
    3.6700E+04    3.8248E+26    2.2070E+27    3.5279E+27    1.7055E+28
    3.6900E+04    3.8300E+26    2.2075E+27    3.5120E+27    1.6892E+28
    3.7100E+04    3.8351E+26    2.2100E+27    3.5081E+27    1.6775E+28
    3.7300E+04    3.8398E+26    2.2107E+27    3.4937E+27    1.6647E+28
    3.7500E+04    3.8447E+26    2.2107E+27    3.4739E+27    1.6460E+28
    3.7700E+04    3.8504E+26    2.2148E+27    3.4826E+27    1.6417E+28
    3.7900E+04    3.8555E+26    2.2164E+27    3.4747E+27    1.6296E+28
    3.8100E+04    3.8604E+26    2.2172E+27    3.4614E+27    1.6160E+28
    3.8300E+04    3.8654E+26    2.2191E+27    3.4550E+27    1.6050E+28
    3.8500E+04    3.8704E+26    2.2211E+27    3.4506E+27    1.5950E+28
    3.8700E+04    3.8754E+26    2.2227E+27    3.4421E+27    1.5809E+28
    3.8900E+04    3.8802E+26    2.2243E+27    3.4335E+27    1.5703E+28
    3.9100E+04    3.8850E+26    2.2247E+27    3.4186E+27    1.5569E+28
    3.9300E+04    3.8900E+26    2.2275E+27    3.4191E+27    1.5484E+28
    3.9500E+04    3.8949E+26    2.2291E+27    3.4117E+27    1.5362E+28
    3.9700E+04    3.8997E+26    2.2307E+27    3.4045E+27    1.5257E+28
    3.9900E+04    3.9045E+26    2.2323E+27    3.3963E+27    1.5119E+28
    4.0100E+04    3.9091E+26    2.2334E+27    3.3860E+27    1.5019E+28
    4.0300E+04    3.9137E+26    2.2345E+27    3.3764E+27    1.4914E+28
    4.0500E+04    3.9180E+26    2.2357E+27    3.3634E+27    1.4770E+28
    4.0700E+04    3.9234E+26    2.2387E+27    3.3688E+27    1.4723E+28
    4.0900E+04    3.9281E+26    2.2403E+27    3.3630E+27    1.4629E+28
    4.1100E+04    3.9328E+26    2.2419E+27    3.3566E+27    1.4533E+28
    4.1300E+04    3.9374E+26    2.2435E+27    3.3502E+27    1.4436E+28
    4.1500E+04    3.9419E+26    2.2450E+27    3.3431E+27    1.4334E+28
    4.1700E+04    3.9462E+26    2.2454E+27    3.3283E+27    1.4202E+28
    4.1900E+04    3.9511E+26    2.2482E+27    3.3306E+27    1.4130E+28
    4.2100E+04    3.9557E+26    2.2500E+27    3.3248E+27    1.4025E+28
    4.2300E+04    3.9602E+26    2.2516E+27    3.3201E+27    1.3965E+28
    4.2500E+04    3.9647E+26    2.2531E+27    3.3137E+27    1.3861E+28
    4.2700E+04    3.9692E+26    2.2547E+27    3.3084E+27    1.3783E+28
    4.2900E+04    3.9736E+26    2.2563E+27    3.2881E+27    1.3216E+28
    4.3100E+04    3.9781E+26    2.2579E+27    3.2710E+27    1.2677E+28
    4.3300E+04    3.9825E+26    2.2595E+27    3.2736E+27    1.2839E+28
    4.3500E+04    3.9868E+26    2.2610E+27    3.2534E+27    1.2330E+28
    4.3700E+04    3.9909E+26    2.2614E+27    3.2387E+27    1.2103E+28
    4.3900E+04    3.9955E+26    2.2640E+27    3.2396E+27    1.1965E+28
    4.4100E+04    4.0000E+26    2.2658E+27    3.2232E+27    1.1539E+28
    4.4300E+04    4.0043E+26    2.2674E+27    3.2222E+27    1.1509E+28
    4.4500E+04    4.0085E+26    2.2689E+27    3.2162E+27    1.1387E+28
    4.4700E+04    3.8817E+26    2.2018E+27    3.1316E+27    1.0971E+28
    4.4900E+04    3.8859E+26    2.2033E+27    3.1360E+27    1.1126E+28
    4.5100E+04    3.8900E+26    2.2049E+27    3.1282E+27    1.0934E+28
    4.5300E+04    3.8941E+26    2.2064E+27    3.1167E+27    1.0721E+28
    4.5500E+04    3.8982E+26    2.2079E+27    3.1181E+27    1.0806E+28
    4.5700E+04    3.9023E+26    2.2094E+27    3.1157E+27    1.0767E+28
    4.5900E+04    3.9064E+26    2.2110E+27    3.1029E+27    1.0491E+28
    4.6100E+04    3.9104E+26    2.2125E+27    3.1068E+27    1.0662E+28
    4.6300E+04    3.9144E+26    2.2140E+27    3.1005E+27    1.0541E+28
    4.6500E+04    3.9178E+26    2.2141E+27    3.0894E+27    1.0516E+28
    4.6700E+04    3.9219E+26    2.2157E+27    3.0885E+27    1.0549E+28
    4.6900E+04    3.9263E+26    2.2184E+27    3.0920E+27    1.0476E+28
    4.7100E+04    3.9304E+26    2.2201E+27    3.0887E+27    1.0379E+28
    4.7300E+04    3.9343E+26    2.2217E+27    3.0911E+27    1.0511E+28
    4.7500E+04    3.9382E+26    2.2235E+27    3.0856E+27    1.0388E+28
    4.7700E+04    3.9422E+26    2.2252E+27    3.0830E+27    1.0357E+28
    4.7900E+04    3.9461E+26    2.2263E+27    3.0809E+27    1.0348E+28
    4.8100E+04    3.9500E+26    2.2277E+27    3.0740E+27    1.0191E+28
    4.8300E+04    3.9538E+26    2.2292E+27    3.0771E+27    1.0339E+28
    4.8500E+04    3.9576E+26    2.2307E+27    3.0728E+27    1.0249E+28
    4.8700E+04    3.9615E+26    2.2323E+27    3.0677E+27    1.0136E+28
    4.8900E+04    3.9653E+26    2.2338E+27    3.0659E+27    1.0118E+28
    4.9100E+04    3.9691E+26    2.2353E+27    3.0630E+27    1.0086E+28
    4.9300E+04    3.9729E+26    2.2368E+27    3.0599E+27    1.0032E+28
    4.9500E+04    3.9767E+26    2.2383E+27    3.0566E+27    9.9570E+27
    4.9700E+04    3.9804E+26    2.2398E+27    3.0555E+27    9.9991E+27
    4.9900E+04    3.9842E+26    2.2413E+27    3.0531E+27    9.9551E+27
    5.0100E+04    3.9880E+26    2.2429E+27    3.0514E+27    9.9290E+27
    5.0300E+04    3.9919E+26    2.2446E+27    3.0491E+27    9.8934E+27
    5.0500E+04    3.9959E+26    2.2463E+27    3.0439E+27    9.7765E+27
    5.0700E+04    3.9998E+26    2.2481E+27    3.0431E+27    9.7916E+27
    5.0900E+04    4.0036E+26    2.2498E+27    3.0419E+27    9.7696E+27
    5.1100E+04    4.0074E+26    2.2514E+27    3.0372E+27    9.6863E+27
    5.1300E+04    4.0109E+26    2.2521E+27    3.0297E+27    9.6849E+27
    5.1500E+04    4.0152E+26    2.2549E+27    3.0339E+27    9.6304E+27
    5.1700E+04    4.0190E+26    2.2566E+27    3.0358E+27    9.6919E+27
    5.1900E+04    4.0228E+26    2.2583E+27    3.0312E+27    9.5956E+27
    5.2100E+04    4.0266E+26    2.2600E+27    3.0295E+27    9.5831E+27
    5.2300E+04    4.0304E+26    2.2618E+27    3.0272E+27    9.5216E+27
    5.2500E+04    4.0342E+26    2.2634E+27    3.0268E+27    9.5323E+27
    5.2700E+04    4.0379E+26    2.2651E+27    3.0274E+27    9.5869E+27
    5.2900E+04    4.0416E+26    2.2668E+27    3.0218E+27    9.4405E+27
    5.3100E+04    4.0454E+26    2.2684E+27    3.0205E+27    9.4033E+27
    5.3300E+04    4.0491E+26    2.2701E+27    3.0196E+27    9.4203E+27
    5.3500E+04    4.0528E+26    2.2718E+27    3.0180E+27    9.3890E+27
    5.3700E+04    4.0564E+26    2.2734E+27    3.0170E+27    9.3761E+27
    5.3900E+04    4.0601E+26    2.2751E+27    3.0157E+27    9.3540E+27
    5.4100E+04    4.0637E+26    2.2768E+27    3.0139E+27    9.3296E+27
    5.4300E+04    4.0674E+26    2.2784E+27    3.0106E+27    9.2507E+27
    5.4500E+04    4.0710E+26    2.2801E+27    3.0113E+27    9.2915E+27
    5.4700E+04    4.0746E+26    2.2817E+27    3.0089E+27    9.2160E+27
    5.4900E+04    4.0782E+26    2.2833E+27    3.0074E+27    9.2083E+27
    5.5100E+04    4.0817E+26    2.2850E+27    3.0058E+27    9.1551E+27
    5.5300E+04    4.0853E+26    2.2866E+27    3.0080E+27    9.2653E+27
    5.5500E+04    4.0889E+26    2.2882E+27    3.0025E+27    9.1019E+27
    5.5700E+04    4.0924E+26    2.2900E+27    3.0044E+27    9.1661E+27
    5.5900E+04    4.0959E+26    2.2916E+27    3.0015E+27    9.0945E+27
    5.6100E+04    4.0994E+26    2.2931E+27    3.0009E+27    9.1109E+27
    5.6300E+04    4.1029E+26    2.2947E+27    2.9981E+27    9.0187E+27
    5.6500E+04    4.1064E+26    2.2963E+27    2.9986E+27    9.0547E+27
    5.6700E+04    4.1099E+26    2.2979E+27    2.9971E+27    9.0174E+27
    5.6900E+04    4.1133E+26    2.2995E+27    2.9942E+27    8.9420E+27
    5.7100E+04    4.1168E+26    2.3011E+27    2.9950E+27    8.9796E+27
    5.7300E+04    4.1202E+26    2.3027E+27    2.9935E+27    8.9482E+27
    5.7500E+04    4.1236E+26    2.3043E+27    2.9923E+27    8.9184E+27
    5.7700E+04    4.1270E+26    2.3059E+27    2.9907E+27    8.8806E+27
    5.7900E+04    4.1304E+26    2.3074E+27    2.9907E+27    8.8914E+27
    5.8100E+04    4.1338E+26    2.3090E+27    2.9887E+27    8.8360E+27
    5.8300E+04    4.1372E+26    2.3106E+27    2.9878E+27    8.8170E+27
    5.8500E+04    4.0526E+26    2.2660E+27    2.9403E+27    8.7477E+27
    5.8700E+04    4.0559E+26    2.2675E+27    2.9384E+27    8.6940E+27
    5.8900E+04    4.0592E+26    2.2690E+27    2.9368E+27    8.6769E+27
    5.9100E+04    4.0621E+26    2.2697E+27    2.9306E+27    8.6365E+27
    5.9300E+04    4.0657E+26    2.2721E+27    2.9353E+27    8.6358E+27
    5.9500E+04    4.0690E+26    2.2737E+27    2.9343E+27    8.5949E+27
    5.9700E+04    4.0723E+26    2.2752E+27    2.9339E+27    8.5924E+27
    5.9900E+04    4.0755E+26    2.2767E+27    2.9328E+27    8.5635E+27
    6.0100E+04    4.0787E+26    2.2782E+27    2.9319E+27    8.5391E+27
    6.0300E+04    4.0819E+26    2.2797E+27    2.9308E+27    8.5098E+27
    6.0500E+04    4.0851E+26    2.2812E+27    2.9290E+27    8.4580E+27
    6.0700E+04    4.0883E+26    2.2827E+27    2.9282E+27    8.4373E+27
    6.0900E+04    4.0915E+26    2.2842E+27    2.9274E+27    8.4116E+27
    6.1100E+04    4.0947E+26    2.2857E+27    2.9260E+27    8.3741E+27
    6.1300E+04    4.0978E+26    2.2872E+27    2.9255E+27    8.3598E+27
    6.1500E+04    4.1010E+26    2.2887E+27    2.9247E+27    8.3392E+27
    6.1700E+04    4.1041E+26    2.2902E+27    2.9241E+27    8.3275E+27
    6.1900E+04    4.1072E+26    2.2916E+27    2.9232E+27    8.2974E+27
    6.2100E+04    4.1104E+26    2.2931E+27    2.9225E+27    8.2784E+27
    6.2300E+04    4.1135E+26    2.2946E+27    2.9213E+27    8.2410E+27
    6.2500E+04    4.1166E+26    2.2961E+27    2.9200E+27    8.1981E+27
    6.2700E+04    4.1196E+26    2.2975E+27    2.9193E+27    8.1752E+27
    6.2900E+04    4.1227E+26    2.2990E+27    2.9185E+27    8.1502E+27
    6.3100E+04    4.1258E+26    2.3004E+27    2.9176E+27    8.1245E+27
    6.3300E+04    4.1288E+26    2.3019E+27    2.9173E+27    8.1130E+27
    6.3500E+04    4.1319E+26    2.3033E+27    2.9160E+27    8.0747E+27
    6.3700E+04    4.1349E+26    2.3048E+27    2.9158E+27    8.0699E+27
    6.3900E+04    4.1379E+26    2.3062E+27    2.9143E+27    8.0163E+27
    6.4200E+04    4.1424E+26    2.3084E+27    2.9135E+27    7.9921E+27
    6.4600E+04    4.1484E+26    2.3112E+27    2.9119E+27    7.9352E+27
    6.5000E+04    4.1543E+26    2.3141E+27    2.9106E+27    7.8890E+27
    6.5400E+04    4.1603E+26    2.3169E+27    2.9091E+27    7.8342E+27
    6.5800E+04    4.1661E+26    2.3197E+27    2.9080E+27    7.7919E+27
    6.6200E+04    4.1719E+26    2.3225E+27    2.9065E+27    7.7373E+27
    6.6600E+04    4.1777E+26    2.3253E+27    2.9053E+27    7.6891E+27
    6.7000E+04    4.1835E+26    2.3281E+27    2.9042E+27    7.6450E+27
    6.7400E+04    4.1892E+26    2.3308E+27    2.9030E+27    7.5930E+27
    6.7800E+04    4.1949E+26    2.3336E+27    2.9018E+27    7.5453E+27
    6.8200E+04    4.2005E+26    2.3363E+27    2.9007E+27    7.4981E+27
    6.8600E+04    4.2061E+26    2.3390E+27    2.8998E+27    7.4542E+27
    6.9000E+04    4.2117E+26    2.3417E+27    2.8987E+27    7.4055E+27
    6.9400E+04    4.2172E+26    2.3447E+27    2.8981E+27    7.3610E+27
    6.9800E+04    4.2228E+26    2.3471E+27    2.8970E+27    7.3157E+27
    7.0200E+04    4.2282E+26    2.3497E+27    2.8960E+27    7.2708E+27
    7.0600E+04    4.2337E+26    2.3524E+27    2.8953E+27    7.2294E+27
    7.1000E+04    4.2391E+26    2.3550E+27    2.8945E+27    7.1848E+27
    7.1400E+04    4.2444E+26    2.3576E+27    2.8937E+27    7.1425E+27
    7.1800E+04    4.2498E+26    2.3602E+27    2.8930E+27    7.0998E+27
    7.2200E+04    4.2551E+26    2.3628E+27    2.8924E+27    7.0589E+27
    7.2600E+04    4.2603E+26    2.3654E+27    2.8917E+27    7.0178E+27
    7.3000E+04    4.2656E+26    2.3679E+27    2.8911E+27    6.9776E+27
    7.3400E+04    4.2708E+26    2.3705E+27    2.8905E+27    6.9370E+27
    7.3800E+04    4.2760E+26    2.3730E+27    2.8901E+27    6.8987E+27
    7.4200E+04    4.2194E+26    2.3430E+27    2.8565E+27    6.8263E+27
    7.4600E+04    4.2243E+26    2.3454E+27    2.8538E+27    6.7798E+27
    7.5000E+04    4.2294E+26    2.3477E+27    2.8534E+27    6.7432E+27
    7.5400E+04    4.2345E+26    2.3505E+27    2.8552E+27    6.7132E+27
    7.5800E+04    4.2395E+26    2.3529E+27    2.8550E+27    6.6781E+27
    7.6200E+04    4.2445E+26    2.3553E+27    2.8546E+27    6.6428E+27
    7.6600E+04    4.2494E+26    2.3578E+27    2.8543E+27    6.6072E+27
    7.7000E+04    4.2543E+26    2.3602E+27    2.8540E+27    6.5720E+27
    7.7400E+04    4.2592E+26    2.3626E+27    2.8538E+27    6.5382E+27
    7.7800E+04    4.2641E+26    2.3649E+27    2.8536E+27    6.5045E+27
    7.8200E+04    4.2689E+26    2.3673E+27    2.8533E+27    6.4704E+27
    7.8600E+04    4.2737E+26    2.3697E+27    2.8531E+27    6.4386E+27
    7.9000E+04    4.2785E+26    2.3720E+27    2.8530E+27    6.4062E+27
    7.9400E+04    4.2832E+26    2.3743E+27    2.8528E+27    6.3743E+27
    7.9800E+04    4.2879E+26    2.3766E+27    2.8527E+27    6.3430E+27
    8.0200E+04    4.2926E+26    2.3789E+27    2.8526E+27    6.3117E+27
    8.0600E+04    4.2972E+26    2.3812E+27    2.8526E+27    6.2808E+27
    8.1000E+04    4.3019E+26    2.3835E+27    2.8526E+27    6.2516E+27
    8.1400E+04    4.3065E+26    2.3858E+27    2.8525E+27    6.2216E+27
    8.1800E+04    4.3111E+26    2.3880E+27    2.8525E+27    6.1926E+27
    8.2200E+04    4.3156E+26    2.3902E+27    2.8526E+27    6.1642E+27
    8.2600E+04    4.3201E+26    2.3925E+27    2.8526E+27    6.1359E+27
    8.3000E+04    4.3247E+26    2.3947E+27    2.8527E+27    6.1077E+27
    8.3400E+04    4.3291E+26    2.3969E+27    2.8527E+27    6.0802E+27
    8.3800E+04    4.3336E+26    2.3990E+27    2.8528E+27    6.0527E+27
    8.4200E+04    4.3380E+26    2.4012E+27    2.8530E+27    6.0266E+27
    8.4600E+04    4.3424E+26    2.4034E+27    2.8531E+27    5.9996E+27
    8.5000E+04    4.3468E+26    2.4055E+27    2.8532E+27    5.9739E+27
    8.5400E+04    4.3512E+26    2.4077E+27    2.8534E+27    5.9479E+27
    8.5800E+04    4.3555E+26    2.4098E+27    2.8535E+27    5.9221E+27
    8.6200E+04    4.3598E+26    2.4119E+27    2.8537E+27    5.8980E+27
    8.6600E+04    4.3641E+26    2.4140E+27    2.8540E+27    5.8742E+27
    8.7000E+04    4.3683E+26    2.4161E+27    2.8542E+27    5.8501E+27
    8.7400E+04    4.3726E+26    2.4182E+27    2.8544E+27    5.8254E+27
    8.7800E+04    4.3768E+26    2.4202E+27    2.8546E+27    5.8014E+27
    8.8200E+04    4.3810E+26    2.4222E+27    2.8549E+27    5.7780E+27
    8.8600E+04    4.3851E+26    2.4243E+27    2.8552E+27    5.7550E+27
    8.9000E+04    4.3893E+26    2.4263E+27    2.8555E+27    5.7334E+27
    8.9400E+04    4.3934E+26    2.4283E+27    2.8558E+27    5.7103E+27
    8.9800E+04    4.3975E+26    2.4303E+27    2.8560E+27    5.6881E+27
    9.0200E+04    4.4016E+26    2.4323E+27    2.8563E+27    5.6659E+27
    9.0600E+04    4.4056E+26    2.4343E+27    2.8567E+27    5.6444E+27
    9.1000E+04    4.4096E+26    2.4363E+27    2.8571E+27    5.6232E+27
    9.1400E+04    4.3687E+26    2.4145E+27    2.8334E+27    5.5784E+27
    9.1800E+04    4.3726E+26    2.4165E+27    2.8337E+27    5.5584E+27
    9.2200E+04    4.3766E+26    2.4184E+27    2.8341E+27    5.5380E+27
    9.2600E+04    4.3805E+26    2.4203E+27    2.8345E+27    5.5174E+27
    9.3000E+04    4.3844E+26    2.4222E+27    2.8349E+27    5.4977E+27
    9.3400E+04    4.3883E+26    2.4240E+27    2.8352E+27    5.4783E+27
    9.3800E+04    4.3921E+26    2.4259E+27    2.8356E+27    5.4586E+27
    9.4200E+04    4.3960E+26    2.4278E+27    2.8360E+27    5.4394E+27
    9.4600E+04    4.3998E+26    2.4296E+27    2.8364E+27    5.4202E+27
    9.5000E+04    4.4036E+26    2.4314E+27    2.8368E+27    5.4015E+27
    9.5400E+04    4.4074E+26    2.4332E+27    2.8372E+27    5.3836E+27
    9.5800E+04    4.4111E+26    2.4350E+27    2.8376E+27    5.3655E+27
    9.6200E+04    4.4149E+26    2.4368E+27    2.8380E+27    5.3471E+27
    9.6600E+04    4.4186E+26    2.4386E+27    2.8385E+27    5.3297E+27
    9.7000E+04    4.4223E+26    2.4407E+27    2.8392E+27    5.3124E+27
    9.7400E+04    4.4260E+26    2.4422E+27    2.8394E+27    5.2942E+27
    9.7800E+04    4.4296E+26    2.4439E+27    2.8398E+27    5.2772E+27
    9.8200E+04    4.4332E+26    2.4456E+27    2.8402E+27    5.2606E+27
    9.8600E+04    4.4369E+26    2.4473E+27    2.8406E+27    5.2438E+27
    9.9000E+04    4.4405E+26    2.4490E+27    2.8411E+27    5.2277E+27
    9.9400E+04    4.4440E+26    2.4507E+27    2.8416E+27    5.2113E+27
    9.9800E+04    4.4476E+26    2.4524E+27    2.8420E+27    5.1951E+27
    1.0020E+05    4.4511E+26    2.4541E+27    2.8425E+27    5.1790E+27
    2.0000E+05    4.9973E+26    2.7288E+27    3.0116E+27    3.7766E+27
    4.0000E+05    5.6518E+26    3.0769E+27    3.3489E+27    3.7089E+27
    6.0000E+05    6.0759E+26    3.3035E+27    3.5828E+27    3.8728E+27
    8.0000E+05    6.3948E+26    3.4744E+27    3.7611E+27    4.0302E+27
    1.0000E+06    6.6500E+26    3.6111E+27    3.9044E+27    4.1660E+27
    1.2000E+06    6.8644E+26    3.7260E+27    4.0250E+27    4.2840E+27
    1.4000E+06    7.0487E+26    3.8247E+27    4.1286E+27    4.3873E+27
    1.6000E+06    7.2110E+26    3.9117E+27    4.2199E+27    4.4792E+27
