    9.1000E+01    0.0000E+00    0.0000E+00    0.0000E+00    0.0000E+00
    9.4000E+01    0.0000E+00    0.0000E+00    0.0000E+00    0.0000E+00
    9.6000E+01    0.0000E+00    0.0000E+00    0.0000E+00    0.0000E+00
    9.8000E+01    0.0000E+00    0.0000E+00    0.0000E+00    0.0000E+00
    1.0000E+02    0.0000E+00    0.0000E+00    0.0000E+00    0.0000E+00
    1.0200E+02    0.0000E+00    0.0000E+00    0.0000E+00    0.0000E+00
    1.0400E+02    0.0000E+00    0.0000E+00    0.0000E+00    0.0000E+00
    1.0600E+02    0.0000E+00    0.0000E+00    0.0000E+00    0.0000E+00
    1.0800E+02    0.0000E+00    0.0000E+00    0.0000E+00    0.0000E+00
    1.1000E+02    0.0000E+00    0.0000E+00    0.0000E+00    0.0000E+00
    1.1400E+02    0.0000E+00    0.0000E+00    0.0000E+00    0.0000E+00
    1.1800E+02    0.0000E+00    0.0000E+00    0.0000E+00    0.0000E+00
    1.2100E+02    0.0000E+00    0.0000E+00    0.0000E+00    0.0000E+00
    1.2500E+02    0.0000E+00    0.0000E+00    0.0000E+00    0.0000E+00
    1.2700E+02    0.0000E+00    0.0000E+00    0.0000E+00    0.0000E+00
    1.2800E+02    0.0000E+00    0.0000E+00    0.0000E+00    0.0000E+00
    1.3100E+02    0.0000E+00    0.0000E+00    0.0000E+00    0.0000E+00
    1.3200E+02    0.0000E+00    0.0000E+00    0.0000E+00    0.0000E+00
    1.3400E+02    0.0000E+00    0.0000E+00    0.0000E+00    0.0000E+00
    1.3700E+02    0.0000E+00    0.0000E+00    0.0000E+00    0.0000E+00
    1.4000E+02    0.0000E+00    0.0000E+00    0.0000E+00    0.0000E+00
    1.4300E+02    0.0000E+00    0.0000E+00    0.0000E+00    0.0000E+00
    1.4700E+02    0.0000E+00    0.0000E+00    0.0000E+00    0.0000E+00
    1.5100E+02    0.0000E+00    0.0000E+00    0.0000E+00    0.0000E+00
    1.5500E+02    0.0000E+00    0.0000E+00    0.0000E+00    0.0000E+00
    1.5900E+02    0.0000E+00    0.0000E+00    0.0000E+00    0.0000E+00
    1.6200E+02    0.0000E+00    0.0000E+00    0.0000E+00    0.0000E+00
    1.6600E+02    0.0000E+00    0.0000E+00    0.0000E+00    0.0000E+00
    1.7000E+02    0.0000E+00    0.0000E+00    0.0000E+00    0.0000E+00
    1.7300E+02    0.0000E+00    0.0000E+00    0.0000E+00    0.0000E+00
    1.7700E+02    0.0000E+00    0.0000E+00    0.0000E+00    0.0000E+00
    1.8000E+02    0.0000E+00    0.0000E+00    0.0000E+00    0.0000E+00
    1.8200E+02    0.0000E+00    0.0000E+00    0.0000E+00    0.0000E+00
    1.8600E+02    0.0000E+00    0.0000E+00    0.0000E+00    0.0000E+00
    1.9100E+02    0.0000E+00    0.0000E+00    0.0000E+00    0.0000E+00
    1.9400E+02    0.0000E+00    0.0000E+00    0.0000E+00    0.0000E+00
    1.9800E+02    0.0000E+00    0.0000E+00    0.0000E+00    0.0000E+00
    2.0200E+02    0.0000E+00    0.0000E+00    0.0000E+00    0.0000E+00
    2.0500E+02    0.0000E+00    0.0000E+00    0.0000E+00    0.0000E+00
    2.1000E+02    0.0000E+00    0.0000E+00    0.0000E+00    0.0000E+00
    2.1600E+02    0.0000E+00    0.0000E+00    0.0000E+00    0.0000E+00
    2.2000E+02    0.0000E+00    0.0000E+00    0.0000E+00    0.0000E+00
    2.2300E+02    0.0000E+00    0.0000E+00    0.0000E+00    0.0000E+00
    2.2700E+02    0.0000E+00    0.0000E+00    0.0000E+00    0.0000E+00
    2.3000E+02    0.0000E+00    0.0000E+00    0.0000E+00    0.0000E+00
    2.3400E+02    0.0000E+00    0.0000E+00    0.0000E+00    0.0000E+00
    2.4000E+02    0.0000E+00    0.0000E+00    0.0000E+00    0.0000E+00
    2.4600E+02    0.0000E+00    0.0000E+00    0.0000E+00    0.0000E+00
    2.5200E+02    0.0000E+00    0.0000E+00    0.0000E+00    0.0000E+00
    2.5700E+02    0.0000E+00    0.0000E+00    0.0000E+00    0.0000E+00
    2.6000E+02    0.0000E+00    0.0000E+00    0.0000E+00    0.0000E+00
    2.6400E+02    0.0000E+00    0.0000E+00    0.0000E+00    0.0000E+00
    2.6900E+02    0.0000E+00    0.0000E+00    0.0000E+00    0.0000E+00
    2.7400E+02    0.0000E+00    0.0000E+00    0.0000E+00    0.0000E+00
    2.7900E+02    0.0000E+00    0.0000E+00    0.0000E+00    0.0000E+00
    2.8400E+02    0.0000E+00    0.0000E+00    0.0000E+00    0.0000E+00
    2.9000E+02    0.0000E+00    0.0000E+00    0.0000E+00    0.0000E+00
    2.9600E+02    0.0000E+00    0.0000E+00    0.0000E+00    0.0000E+00
    3.0100E+02    0.0000E+00    0.0000E+00    0.0000E+00    0.0000E+00
    3.0800E+02    0.0000E+00    0.0000E+00    0.0000E+00    0.0000E+00
    3.1800E+02    0.0000E+00    0.0000E+00    0.0000E+00    0.0000E+00
    3.2800E+02    0.0000E+00    0.0000E+00    0.0000E+00    0.0000E+00
    3.3800E+02    0.0000E+00    0.0000E+00    0.0000E+00    0.0000E+00
    3.4800E+02    0.0000E+00    0.0000E+00    0.0000E+00    0.0000E+00
    3.5700E+02    0.0000E+00    0.0000E+00    0.0000E+00    0.0000E+00
    3.6600E+02    0.0000E+00    0.0000E+00    0.0000E+00    0.0000E+00
    3.7500E+02    0.0000E+00    0.0000E+00    0.0000E+00    0.0000E+00
    3.8500E+02    0.0000E+00    0.0000E+00    0.0000E+00    0.0000E+00
    3.9500E+02    0.0000E+00    0.0000E+00    0.0000E+00    0.0000E+00
    4.0500E+02    0.0000E+00    0.0000E+00    0.0000E+00    0.0000E+00
    4.1400E+02    0.0000E+00    0.0000E+00    0.0000E+00    0.0000E+00
    4.2200E+02    0.0000E+00    0.0000E+00    0.0000E+00    0.0000E+00
    4.3000E+02    0.0000E+00    0.0000E+00    0.0000E+00    0.0000E+00
    4.4100E+02    0.0000E+00    0.0000E+00    0.0000E+00    0.0000E+00
    4.5100E+02    0.0000E+00    0.0000E+00    0.0000E+00    0.0000E+00
    4.6000E+02    0.0000E+00    0.0000E+00    0.0000E+00    0.0000E+00
    4.7000E+02    0.0000E+00    0.0000E+00    0.0000E+00    0.0000E+00
    4.8000E+02    0.0000E+00    0.0000E+00    0.0000E+00    0.0000E+00
    4.9000E+02    0.0000E+00    0.0000E+00    0.0000E+00    0.0000E+00
    5.0000E+02    0.0000E+00    0.0000E+00    0.0000E+00    0.0000E+00
    5.0600E+02    0.0000E+00    0.0000E+00    0.0000E+00    0.0000E+00
    5.1200E+02    0.0000E+00    0.0000E+00    0.0000E+00    0.0000E+00
    5.2000E+02    0.0000E+00    0.0000E+00    0.0000E+00    0.0000E+00
    5.3000E+02    0.0000E+00    0.0000E+00    0.0000E+00    0.0000E+00
    5.4000E+02    0.0000E+00    0.0000E+00    0.0000E+00    0.0000E+00
    5.5000E+02    0.0000E+00    0.0000E+00    0.0000E+00    0.0000E+00
    5.6000E+02    0.0000E+00    0.0000E+00    0.0000E+00    0.0000E+00
    5.7000E+02    0.0000E+00    0.0000E+00    0.0000E+00    0.0000E+00
    5.8000E+02    0.0000E+00    0.0000E+00    0.0000E+00    0.0000E+00
    5.9000E+02    0.0000E+00    0.0000E+00    0.0000E+00    0.0000E+00
    6.0000E+02    0.0000E+00    0.0000E+00    0.0000E+00    0.0000E+00
    6.1000E+02    0.0000E+00    0.0000E+00    0.0000E+00    0.0000E+00
    6.2000E+02    0.0000E+00    0.0000E+00    0.0000E+00    0.0000E+00
    6.3000E+02    0.0000E+00    0.0000E+00    0.0000E+00    0.0000E+00
    6.4000E+02    0.0000E+00    0.0000E+00    0.0000E+00    0.0000E+00
    6.5000E+02    0.0000E+00    0.0000E+00    0.0000E+00    0.0000E+00
    6.5800E+02    0.0000E+00    0.0000E+00    0.0000E+00    0.0000E+00
    6.6500E+02    0.0000E+00    0.0000E+00    0.0000E+00    0.0000E+00
    6.7500E+02    0.0000E+00    0.0000E+00    0.0000E+00    0.0000E+00
    6.8500E+02    0.0000E+00    0.0000E+00    0.0000E+00    0.0000E+00
    6.9500E+02    0.0000E+00    0.0000E+00    0.0000E+00    0.0000E+00
    7.0500E+02    0.0000E+00    0.0000E+00    0.0000E+00    0.0000E+00
    7.1600E+02    0.0000E+00    0.0000E+00    0.0000E+00    0.0000E+00
    7.2600E+02    0.0000E+00    0.0000E+00    0.0000E+00    0.0000E+00
    7.3500E+02    0.0000E+00    0.0000E+00    0.0000E+00    0.0000E+00
    7.4500E+02    0.0000E+00    0.0000E+00    0.0000E+00    0.0000E+00
    7.5500E+02    0.0000E+00    0.0000E+00    0.0000E+00    0.0000E+00
    7.6500E+02    0.0000E+00    0.0000E+00    0.0000E+00    0.0000E+00
    7.7500E+02    0.0000E+00    0.0000E+00    0.0000E+00    0.0000E+00
    7.8500E+02    0.0000E+00    0.0000E+00    0.0000E+00    0.0000E+00
    7.9500E+02    0.0000E+00    0.0000E+00    0.0000E+00    0.0000E+00
    8.0500E+02    0.0000E+00    0.0000E+00    0.0000E+00    0.0000E+00
    8.1500E+02    0.0000E+00    0.0000E+00    0.0000E+00    0.0000E+00
    8.2500E+02    0.0000E+00    0.0000E+00    0.0000E+00    0.0000E+00
    8.3500E+02    0.0000E+00    0.0000E+00    0.0000E+00    0.0000E+00
    8.4500E+02    0.0000E+00    0.0000E+00    0.0000E+00    0.0000E+00
    8.5500E+02    0.0000E+00    0.0000E+00    0.0000E+00    0.0000E+00
    8.6500E+02    0.0000E+00    0.0000E+00    0.0000E+00    0.0000E+00
    8.7500E+02    0.0000E+00    0.0000E+00    0.0000E+00    0.0000E+00
    8.8500E+02    0.0000E+00    0.0000E+00    0.0000E+00    0.0000E+00
    8.9500E+02    0.0000E+00    0.0000E+00    0.0000E+00    0.0000E+00
    9.0500E+02    0.0000E+00    0.0000E+00    0.0000E+00    0.0000E+00
    9.1500E+02    1.0531E+27    8.7263E+25    2.8275E+22    7.8320E+19
    9.2500E+02    9.6129E+26    2.3180E+26    1.0137E+23    2.6729E+20
    9.3500E+02    1.2213E+27    3.4338E+26    3.1565E+23    4.1473E+20
    9.4500E+02    1.2913E+27    4.8245E+26    1.9819E+24    8.5329E+20
    9.5500E+02    1.3343E+27    5.4375E+26    6.3232E+24    5.5058E+21
    9.6500E+02    1.3910E+27    6.2539E+26    9.2216E+24    9.8559E+21
    9.7500E+02    1.2188E+27    3.4738E+26    2.2139E+24    1.8319E+21
    9.8500E+02    1.3688E+27    6.1595E+26    1.8377E+25    1.3737E+23
    9.9500E+02    1.3459E+27    5.9051E+26    2.1472E+25    4.3284E+23
    1.0050E+03    1.3700E+27    6.3525E+26    2.3837E+25    4.2167E+23
    1.0150E+03    1.3743E+27    6.2762E+26    1.5686E+25    7.0449E+22
    1.0250E+03    1.2216E+27    4.3754E+26    1.3751E+24    1.8299E+21
    1.0350E+03    1.3514E+27    6.0422E+26    1.1822E+25    4.7456E+22
    1.0450E+03    1.3944E+27    6.9187E+26    2.7395E+25    5.3546E+23
    1.0550E+03    1.3882E+27    6.8609E+26    3.0081E+25    1.1656E+24
    1.0650E+03    1.3609E+27    6.4621E+26    2.7986E+25    1.3314E+24
    1.0750E+03    1.3672E+27    6.6479E+26    3.1412E+25    1.6288E+24
    1.0850E+03    1.3343E+27    6.3282E+26    2.9014E+25    1.6623E+24
    1.0950E+03    1.3623E+27    6.8405E+26    3.2220E+25    1.7377E+24
    1.1050E+03    1.3476E+27    6.6804E+26    3.1207E+25    1.9011E+24
    1.1150E+03    1.3413E+27    6.6922E+26    3.1342E+25    1.9024E+24
    1.1250E+03    1.3171E+27    6.1761E+26    3.0432E+25    1.9411E+24
    1.1350E+03    1.3311E+27    6.7291E+26    3.2520E+25    2.0265E+24
    1.1450E+03    1.3158E+27    6.5538E+26    3.1005E+25    1.9062E+24
    1.1550E+03    1.3117E+27    6.5349E+26    3.2025E+25    1.8462E+24
    1.1650E+03    1.3048E+27    6.5887E+26    3.3190E+25    1.8577E+24
    1.1750E+03    1.2459E+27    5.5315E+26    3.0068E+25    1.5968E+24
    1.1850E+03    1.2826E+27    6.4581E+26    3.1475E+25    1.1290E+24
    1.1950E+03    1.2643E+27    6.2871E+26    2.3467E+25    3.0954E+23
    1.2050E+03    1.2428E+27    5.8398E+26    1.4940E+25    5.4960E+22
    1.2150E+03    1.1228E+27    4.2627E+26    1.9318E+24    7.9164E+21
    1.2250E+03    1.2612E+27    6.0362E+26    1.3605E+25    3.8745E+22
    1.2350E+03    1.2485E+27    6.4632E+26    2.7331E+25    4.4710E+23
    1.2450E+03    1.3565E+27    6.4730E+26    3.2167E+25    1.2283E+24
    1.2550E+03    1.3474E+27    6.4873E+26    3.3220E+25    1.7835E+24
    1.2650E+03    1.3609E+27    6.5002E+26    3.0589E+25    1.6385E+24
    1.2750E+03    1.3775E+27    6.5919E+26    3.5221E+25    2.3948E+24
    1.2850E+03    1.3879E+27    6.5809E+26    3.6523E+25    2.7489E+24
    1.2950E+03    1.3837E+27    6.2955E+26    3.4387E+25    2.7669E+24
    1.3050E+03    1.3923E+27    6.3716E+26    3.3726E+25    2.6175E+24
    1.3150E+03    1.4067E+27    6.5522E+26    3.7082E+25    3.0065E+24
    1.3250E+03    1.4061E+27    6.4418E+26    3.6560E+25    3.0764E+24
    1.3350E+03    1.4055E+27    6.3394E+26    3.5261E+25    3.0721E+24
    1.3450E+03    1.4127E+27    6.4205E+26    3.7715E+25    3.3289E+24
    1.3550E+03    1.4141E+27    6.4464E+26    3.7297E+25    3.2163E+24
    1.3650E+03    1.4106E+27    6.3485E+26    3.6340E+25    3.1320E+24
    1.3750E+03    1.4098E+27    6.3282E+26    3.6932E+25    3.2776E+24
    1.3850E+03    1.4102E+27    6.3179E+26    3.7748E+25    3.3923E+24
    1.3950E+03    1.3807E+27    5.7557E+26    3.7260E+25    3.4674E+24
    1.4050E+03    1.3712E+27    5.7192E+26    3.8019E+25    3.5025E+24
    1.4150E+03    1.4046E+27    6.2281E+26    3.7512E+25    3.4080E+24
    1.4250E+03    1.3957E+27    6.0776E+26    3.7894E+25    3.4738E+24
    1.4350E+03    1.3996E+27    6.1851E+26    3.7710E+25    3.3812E+24
    1.4420E+03    1.3984E+27    6.2132E+26    3.8468E+25    3.5640E+24
    1.4470E+03    1.3962E+27    6.1825E+26    3.8697E+25    3.6320E+24
    1.4550E+03    1.3911E+27    6.1255E+26    3.8487E+25    3.6487E+24
    1.4650E+03    1.3873E+27    6.0768E+26    3.7972E+25    3.5824E+24
    1.4750E+03    1.3842E+27    6.0583E+26    3.7935E+25    3.5860E+24
    1.4850E+03    1.3821E+27    6.0596E+26    3.7881E+25    3.6330E+24
    1.4950E+03    1.3762E+27    6.0114E+26    3.8051E+25    3.6807E+24
    1.5050E+03    1.3705E+27    5.9395E+26    3.7934E+25    3.7513E+24
    1.5120E+03    1.3655E+27    5.8415E+26    3.7134E+25    3.7183E+24
    1.5170E+03    1.3641E+27    5.8685E+26    3.7944E+25    3.8058E+24
    1.5250E+03    1.3598E+27    5.8359E+26    3.7321E+25    3.6488E+24
    1.5350E+03    1.3426E+27    5.5614E+26    3.6298E+25    3.5960E+24
    1.5450E+03    1.3245E+27    5.1859E+26    3.7946E+25    3.8670E+24
    1.5550E+03    1.3218E+27    5.3420E+26    3.6773E+25    3.7350E+24
    1.5650E+03    1.3298E+27    5.4794E+26    3.6248E+25    3.5477E+24
    1.5750E+03    1.3318E+27    5.6627E+26    3.7161E+25    3.7091E+24
    1.5850E+03    1.3297E+27    5.6361E+26    3.7816E+25    3.8747E+24
    1.5950E+03    1.3254E+27    5.6886E+26    3.8626E+25    4.0132E+24
    1.6050E+03    1.3131E+27    5.5261E+26    3.7566E+25    3.8647E+24
    1.6150E+03    1.3075E+27    5.4816E+26    3.7740E+25    3.9226E+24
    1.6250E+03    1.3046E+27    5.5017E+26    3.6943E+25    3.7455E+24
    1.6350E+03    1.3007E+27    5.5407E+26    3.7423E+25    3.8529E+24
    1.6450E+03    1.2887E+27    5.4346E+26    3.7574E+25    3.9337E+24
    1.6550E+03    1.2956E+27    5.5359E+26    3.6130E+25    3.6288E+24
    1.6650E+03    1.2923E+27    5.5419E+26    3.8287E+25    4.0343E+24
    1.6720E+03    1.2830E+27    5.4218E+26    3.6504E+25    3.7508E+24
    1.6770E+03    1.2914E+27    5.6288E+26    3.7544E+25    3.9349E+24
    1.6850E+03    1.2859E+27    5.5806E+26    3.8320E+25    4.1078E+24
    1.6950E+03    1.2800E+27    5.5261E+26    3.7705E+25    3.9903E+24
    1.7050E+03    1.2734E+27    5.4667E+26    3.7113E+25    3.9675E+24
    1.7150E+03    1.2650E+27    5.3799E+26    3.6838E+25    4.0238E+24
    1.7250E+03    1.2600E+27    5.3553E+26    3.6684E+25    4.0034E+24
    1.7350E+03    1.2613E+27    5.4505E+26    3.7698E+25    4.1717E+24
    1.7450E+03    1.2557E+27    5.4049E+26    3.7122E+25    4.1100E+24
    1.7550E+03    1.2511E+27    5.4008E+26    3.8162E+25    4.2816E+24
    1.7650E+03    1.2450E+27    5.3411E+26    3.6121E+25    4.0214E+24
    1.7750E+03    1.2414E+27    5.3328E+26    3.7843E+25    4.3118E+24
    1.7850E+03    1.2386E+27    5.3362E+26    3.7736E+25    4.2890E+24
    1.7950E+03    1.2342E+27    5.3305E+26    3.8452E+25    4.4388E+24
    1.8050E+03    1.2309E+27    5.3422E+26    3.8339E+25    4.4488E+24
    1.8150E+03    1.2241E+27    5.2524E+26    3.7907E+25    4.4482E+24
    1.8250E+03    1.2203E+27    5.2628E+26    3.8045E+25    4.3922E+24
    1.8350E+03    1.2168E+27    5.2506E+26    3.7705E+25    4.3814E+24
    1.8450E+03    1.2078E+27    5.1035E+26    3.6821E+25    4.2861E+24
    1.8550E+03    1.2029E+27    5.0695E+26    3.6526E+25    4.3599E+24
    1.8650E+03    1.2005E+27    5.0991E+26    3.6749E+25    4.3947E+24
    1.8750E+03    1.1984E+27    5.1355E+26    3.7842E+25    4.5054E+24
    1.8850E+03    1.1897E+27    4.9821E+26    3.6917E+25    4.5198E+24
    1.8950E+03    1.1837E+27    4.8944E+26    3.6410E+25    4.5310E+24
    1.9050E+03    1.1844E+27    5.0156E+26    3.7462E+25    4.5432E+24
    1.9150E+03    1.1781E+27    4.9199E+26    3.6756E+25    4.5521E+24
    1.9250E+03    1.1714E+27    4.8378E+26    3.6736E+25    4.6008E+24
    1.9350E+03    1.1725E+27    4.9367E+26    3.7041E+25    4.5354E+24
    1.9450E+03    1.1710E+27    4.9794E+26    3.7847E+25    4.7224E+24
    1.9550E+03    1.1617E+27    4.8093E+26    3.6927E+25    4.7118E+24
    1.9670E+03    1.1625E+27    4.9217E+26    3.7955E+25    4.8023E+24
    1.9760E+03    1.1619E+27    4.9782E+26    3.8207E+25    4.7648E+24
    1.9840E+03    1.1561E+27    4.8764E+26    3.7626E+25    4.7698E+24
    1.9950E+03    1.1500E+27    4.8055E+26    3.6947E+25    4.7177E+24
    2.0050E+03    1.1495E+27    4.8650E+26    3.7489E+25    4.7037E+24
    2.0150E+03    1.1474E+27    4.8730E+26    3.7200E+25    4.6335E+24
    2.0250E+03    1.1454E+27    4.8956E+26    3.7822E+25    4.6775E+24
    2.0350E+03    1.1398E+27    4.8019E+26    3.7499E+25    4.7716E+24
    2.0450E+03    1.1364E+27    4.7917E+26    3.7668E+25    4.8486E+24
    2.0550E+03    1.1132E+27    4.3631E+26    3.6785E+25    4.7425E+24
    2.0650E+03    1.1232E+27    4.5800E+26    3.7163E+25    4.7676E+24
    2.0740E+03    1.1442E+27    4.8387E+26    3.7796E+25    4.8907E+24
    2.0780E+03    1.1412E+27    4.7313E+26    3.7435E+25    4.9303E+24
    2.0850E+03    1.1399E+27    4.7549E+26    3.7826E+25    4.9643E+24
    2.0950E+03    1.1359E+27    4.6820E+26    3.7228E+25    4.9008E+24
    2.1050E+03    1.1350E+27    4.7247E+26    3.7644E+25    4.9095E+24
    2.1150E+03    1.1338E+27    4.7374E+26    3.7693E+25    4.9367E+24
    2.1250E+03    1.1313E+27    4.7419E+26    3.7949E+25    4.9680E+24
    2.1350E+03    1.1284E+27    4.7121E+26    3.7256E+25    4.7702E+24
    2.1450E+03    1.1251E+27    4.6608E+26    3.7621E+25    4.9856E+24
    2.1550E+03    1.1245E+27    4.6934E+26    3.7779E+25    4.9838E+24
    2.1650E+03    1.1193E+27    4.6471E+26    3.7160E+25    4.8547E+24
    2.1750E+03    1.1188E+27    4.6490E+26    3.7133E+25    4.8705E+24
    2.1850E+03    1.1151E+27    4.6143E+26    3.7174E+25    4.9264E+24
    2.1950E+03    1.1151E+27    4.6316E+26    3.7872E+25    5.1245E+24
    2.2050E+03    1.1124E+27    4.6060E+26    3.7217E+25    5.0010E+24
    2.2150E+03    1.1079E+27    4.5642E+26    3.6750E+25    4.8557E+24
    2.2250E+03    1.1069E+27    4.5518E+26    3.6267E+25    4.8385E+24
    2.2350E+03    1.1053E+27    4.5403E+26    3.7469E+25    5.1473E+24
    2.2450E+03    1.1033E+27    4.5302E+26    3.6851E+25    4.9767E+24
    2.2550E+03    1.0987E+27    4.4776E+26    3.6464E+25    4.8850E+24
    2.2650E+03    1.0990E+27    4.4943E+26    3.6630E+25    4.8819E+24
    2.2750E+03    1.0969E+27    4.4777E+26    3.7053E+25    5.0874E+24
    2.2850E+03    1.0948E+27    4.4618E+26    3.7378E+25    5.1782E+24
    2.2950E+03    1.0902E+27    4.3811E+26    3.6685E+25    5.0351E+24
    2.3050E+03    1.0887E+27    4.3973E+26    3.6766E+25    5.0982E+24
    2.3150E+03    1.0890E+27    4.3927E+26    3.6495E+25    5.0697E+24
    2.3250E+03    1.0806E+27    4.1835E+26    3.3269E+25    4.6054E+24
    2.3350E+03    1.0854E+27    4.3447E+26    3.6092E+25    4.9961E+24
    2.3450E+03    1.0836E+27    4.3271E+26    3.5003E+25    4.7251E+24
    2.3550E+03    1.0826E+27    4.3258E+26    3.6114E+25    5.0766E+24
    2.3650E+03    1.0805E+27    4.2981E+26    3.5128E+25    4.8040E+24
    2.3750E+03    1.0789E+27    4.2831E+26    3.5769E+25    5.0110E+24
    2.3850E+03    1.0744E+27    4.2260E+26    3.4666E+25    4.6687E+24
    2.3950E+03    1.0761E+27    4.2447E+26    3.5714E+25    4.9574E+24
    2.4050E+03    1.0749E+27    4.2293E+26    3.5235E+25    4.8683E+24
    2.4150E+03    1.0735E+27    4.2105E+26    3.5413E+25    4.9609E+24
    2.4250E+03    1.0726E+27    4.2090E+26    3.6005E+25    5.1782E+24
    2.4350E+03    1.0709E+27    4.1788E+26    3.5310E+25    5.0570E+24
    2.4450E+03    1.0701E+27    4.1711E+26    3.5918E+25    5.2503E+24
    2.4550E+03    1.0691E+27    4.1593E+26    3.5895E+25    5.2183E+24
    2.4650E+03    1.0679E+27    4.1375E+26    3.5523E+25    5.1874E+24
    2.4750E+03    1.0669E+27    4.1215E+26    3.5335E+25    5.0976E+24
    2.4850E+03    1.0661E+27    4.0933E+26    3.6031E+25    5.2450E+24
    2.4950E+03    1.0574E+27    3.8948E+26    3.5456E+25    5.1717E+24
    2.5050E+03    1.0640E+27    4.0601E+26    3.6399E+25    5.4907E+24
    2.5130E+03    1.0562E+27    3.9568E+26    3.5627E+25    5.2465E+24
    2.5180E+03    1.0621E+27    4.0292E+26    3.5998E+25    5.2373E+24
    2.5250E+03    1.0622E+27    4.0286E+26    3.5137E+25    5.0568E+24
    2.5350E+03    1.0615E+27    4.0117E+26    3.4908E+25    5.0740E+24
    2.5450E+03    1.0606E+27    3.9878E+26    3.5010E+25    5.1190E+24
    2.5550E+03    1.0606E+27    3.9930E+26    3.5861E+25    5.3823E+24
    2.5650E+03    1.0600E+27    3.9789E+26    3.5654E+25    5.3608E+24
    2.5750E+03    1.0595E+27    3.9744E+26    3.6294E+25    5.5734E+24
    2.5850E+03    1.0592E+27    3.9572E+26    3.6392E+25    5.6099E+24
    2.5950E+03    1.0585E+27    3.9412E+26    3.6298E+25    5.5803E+24
    2.6050E+03    1.0581E+27    3.9272E+26    3.5835E+25    5.4689E+24
    2.6150E+03    1.0576E+27    3.9123E+26    3.5789E+25    5.4293E+24
    2.6250E+03    1.0574E+27    3.9018E+26    3.5976E+25    5.6074E+24
    2.6350E+03    1.0572E+27    3.8866E+26    3.6106E+25    5.7300E+24
    2.6450E+03    1.0577E+27    3.8910E+26    3.7348E+25    6.1470E+24
    2.6550E+03    1.0575E+27    3.8770E+26    3.7303E+25    6.1976E+24
    2.6650E+03    1.0568E+27    3.8520E+26    3.6715E+25    5.9794E+24
    2.6750E+03    1.0565E+27    3.8404E+26    3.7151E+25    6.1412E+24
    2.6850E+03    1.0572E+27    3.8425E+26    3.7220E+25    6.2099E+24
    2.6950E+03    1.0562E+27    3.8042E+26    3.6818E+25    6.0471E+24
    2.7050E+03    1.0569E+27    3.8082E+26    3.6950E+25    6.1225E+24
    2.7150E+03    1.0567E+27    3.7921E+26    3.6523E+25    5.9612E+24
    2.7250E+03    1.0559E+27    3.7611E+26    3.6401E+25    5.9933E+24
    2.7350E+03    1.0545E+27    3.7442E+26    3.6972E+25    6.2067E+24
    2.7450E+03    1.0566E+27    3.7370E+26    3.5561E+25    5.7112E+24
    2.7550E+03    1.0569E+27    3.7276E+26    3.5694E+25    5.8374E+24
    2.7650E+03    1.0564E+27    3.7036E+26    3.6296E+25    6.0724E+24
    2.7750E+03    1.0577E+27    3.7177E+26    3.6922E+25    6.2932E+24
    2.7850E+03    1.0579E+27    3.7011E+26    3.6744E+25    6.1779E+24
    2.7950E+03    1.0565E+27    3.6487E+26    3.4625E+25    5.1215E+24
    2.8050E+03    1.0579E+27    3.6606E+26    3.5719E+25    5.5058E+24
    2.8150E+03    1.0591E+27    3.6665E+26    3.7136E+25    6.4819E+24
    2.8250E+03    1.0584E+27    3.6337E+26    3.7024E+25    6.5739E+24
    2.8350E+03    1.0588E+27    3.6144E+26    3.6689E+25    6.4951E+24
    2.8450E+03    1.0600E+27    3.6225E+26    3.6490E+25    6.3944E+24
    2.8550E+03    1.0605E+27    3.6101E+26    3.6473E+25    6.2530E+24
    2.8650E+03    1.0612E+27    3.6017E+26    3.6962E+25    6.5762E+24
    2.8750E+03    1.0616E+27    3.5880E+26    3.6795E+25    6.5782E+24
    2.8850E+03    1.0624E+27    3.5761E+26    3.6969E+25    6.6645E+24
    2.8950E+03    1.0632E+27    3.5640E+26    3.6969E+25    6.6676E+24
    2.9100E+03    1.0643E+27    3.5461E+26    3.7426E+25    6.9849E+24
    2.9300E+03    1.0656E+27    3.5205E+26    3.7071E+25    6.9030E+24
    2.9500E+03    1.0661E+27    3.4801E+26    3.6977E+25    6.9299E+24
    2.9700E+03    1.0685E+27    3.4735E+26    3.7166E+25    7.0316E+24
    2.9900E+03    1.0702E+27    3.4477E+26    3.7174E+25    7.1158E+24
    3.0100E+03    1.0724E+27    3.4246E+26    3.7395E+25    7.2455E+24
    3.0300E+03    1.0744E+27    3.4052E+26    3.7411E+25    7.3078E+24
    3.0500E+03    1.0763E+27    3.3836E+26    3.7387E+25    7.3855E+24
    3.0700E+03    1.0788E+27    3.3629E+26    3.7323E+25    7.4213E+24
    3.0900E+03    1.0812E+27    3.3367E+26    3.7414E+25    7.5206E+24
    3.1100E+03    1.0837E+27    3.3194E+26    3.7331E+25    7.5529E+24
    3.1300E+03    1.0859E+27    3.2960E+26    3.7281E+25    7.5799E+24
    3.1500E+03    1.0885E+27    3.2757E+26    3.7306E+25    7.6643E+24
    3.1700E+03    1.0914E+27    3.2554E+26    3.7341E+25    7.7702E+24
    3.1900E+03    1.0934E+27    3.2178E+26    3.6960E+25    7.6490E+24
    3.2100E+03    1.0962E+27    3.2075E+26    3.7293E+25    7.8466E+24
    3.2300E+03    1.1002E+27    3.1961E+26    3.7167E+25    7.7832E+24
    3.2500E+03    1.1033E+27    3.1773E+26    3.7362E+25    8.0371E+24
    3.2700E+03    1.1064E+27    3.1585E+26    3.7539E+25    8.2364E+24
    3.2900E+03    1.1098E+27    3.1380E+26    3.7539E+25    8.3204E+24
    3.3100E+03    1.1134E+27    3.1227E+26    3.7585E+25    8.3888E+24
    3.3300E+03    1.1169E+27    3.1038E+26    3.7517E+25    8.4033E+24
    3.3500E+03    1.1200E+27    3.0803E+26    3.7409E+25    8.4032E+24
    3.3700E+03    1.1239E+27    3.0670E+26    3.7274E+25    8.3123E+24
    3.3900E+03    1.1276E+27    3.0503E+26    3.7372E+25    8.4653E+24
    3.4100E+03    1.1314E+27    3.0328E+26    3.7482E+25    8.5961E+24
    3.4300E+03    1.1342E+27    2.9894E+26    3.7494E+25    8.7654E+24
    3.4500E+03    1.1380E+27    2.9769E+26    3.7526E+25    8.8213E+24
    3.4700E+03    1.1429E+27    2.9775E+26    3.7559E+25    8.8792E+24
    3.4900E+03    1.1470E+27    2.9617E+26    3.7616E+25    9.0013E+24
    3.5100E+03    1.1515E+27    2.9514E+26    3.7768E+25    9.1767E+24
    3.5300E+03    1.1556E+27    2.9351E+26    3.7701E+25    9.1646E+24
    3.5500E+03    1.1598E+27    2.9196E+26    3.7905E+25    9.4354E+24
    3.5700E+03    1.1645E+27    2.9114E+26    3.7639E+25    9.1818E+24
    3.5900E+03    1.1683E+27    2.8844E+26    3.7557E+25    9.2009E+24
    3.6100E+03    1.1729E+27    2.8706E+26    3.7731E+25    9.4334E+24
    3.6300E+03    1.1772E+27    2.8531E+26    3.7770E+25    9.5736E+24
    3.6400E+03    1.1792E+27    2.8522E+26    3.7839E+25    9.6442E+24
    3.6500E+03    6.1535E+26    2.6837E+26    3.8206E+25    9.9298E+24
    3.6700E+03    6.1298E+26    2.6546E+26    3.7536E+25    9.7666E+24
    3.6900E+03    6.0881E+26    2.5870E+26    3.7139E+25    9.5857E+24
    3.7100E+03    6.0381E+26    2.6099E+26    4.1490E+25    1.0878E+25
    3.7300E+03    6.0014E+26    2.5905E+26    4.2570E+25    1.0977E+25
    3.7500E+03    6.0304E+26    2.7472E+26    5.0997E+25    1.3425E+25
    3.7700E+03    6.0181E+26    2.7511E+26    5.2619E+25    1.4298E+25
    3.7900E+03    6.0622E+26    2.8490E+26    5.9403E+25    1.6792E+25
    3.8100E+03    6.1128E+26    2.9736E+26    6.5797E+25    1.9193E+25
    3.8300E+03    5.9749E+26    2.7239E+26    5.5622E+25    1.5688E+25
    3.8500E+03    6.1240E+26    3.0381E+26    7.0189E+25    2.0983E+25
    3.8700E+03    6.1488E+26    3.0638E+26    7.4500E+25    2.3194E+25
    3.8900E+03    5.8866E+26    2.6482E+26    5.2785E+25    1.5049E+25
    3.9100E+03    6.1229E+26    3.0601E+26    7.5111E+25    2.3896E+25
    3.9300E+03    6.1128E+26    3.0377E+26    7.4431E+25    2.3038E+25
    3.9500E+03    6.0798E+26    3.0208E+26    7.4702E+25    2.3974E+25
    3.9700E+03    5.8038E+26    2.5525E+26    5.1055E+25    1.4420E+25
    3.9900E+03    6.0317E+26    2.9611E+26    7.4152E+25    2.4381E+25
    4.0100E+03    6.0412E+26    2.9718E+26    7.7422E+25    2.7000E+25
    4.0300E+03    5.9994E+26    2.9073E+26    7.6543E+25    2.7210E+25
    4.0500E+03    6.0099E+26    2.9549E+26    7.7430E+25    2.7222E+25
    4.0700E+03    5.9799E+26    2.9183E+26    7.6146E+25    2.6426E+25
    4.0900E+03    5.8703E+26    2.7797E+26    6.7968E+25    2.2643E+25
    4.1100E+03    5.7336E+26    2.5351E+26    5.6912E+25    1.8641E+25
    4.1300E+03    5.9115E+26    2.8442E+26    7.4610E+25    2.6402E+25
    4.1500E+03    5.9066E+26    2.8461E+26    7.5963E+25    2.7421E+25
    4.1700E+03    5.8997E+26    2.8336E+26    7.6129E+25    2.7664E+25
    4.1900E+03    5.8852E+26    2.8218E+26    7.5953E+25    2.7633E+25
    4.2100E+03    5.8658E+26    2.8033E+26    7.5699E+25    2.7664E+25
    4.2300E+03    5.8517E+26    2.7894E+26    7.5275E+25    2.7502E+25
    4.2500E+03    5.8330E+26    2.7706E+26    7.5077E+25    2.7682E+25
    4.2700E+03    5.8142E+26    2.7445E+26    7.4498E+25    2.7473E+25
    4.2900E+03    5.8001E+26    2.7335E+26    7.3823E+25    2.7125E+25
    4.3100E+03    5.7739E+26    2.7031E+26    7.1824E+25    2.5723E+25
    4.3300E+03    5.6579E+26    2.5465E+26    6.3414E+25    2.2360E+25
    4.3500E+03    5.5725E+26    2.3842E+26    5.6898E+25    2.0134E+25
    4.3700E+03    5.7268E+26    2.6453E+26    7.2536E+25    2.7304E+25
    4.3900E+03    5.7132E+26    2.6158E+26    7.2585E+25    2.7737E+25
    4.4100E+03    5.7143E+26    2.6293E+26    7.3376E+25    2.8201E+25
    4.4300E+03    5.6998E+26    2.6118E+26    7.3578E+25    2.8764E+25
    4.4500E+03    5.6888E+26    2.6037E+26    7.3517E+25    2.8885E+25
    4.4700E+03    5.6417E+26    2.5267E+26    7.2282E+25    2.9074E+25
    4.4900E+03    5.6591E+26    2.5711E+26    7.3080E+25    2.9330E+25
    4.5100E+03    5.6489E+26    2.5614E+26    7.3661E+25    2.9940E+25
    4.5300E+03    5.6366E+26    2.5460E+26    7.2886E+25    2.9335E+25
    4.5500E+03    5.6191E+26    2.5261E+26    7.2651E+25    2.9476E+25
    4.5700E+03    5.6130E+26    2.5167E+26    7.3112E+25    3.0073E+25
    4.5900E+03    5.6015E+26    2.5004E+26    7.2568E+25    2.9815E+25
    4.6100E+03    5.5904E+26    2.4863E+26    7.2766E+25    3.0191E+25
    4.6300E+03    5.5782E+26    2.4703E+26    7.2402E+25    3.0121E+25
    4.6500E+03    5.5612E+26    2.4435E+26    7.2398E+25    3.0298E+25
    4.6700E+03    5.5566E+26    2.4413E+26    7.2344E+25    3.0518E+25
    4.6900E+03    5.5340E+26    2.4145E+26    7.2208E+25    3.0615E+25
    4.7100E+03    5.5267E+26    2.3907E+26    7.1321E+25    3.0221E+25
    4.7300E+03    5.5267E+26    2.3991E+26    7.1783E+25    3.0626E+25
    4.7500E+03    5.5155E+26    2.3843E+26    7.1957E+25    3.1106E+25
    4.7700E+03    5.5079E+26    2.3742E+26    7.1505E+25    3.0748E+25
    4.7900E+03    5.4982E+26    2.3593E+26    7.1256E+25    3.0755E+25
    4.8100E+03    5.4867E+26    2.3427E+26    7.0812E+25    3.0577E+25
    4.8300E+03    5.4691E+26    2.3199E+26    6.9930E+25    3.0180E+25
    4.8500E+03    5.3895E+26    2.2077E+26    6.2336E+25    2.6223E+25
    4.8700E+03    5.3043E+26    2.0351E+26    5.4469E+25    2.3147E+25
    4.8900E+03    5.4392E+26    2.2745E+26    6.8887E+25    2.9957E+25
    4.9100E+03    5.4432E+26    2.2756E+26    7.0012E+25    3.0981E+25
    4.9300E+03    5.4230E+26    2.2353E+26    6.9506E+25    3.1138E+25
    4.9500E+03    5.4303E+26    2.2538E+26    7.0231E+25    3.1520E+25
    4.9700E+03    5.4242E+26    2.2401E+26    7.0209E+25    3.1645E+25
    4.9900E+03    5.4168E+26    2.2271E+26    6.9566E+25    3.1228E+25
    5.0100E+03    5.3999E+26    2.1942E+26    6.8592E+25    3.0720E+25
    5.0300E+03    5.4024E+26    2.2044E+26    6.9415E+25    3.1428E+25
    5.0500E+03    5.3912E+26    2.1827E+26    6.8940E+25    3.1390E+25
    5.0700E+03    5.3898E+26    2.1819E+26    6.9463E+25    3.1912E+25
    5.0900E+03    5.3837E+26    2.1696E+26    6.9060E+25    3.1648E+25
    5.1100E+03    5.3774E+26    2.1578E+26    6.9177E+25    3.2053E+25
    5.1300E+03    5.3708E+26    2.1450E+26    6.8733E+25    3.1750E+25
    5.1500E+03    5.3640E+26    2.1330E+26    6.8222E+25    3.1311E+25
    5.1700E+03    5.3588E+26    2.1216E+26    6.7828E+25    3.1076E+25
    5.1900E+03    5.3537E+26    2.1107E+26    6.7858E+25    3.1351E+25
    5.2100E+03    5.3483E+26    2.0991E+26    6.7921E+25    3.1696E+25
    5.2300E+03    5.3427E+26    2.0886E+26    6.8131E+25    3.2299E+25
    5.2500E+03    5.3371E+26    2.0782E+26    6.8331E+25    3.2723E+25
    5.2700E+03    5.3322E+26    2.0628E+26    6.7566E+25    3.2066E+25
    5.2900E+03    5.3278E+26    2.0545E+26    6.8279E+25    3.3070E+25
    5.3100E+03    5.3229E+26    2.0444E+26    6.8459E+25    3.3639E+25
    5.3300E+03    5.3178E+26    2.0337E+26    6.7589E+25    3.2665E+25
    5.3500E+03    5.3134E+26    2.0246E+26    6.8056E+25    3.3444E+25
    5.3700E+03    5.3098E+26    2.0143E+26    6.7864E+25    3.3407E+25
    5.3900E+03    5.3059E+26    2.0038E+26    6.7734E+25    3.3453E+25
    5.4100E+03    5.2973E+26    1.9891E+26    6.7522E+25    3.3497E+25
    5.4300E+03    5.2976E+26    1.9828E+26    6.7435E+25    3.3573E+25
    5.4500E+03    5.2933E+26    1.9734E+26    6.7596E+25    3.3912E+25
    5.4700E+03    5.2902E+26    1.9632E+26    6.7339E+25    3.3777E+25
    5.4900E+03    5.2870E+26    1.9534E+26    6.7424E+25    3.4125E+25
    5.5100E+03    5.2836E+26    1.9436E+26    6.7188E+25    3.3986E+25
    5.5300E+03    5.2801E+26    1.9341E+26    6.7515E+25    3.4706E+25
    5.5500E+03    5.2764E+26    1.9247E+26    6.7471E+25    3.4782E+25
    5.5700E+03    5.2739E+26    1.9147E+26    6.7028E+25    3.4430E+25
    5.5900E+03    5.2710E+26    1.9050E+26    6.6896E+25    3.4468E+25
    5.6100E+03    5.2684E+26    1.8961E+26    6.6897E+25    3.4669E+25
    5.6300E+03    5.2655E+26    1.8871E+26    6.6926E+25    3.4841E+25
    5.6500E+03    5.2623E+26    1.8770E+26    6.6965E+25    3.5207E+25
    5.6700E+03    5.2598E+26    1.8671E+26    6.6557E+25    3.4850E+25
    5.6900E+03    5.2595E+26    1.8552E+26    6.6910E+25    3.5522E+25
    5.7100E+03    5.2475E+26    1.8397E+26    6.6341E+25    3.4927E+25
    5.7300E+03    5.2455E+26    1.8315E+26    6.7034E+25    3.6056E+25
    5.7500E+03    5.2434E+26    1.8223E+26    6.6807E+25    3.6013E+25
    5.7700E+03    5.2433E+26    1.8156E+26    6.6742E+25    3.6072E+25
    5.7900E+03    5.2444E+26    1.8108E+26    6.6404E+25    3.5792E+25
    5.8100E+03    5.2489E+26    1.8062E+26    6.6598E+25    3.6293E+25
    5.8300E+03    5.2483E+26    1.7979E+26    6.6722E+25    3.6679E+25
    5.8500E+03    5.2478E+26    1.7896E+26    6.6399E+25    3.6461E+25
    5.8700E+03    5.2301E+26    1.7466E+26    6.5705E+25    3.6447E+25
    5.8900E+03    5.2443E+26    1.7699E+26    6.5438E+25    3.5496E+25
    5.9100E+03    5.2444E+26    1.7645E+26    6.6038E+25    3.6496E+25
    5.9300E+03    5.2429E+26    1.7561E+26    6.6011E+25    3.6648E+25
    5.9500E+03    5.2413E+26    1.7476E+26    6.5930E+25    3.6741E+25
    5.9700E+03    5.2408E+26    1.7402E+26    6.6075E+25    3.7167E+25
    5.9900E+03    5.2402E+26    1.7319E+26    6.5938E+25    3.7208E+25
    6.0100E+03    5.2391E+26    1.7240E+26    6.5814E+25    3.7189E+25
    6.0300E+03    5.2381E+26    1.7159E+26    6.5998E+25    3.7654E+25
    6.0500E+03    5.2374E+26    1.7087E+26    6.6200E+25    3.8046E+25
    6.0700E+03    5.2368E+26    1.7007E+26    6.6086E+25    3.8047E+25
    6.0900E+03    5.2369E+26    1.6931E+26    6.5860E+25    3.7901E+25
    6.1100E+03    5.2362E+26    1.6853E+26    6.5859E+25    3.8118E+25
    6.1300E+03    5.2357E+26    1.6773E+26    6.5142E+25    3.7410E+25
    6.1500E+03    5.2350E+26    1.6695E+26    6.5215E+25    3.7881E+25
    6.1700E+03    5.2346E+26    1.6620E+26    6.4799E+25    3.7387E+25
    6.1900E+03    5.2352E+26    1.6556E+26    6.5133E+25    3.8032E+25
    6.2100E+03    5.2352E+26    1.6483E+26    6.5039E+25    3.8033E+25
    6.2300E+03    5.2345E+26    1.6402E+26    6.4679E+25    3.7761E+25
    6.2500E+03    5.2348E+26    1.6326E+26    6.4158E+25    3.7336E+25
    6.2700E+03    5.2353E+26    1.6264E+26    6.4824E+25    3.8260E+25
    6.2900E+03    5.2357E+26    1.6194E+26    6.4931E+25    3.8671E+25
    6.3100E+03    5.2354E+26    1.6115E+26    6.4695E+25    3.8611E+25
    6.3300E+03    5.2362E+26    1.6051E+26    6.4956E+25    3.9114E+25
    6.3500E+03    5.2357E+26    1.5971E+26    6.5035E+25    3.9533E+25
    6.3700E+03    5.2367E+26    1.5909E+26    6.5070E+25    3.9696E+25
    6.3900E+03    5.2376E+26    1.5846E+26    6.5159E+25    3.9898E+25
    6.4100E+03    5.2375E+26    1.5769E+26    6.4840E+25    3.9713E+25
    6.4300E+03    5.2387E+26    1.5709E+26    6.4935E+25    3.9989E+25
    6.4500E+03    5.2389E+26    1.5640E+26    6.4965E+25    4.0197E+25
    6.4700E+03    5.2399E+26    1.5571E+26    6.4920E+25    4.0245E+25
    6.4900E+03    5.2404E+26    1.5498E+26    6.4507E+25    3.9946E+25
    6.5100E+03    5.2404E+26    1.5428E+26    6.4862E+25    4.0633E+25
    6.5300E+03    5.2366E+26    1.5317E+26    6.4560E+25    4.0623E+25
    6.5500E+03    5.2126E+26    1.4891E+26    6.1178E+25    3.8597E+25
    6.5700E+03    5.1572E+26    1.3656E+26    5.4168E+25    3.5232E+25
    6.5900E+03    5.2354E+26    1.5047E+26    6.3495E+25    4.0246E+25
    6.6100E+03    5.2448E+26    1.5100E+26    6.4512E+25    4.1169E+25
    6.6300E+03    5.2476E+26    1.5060E+26    6.4718E+25    4.1507E+25
    6.6500E+03    5.2494E+26    1.5009E+26    6.4593E+25    4.1505E+25
    6.6700E+03    5.2467E+26    1.4860E+26    6.4226E+25    4.1340E+25
    6.6900E+03    5.2472E+26    1.4795E+26    6.4497E+25    4.1904E+25
    6.7100E+03    5.2539E+26    1.4829E+26    6.4191E+25    4.1413E+25
    6.7300E+03    5.2553E+26    1.4770E+26    6.4450E+25    4.1986E+25
    6.7500E+03    5.2569E+26    1.4710E+26    6.4196E+25    4.1767E+25
    6.7700E+03    5.2588E+26    1.4652E+26    6.4298E+25    4.2098E+25
    6.7900E+03    5.2604E+26    1.4588E+26    6.4288E+25    4.2277E+25
    6.8100E+03    5.2621E+26    1.4533E+26    6.4303E+25    4.2460E+25
    6.8300E+03    5.2637E+26    1.4477E+26    6.4484E+25    4.2911E+25
    6.8500E+03    5.2652E+26    1.4417E+26    6.4254E+25    4.2729E+25
    6.8700E+03    5.2672E+26    1.4363E+26    6.4434E+25    4.3135E+25
    6.8900E+03    5.2682E+26    1.4299E+26    6.4745E+25    4.3723E+25
    6.9100E+03    5.2710E+26    1.4250E+26    6.4794E+25    4.3892E+25
    6.9300E+03    5.2728E+26    1.4194E+26    6.4799E+25    4.4019E+25
    6.9500E+03    5.2746E+26    1.4139E+26    6.4729E+25    4.4024E+25
    6.9700E+03    5.2769E+26    1.4085E+26    6.5033E+25    4.4517E+25
    6.9900E+03    5.2790E+26    1.4030E+26    6.5029E+25    4.4550E+25
    7.0100E+03    5.2812E+26    1.3975E+26    6.4942E+25    4.4522E+25
    7.0300E+03    5.2831E+26    1.3921E+26    6.5048E+25    4.4858E+25
    7.0500E+03    5.2851E+26    1.3868E+26    6.4805E+25    4.4860E+25
    7.0700E+03    5.2816E+26    1.3672E+26    6.4060E+25    4.4323E+25
    7.0900E+03    5.2899E+26    1.3764E+26    6.3880E+25    4.4078E+25
    7.1100E+03    5.2920E+26    1.3706E+26    6.3552E+25    4.3707E+25
    7.1300E+03    5.2943E+26    1.3654E+26    6.3320E+25    4.3543E+25
    7.1500E+03    5.2965E+26    1.3606E+26    6.3354E+25    4.3748E+25
    7.1700E+03    5.2982E+26    1.3548E+26    6.3631E+25    4.4315E+25
    7.1900E+03    5.3015E+26    1.3501E+26    6.3272E+25    4.3981E+25
    7.2100E+03    5.3041E+26    1.3453E+26    6.3608E+25    4.4634E+25
    7.2300E+03    5.3058E+26    1.3379E+26    6.4067E+25    4.5487E+25
    7.2500E+03    5.3087E+26    1.3355E+26    6.4243E+25    4.5756E+25
    7.2700E+03    5.3115E+26    1.3307E+26    6.4452E+25    4.6219E+25
    7.2900E+03    5.3112E+26    1.3180E+26    6.4409E+25    4.6307E+25
    7.3100E+03    5.3168E+26    1.3204E+26    6.4996E+25    4.6989E+25
    7.3300E+03    5.3194E+26    1.3159E+26    6.5122E+25    4.7262E+25
    7.3500E+03    5.3219E+26    1.3111E+26    6.5386E+25    4.7504E+25
    7.3700E+03    5.3246E+26    1.3065E+26    6.5886E+25    4.8229E+25
    7.3900E+03    5.3273E+26    1.3015E+26    6.5651E+25    4.8050E+25
    7.4100E+03    5.3301E+26    1.2964E+26    6.5397E+25    4.7786E+25
    7.4300E+03    5.3329E+26    1.2921E+26    6.5905E+25    4.8545E+25
    7.4500E+03    5.3358E+26    1.2878E+26    6.6039E+25    4.8848E+25
    7.4700E+03    5.3387E+26    1.2830E+26    6.6141E+25    4.9043E+25
    7.4900E+03    5.3417E+26    1.2784E+26    6.6128E+25    4.9149E+25
    7.5100E+03    5.3445E+26    1.2736E+26    6.6286E+25    4.9525E+25
    7.5300E+03    5.3474E+26    1.2697E+26    6.6443E+25    4.9847E+25
    7.5500E+03    5.3502E+26    1.2652E+26    6.6625E+25    5.0219E+25
    7.5700E+03    5.3534E+26    1.2607E+26    6.6560E+25    5.0264E+25
    7.5900E+03    5.3555E+26    1.2556E+26    6.6274E+25    5.0155E+25
    7.6100E+03    5.3595E+26    1.2518E+26    6.6042E+25    5.0223E+25
    7.6300E+03    5.3625E+26    1.2475E+26    6.5764E+25    5.0219E+25
    7.6500E+03    5.3654E+26    1.2432E+26    6.5476E+25    5.0220E+25
    7.6700E+03    5.3687E+26    1.2387E+26    6.4810E+25    4.9541E+25
    7.6900E+03    5.3719E+26    1.2347E+26    6.5333E+25    5.0415E+25
    7.7100E+03    5.3751E+26    1.2300E+26    6.4901E+25    4.9956E+25
    7.7300E+03    5.3782E+26    1.2262E+26    6.5133E+25    5.0389E+25
    7.7500E+03    5.3812E+26    1.2218E+26    6.5084E+25    5.0437E+25
    7.7700E+03    5.3839E+26    1.2167E+26    6.5264E+25    5.0992E+25
    7.7900E+03    5.3878E+26    1.2138E+26    6.5484E+25    5.1212E+25
    7.8100E+03    5.3909E+26    1.2093E+26    6.5810E+25    5.1714E+25
    7.8300E+03    5.3944E+26    1.2056E+26    6.5826E+25    5.1753E+25
    7.8500E+03    5.3977E+26    1.2017E+26    6.5722E+25    5.1765E+25
    7.8700E+03    5.4006E+26    1.1963E+26    6.6057E+25    5.2300E+25
    7.8900E+03    5.4039E+26    1.1918E+26    6.6035E+25    5.2180E+25
    7.9100E+03    5.4076E+26    1.1887E+26    6.5641E+25    5.1709E+25
    7.9300E+03    5.4109E+26    1.1844E+26    6.5884E+25    5.2104E+25
    7.9500E+03    5.4142E+26    1.1809E+26    6.5920E+25    5.2080E+25
    7.9700E+03    5.4176E+26    1.1770E+26    6.6594E+25    5.3145E+25
    7.9900E+03    5.4214E+26    1.1738E+26    6.6586E+25    5.3229E+25
    8.0100E+03    5.4247E+26    1.1692E+26    6.6877E+25    5.3514E+25
    8.0300E+03    5.4283E+26    1.1661E+26    6.7052E+25    5.3761E+25
    8.0500E+03    5.4318E+26    1.1623E+26    6.6995E+25    5.3764E+25
    8.0700E+03    5.4356E+26    1.1594E+26    6.7184E+25    5.3909E+25
    8.0900E+03    5.4388E+26    1.1541E+26    6.7059E+25    5.3792E+25
    8.1100E+03    5.4424E+26    1.1507E+26    6.7269E+25    5.4138E+25
    8.1300E+03    5.4463E+26    1.1484E+26    6.7571E+25    5.4657E+25
    8.1500E+03    5.4492E+26    1.1432E+26    6.7667E+25    5.4891E+25
    8.1700E+03    5.4534E+26    1.1411E+26    6.7742E+25    5.5083E+25
    8.1900E+03    5.4564E+26    1.1363E+26    6.7338E+25    5.4663E+25
    8.2100E+03    3.7317E+26    1.0745E+26    6.7387E+25    5.4799E+25
    8.2300E+03    3.7314E+26    1.0723E+26    6.7653E+25    5.5363E+25
    8.2500E+03    3.7318E+26    1.0700E+26    6.7782E+25    5.5615E+25
    8.2700E+03    3.7307E+26    1.0637E+26    6.8089E+25    5.6237E+25
    8.2900E+03    3.7314E+26    1.0623E+26    6.7914E+25    5.6193E+25
    8.3100E+03    3.7312E+26    1.0579E+26    6.7293E+25    5.5627E+25
    8.3300E+03    3.7307E+26    1.0521E+26    6.6910E+25    5.5510E+25
    8.3500E+03    3.7296E+26    1.0466E+26    6.7101E+25    5.5904E+25
    8.3700E+03    3.7299E+26    1.0410E+26    6.6928E+25    5.6056E+25
    8.3900E+03    3.7301E+26    1.0393E+26    6.6156E+25    5.4859E+25
    8.4100E+03    3.7296E+26    1.0354E+26    6.7118E+25    5.6354E+25
    8.4300E+03    3.7289E+26    1.0330E+26    6.6763E+25    5.5473E+25
    8.4500E+03    3.7272E+26    1.0281E+26    6.6825E+25    5.6155E+25
    8.4700E+03    3.7272E+26    1.0170E+26    6.5676E+25    5.5754E+25
    8.4900E+03    3.7272E+26    1.0304E+26    6.7924E+25    5.6605E+25
    8.5100E+03    3.7251E+26    1.0061E+26    6.4399E+25    5.4162E+25
    8.5300E+03    3.7282E+26    1.0294E+26    6.8709E+25    5.7202E+25
    8.5500E+03    3.7199E+26    9.8432E+25    6.1069E+25    5.0688E+25
    8.5700E+03    3.7331E+26    1.0361E+26    7.0550E+25    5.8832E+25
    8.5900E+03    3.7204E+26    9.9629E+25    6.8002E+25    5.7702E+25
    8.6100E+03    3.7212E+26    9.9190E+25    6.7570E+25    5.7629E+25
    8.6300E+03    3.7377E+26    1.0338E+26    7.1619E+25    5.9762E+25
    8.6500E+03    3.7280E+26    1.0113E+26    7.0367E+25    5.9293E+25
    8.6700E+03    3.7091E+26    9.4858E+25    6.1740E+25    5.2133E+25
    8.6900E+03    3.7358E+26    1.0203E+26    7.0753E+25    5.8997E+25
    8.7100E+03    3.7431E+26    1.0286E+26    7.2516E+25    6.0790E+25
    8.7300E+03    3.7334E+26    1.0077E+26    7.1704E+25    6.0566E+25
    8.7500E+03    3.7039E+26    9.3347E+25    6.6040E+25    5.7908E+25
    8.7700E+03    3.7274E+26    9.9142E+25    7.0965E+25    6.0512E+25
    8.7900E+03    3.7445E+26    1.0167E+26    7.2890E+25    6.1626E+25
    8.8100E+03    3.7467E+26    1.0153E+26    7.2689E+25    6.1274E+25
    8.8300E+03    3.7437E+26    1.0086E+26    7.2483E+25    6.1384E+25
    8.8500E+03    3.7226E+26    9.6780E+25    7.0321E+25    6.0644E+25
    8.8700E+03    3.7022E+26    9.1391E+25    6.6119E+25    5.8550E+25
    8.8900E+03    3.7382E+26    9.9144E+25    7.2118E+25    6.1926E+25
    8.9100E+03    3.7476E+26    9.9982E+25    7.3237E+25    6.2836E+25
    8.9300E+03    3.7495E+26    9.9845E+25    7.3141E+25    6.2594E+25
    8.9500E+03    3.7505E+26    9.9706E+25    7.3106E+25    6.2526E+25
    8.9700E+03    3.7489E+26    9.9216E+25    7.3148E+25    6.2826E+25
    8.9900E+03    3.7399E+26    9.7460E+25    7.2451E+25    6.2618E+25
    9.0100E+03    3.7048E+26    8.9744E+25    6.6568E+25    5.9023E+25
    9.0300E+03    3.7205E+26    9.3446E+25    6.9758E+25    6.1331E+25
    9.0500E+03    3.7454E+26    9.7415E+25    7.3202E+25    6.3533E+25
    9.0700E+03    3.7491E+26    9.7197E+25    7.3479E+25    6.3786E+25
    9.0900E+03    3.7522E+26    9.7327E+25    7.2799E+25    6.2822E+25
    9.1100E+03    3.7537E+26    9.7334E+25    7.3500E+25    6.3732E+25
    9.1300E+03    3.7545E+26    9.7128E+25    7.3748E+25    6.4145E+25
    9.1500E+03    3.7545E+26    9.6796E+25    7.3733E+25    6.4201E+25
    9.1700E+03    3.7532E+26    9.6231E+25    7.3623E+25    6.4268E+25
    9.1900E+03    3.7510E+26    9.5713E+25    7.3536E+25    6.4484E+25
    9.2100E+03    3.7370E+26    9.3013E+25    7.1723E+25    6.3188E+25
    9.2300E+03    3.7014E+26    8.5223E+25    6.6609E+25    6.1047E+25
    9.2500E+03    3.7359E+26    9.2454E+25    7.1182E+25    6.3069E+25
    9.2700E+03    3.7516E+26    9.4355E+25    7.2871E+25    6.4167E+25
    9.2900E+03    3.7563E+26    9.4632E+25    7.3360E+25    6.4533E+25
    9.3100E+03    3.7571E+26    9.4235E+25    7.3746E+25    6.5144E+25
    9.3300E+03    3.7589E+26    9.4226E+25    7.3779E+25    6.5215E+25
    9.3500E+03    3.7580E+26    9.3833E+25    7.3679E+25    6.5158E+25
    9.3700E+03    3.7599E+26    9.3679E+25    7.3231E+25    6.4551E+25
    9.3900E+03    3.7607E+26    9.3423E+25    7.3780E+25    6.5458E+25
    9.4100E+03    3.7609E+26    9.3024E+25    7.3176E+25    6.4855E+25
    9.4300E+03    3.7616E+26    9.2847E+25    7.3830E+25    6.5738E+25
    9.4500E+03    3.7618E+26    9.2542E+25    7.3455E+25    6.5242E+25
    9.4700E+03    3.7607E+26    9.1899E+25    7.3768E+25    6.5884E+25
    9.4900E+03    3.7613E+26    9.1829E+25    7.3670E+25    6.5898E+25
    9.5100E+03    3.7565E+26    9.0632E+25    7.3252E+25    6.5706E+25
    9.5300E+03    3.7423E+26    8.8097E+25    7.1697E+25    6.4916E+25
    9.5500E+03    3.7121E+26    8.1382E+25    6.6798E+25    6.2161E+25
    9.5700E+03    3.7495E+26    8.8828E+25    7.1816E+25    6.4785E+25
    9.5900E+03    3.7618E+26    9.0178E+25    7.3417E+25    6.6179E+25
    9.6100E+03    3.7649E+26    9.0091E+25    7.3315E+25    6.5905E+25
    9.6300E+03    3.7659E+26    8.9784E+25    7.3501E+25    6.6296E+25
    9.6500E+03    3.7682E+26    8.9871E+25    7.3045E+25    6.5549E+25
    9.6700E+03    3.7691E+26    8.9610E+25    7.3101E+25    6.5758E+25
    9.6900E+03    3.7698E+26    8.9348E+25    7.3520E+25    6.6400E+25
    9.7100E+03    3.7699E+26    8.8937E+25    7.3395E+25    6.6327E+25
    9.7300E+03    3.7714E+26    8.8895E+25    7.3207E+25    6.6071E+25
    9.7500E+03    3.7721E+26    8.8627E+25    7.3213E+25    6.6231E+25
    9.7700E+03    3.7726E+26    8.8373E+25    7.3351E+25    6.6500E+25
    9.7900E+03    3.7737E+26    8.8136E+25    7.2883E+25    6.5831E+25
    9.8100E+03    3.7745E+26    8.7895E+25    7.3652E+25    6.7155E+25
    9.8300E+03    3.7752E+26    8.7650E+25    7.3532E+25    6.7039E+25
    9.8500E+03    3.7759E+26    8.7396E+25    7.3678E+25    6.7374E+25
    9.8700E+03    3.7768E+26    8.7146E+25    7.3506E+25    6.7200E+25
    9.8900E+03    3.7775E+26    8.6886E+25    7.3467E+25    6.7255E+25
    9.9100E+03    3.7781E+26    8.6597E+25    7.3505E+25    6.7380E+25
    9.9300E+03    3.7790E+26    8.6406E+25    7.3503E+25    6.7464E+25
    9.9500E+03    3.7796E+26    8.6147E+25    7.3518E+25    6.7585E+25
    9.9700E+03    3.7801E+26    8.5858E+25    7.3500E+25    6.7671E+25
    9.9900E+03    3.7800E+26    8.5518E+25    7.3353E+25    6.7610E+25
    1.0025E+04    3.7670E+26    8.2705E+25    7.1620E+25    6.6626E+25
    1.0075E+04    3.7648E+26    8.1220E+25    7.0732E+25    6.6214E+25
    1.0125E+04    3.7847E+26    8.3766E+25    7.3053E+25    6.7751E+25
    1.0175E+04    3.7902E+26    8.3536E+25    7.2977E+25    6.7747E+25
    1.0225E+04    3.7929E+26    8.2972E+25    7.3026E+25    6.8024E+25
    1.0275E+04    3.7955E+26    8.2462E+25    7.3134E+25    6.8367E+25
    1.0325E+04    3.7970E+26    8.1696E+25    7.2667E+25    6.7965E+25
    1.0375E+04    3.8000E+26    8.1354E+25    7.2646E+25    6.8063E+25
    1.0425E+04    3.8026E+26    8.0832E+25    7.2822E+25    6.8515E+25
    1.0475E+04    3.8053E+26    8.0284E+25    7.2565E+25    6.8385E+25
    1.0525E+04    3.8080E+26    7.9782E+25    7.2710E+25    6.8755E+25
    1.0575E+04    3.8108E+26    7.9272E+25    7.2452E+25    6.8551E+25
    1.0625E+04    3.8135E+26    7.8745E+25    7.2343E+25    6.8642E+25
    1.0675E+04    3.8161E+26    7.8113E+25    7.1902E+25    6.8290E+25
    1.0725E+04    3.8195E+26    7.7749E+25    7.2083E+25    6.8650E+25
    1.0775E+04    3.8224E+26    7.7258E+25    7.1859E+25    6.8534E+25
    1.0825E+04    3.8229E+26    7.6206E+25    7.1493E+25    6.8363E+25
    1.0875E+04    3.8259E+26    7.6089E+25    7.1457E+25    6.8461E+25
    1.0925E+04    3.8073E+26    7.1646E+25    6.8962E+25    6.7368E+25
    1.0975E+04    3.8255E+26    7.4187E+25    7.0568E+25    6.8171E+25
    1.1025E+04    3.8358E+26    7.4651E+25    7.1507E+25    6.9013E+25
    1.1075E+04    3.8403E+26    7.4483E+25    7.1553E+25    6.9188E+25
    1.1125E+04    3.8434E+26    7.4041E+25    7.1407E+25    6.9172E+25
    1.1175E+04    3.8469E+26    7.3606E+25    7.1163E+25    6.9003E+25
    1.1225E+04    3.8501E+26    7.3154E+25    7.1267E+25    6.9318E+25
    1.1275E+04    3.8533E+26    7.2713E+25    7.0924E+25    6.9044E+25
    1.1325E+04    3.8565E+26    7.2295E+25    7.0928E+25    6.9186E+25
    1.1375E+04    3.8596E+26    7.1893E+25    7.0783E+25    6.9109E+25
    1.1425E+04    3.8632E+26    7.1453E+25    7.0513E+25    6.8928E+25
    1.1475E+04    3.8666E+26    7.1080E+25    7.0818E+25    6.9489E+25
    1.1525E+04    3.8700E+26    7.0682E+25    7.0791E+25    6.9636E+25
    1.1575E+04    3.8733E+26    7.0268E+25    7.0534E+25    6.9418E+25
    1.1625E+04    3.8760E+26    6.9806E+25    7.0046E+25    6.8954E+25
    1.1675E+04    3.8799E+26    6.9443E+25    7.0186E+25    6.9281E+25
    1.1725E+04    3.8837E+26    6.9106E+25    7.0442E+25    6.9775E+25
    1.1775E+04    3.8870E+26    6.8667E+25    6.9965E+25    6.9307E+25
    1.1825E+04    3.8905E+26    6.8300E+25    6.9923E+25    6.9379E+25
    1.1875E+04    3.8938E+26    6.7907E+25    6.9527E+25    6.8972E+25
    1.1925E+04    3.8976E+26    6.7598E+25    7.0116E+25    6.9913E+25
    1.1975E+04    3.9002E+26    6.6931E+25    6.9234E+25    6.8860E+25
    1.2025E+04    3.9048E+26    6.6858E+25    6.9801E+25    6.9785E+25
    1.2075E+04    3.9083E+26    6.6486E+25    6.9572E+25    6.9617E+25
    1.2125E+04    3.9117E+26    6.6147E+25    6.9692E+25    6.9906E+25
    1.2175E+04    3.9154E+26    6.5813E+25    6.9750E+25    7.0123E+25
    1.2225E+04    3.9190E+26    6.5465E+25    6.9659E+25    7.0131E+25
    1.2275E+04    3.9227E+26    6.5112E+25    6.9519E+25    7.0092E+25
    1.2325E+04    3.9264E+26    6.4786E+25    6.9508E+25    7.0195E+25
    1.2375E+04    3.9300E+26    6.4447E+25    6.9443E+25    7.0256E+25
    1.2425E+04    3.9338E+26    6.4121E+25    6.9407E+25    7.0323E+25
    1.2475E+04    3.9376E+26    6.3794E+25    6.9384E+25    7.0439E+25
    1.2525E+04    3.9410E+26    6.3400E+25    6.9238E+25    7.0344E+25
    1.2575E+04    3.9449E+26    6.3144E+25    6.9235E+25    7.0490E+25
    1.2625E+04    3.9484E+26    6.2825E+25    6.9164E+25    7.0512E+25
    1.2675E+04    3.9522E+26    6.2504E+25    6.9112E+25    7.0567E+25
    1.2725E+04    3.9556E+26    6.2150E+25    6.9093E+25    7.0701E+25
    1.2775E+04    3.9553E+26    6.1190E+25    6.8792E+25    7.0649E+25
    1.2825E+04    3.9454E+26    5.8408E+25    6.6230E+25    6.8741E+25
    1.2875E+04    3.9647E+26    6.0993E+25    6.8643E+25    7.0539E+25
    1.2925E+04    3.9708E+26    6.0951E+25    6.8769E+25    7.0704E+25
    1.2975E+04    3.9744E+26    6.0538E+25    6.9037E+25    7.1246E+25
    1.3025E+04    3.9789E+26    6.0420E+25    6.8955E+25    7.1234E+25
    1.3075E+04    3.9827E+26    6.0143E+25    6.8983E+25    7.1437E+25
    1.3125E+04    3.9864E+26    5.9849E+25    6.8656E+25    7.1131E+25
    1.3175E+04    3.9902E+26    5.9561E+25    6.8568E+25    7.1214E+25
    1.3225E+04    3.9941E+26    5.9299E+25    6.8639E+25    7.1454E+25
    1.3275E+04    3.9979E+26    5.9009E+25    6.8256E+25    7.1074E+25
    1.3325E+04    4.0017E+26    5.8747E+25    6.8434E+25    7.1522E+25
    1.3375E+04    4.0055E+26    5.8472E+25    6.8325E+25    7.1529E+25
    1.3425E+04    4.0094E+26    5.8184E+25    6.8410E+25    7.1833E+25
    1.3475E+04    4.0134E+26    5.7953E+25    6.8347E+25    7.1915E+25
    1.3525E+04    4.0172E+26    5.7688E+25    6.8275E+25    7.1996E+25
    1.3575E+04    4.0211E+26    5.7420E+25    6.7986E+25    7.1725E+25
    1.3625E+04    4.0248E+26    5.7168E+25    6.7932E+25    7.1728E+25
    1.3675E+04    4.0288E+26    5.6918E+25    6.8425E+25    7.2463E+25
    1.3725E+04    4.0327E+26    5.6655E+25    6.8776E+25    7.3044E+25
    1.3775E+04    4.0366E+26    5.6418E+25    6.9002E+25    7.3344E+25
    1.3825E+04    4.0404E+26    5.6172E+25    6.9205E+25    7.3715E+25
    1.3875E+04    4.0442E+26    5.5931E+25    6.8960E+25    7.3449E+25
    1.3925E+04    4.0482E+26    5.5694E+25    6.8027E+25    7.2753E+25
    1.3975E+04    4.0521E+26    5.5460E+25    6.8038E+25    7.2942E+25
    1.4025E+04    4.0560E+26    5.5214E+25    6.7912E+25    7.2818E+25
    1.4075E+04    4.0598E+26    5.4992E+25    6.8356E+25    7.3563E+25
    1.4125E+04    4.0636E+26    5.4750E+25    6.8354E+25    7.3646E+25
    1.4175E+04    4.0676E+26    5.4535E+25    6.8714E+25    7.4249E+25
    1.4225E+04    4.0715E+26    5.4290E+25    6.8581E+25    7.4134E+25
    1.4275E+04    4.0755E+26    5.4066E+25    6.8565E+25    7.4164E+25
    1.4325E+04    4.0793E+26    5.3859E+25    6.9149E+25    7.5074E+25
    1.4375E+04    4.0831E+26    5.3648E+25    6.9476E+25    7.5636E+25
    1.4425E+04    4.0869E+26    5.3371E+25    6.9072E+25    7.5187E+25
    1.4475E+04    4.0909E+26    5.3213E+25    6.9885E+25    7.6362E+25
    1.4525E+04    4.0947E+26    5.2961E+25    6.9727E+25    7.6270E+25
    1.4570E+04    4.0982E+26    5.2798E+25    7.0061E+25    7.6754E+25
    1.4620E+04    3.3717E+26    5.0324E+25    6.9803E+25    7.6704E+25
    1.4675E+04    3.3745E+26    5.0105E+25    6.9948E+25    7.7014E+25
    1.4725E+04    3.3771E+26    4.9875E+25    6.9857E+25    7.6923E+25
    1.4775E+04    3.3794E+26    4.9657E+25    7.0394E+25    7.7793E+25
    1.4825E+04    3.3821E+26    4.9456E+25    7.0675E+25    7.8228E+25
    1.4875E+04    3.3846E+26    4.9204E+25    7.0585E+25    7.8218E+25
    1.4925E+04    3.3873E+26    4.9025E+25    7.1408E+25    7.9475E+25
    1.4975E+04    3.3898E+26    4.8814E+25    7.1463E+25    7.9601E+25
    1.5025E+04    3.3923E+26    4.8528E+25    7.1377E+25    7.9657E+25
    1.5075E+04    3.3946E+26    4.8291E+25    7.1486E+25    7.9790E+25
    1.5125E+04    3.3972E+26    4.8151E+25    7.2425E+25    8.1192E+25
    1.5175E+04    3.3997E+26    4.7960E+25    7.2755E+25    8.1660E+25
    1.5225E+04    3.4022E+26    4.7868E+25    7.3247E+25    8.2182E+25
    1.5275E+04    3.4047E+26    4.7487E+25    7.3326E+25    8.2702E+25
    1.5325E+04    3.4070E+26    4.7316E+25    7.3580E+25    8.3001E+25
    1.5375E+04    3.4096E+26    4.7326E+25    7.4194E+25    8.3736E+25
    1.5425E+04    3.4118E+26    4.6826E+25    7.3814E+25    8.3825E+25
    1.5475E+04    3.4148E+26    4.6994E+25    7.4867E+25    8.4792E+25
    1.5525E+04    3.4172E+26    4.6821E+25    7.5052E+25    8.4986E+25
    1.5575E+04    3.4190E+26    4.6130E+25    7.3576E+25    8.3666E+25
    1.5625E+04    3.4232E+26    4.6701E+25    7.5380E+25    8.5362E+25
    1.5675E+04    3.4244E+26    4.6123E+25    7.5482E+25    8.5909E+25
    1.5725E+04    3.4265E+26    4.5591E+25    7.5389E+25    8.6305E+25
    1.5775E+04    3.4315E+26    4.6192E+25    7.4934E+25    8.4727E+25
    1.5825E+04    3.4336E+26    4.5984E+25    7.5794E+25    8.6167E+25
    1.5875E+04    3.4327E+26    4.4675E+25    7.4721E+25    8.5820E+25
    1.5925E+04    3.4379E+26    4.5465E+25    7.7426E+25    8.8653E+25
    1.5975E+04    3.4426E+26    4.5643E+25    7.6734E+25    8.7429E+25
    1.6050E+04    3.4451E+26    4.5160E+25    7.7421E+25    8.8667E+25
    1.6150E+04    3.4484E+26    4.4278E+25    7.7422E+25    8.9164E+25
    1.6250E+04    3.4572E+26    4.4737E+25    7.8081E+25    8.9693E+25
    1.6350E+04    3.4606E+26    4.4102E+25    7.8976E+25    9.1184E+25
    1.6450E+04    3.4638E+26    4.3212E+25    7.6657E+25    8.8455E+25
    1.6550E+04    3.4730E+26    4.3739E+25    7.8743E+25    9.0886E+25
    1.6650E+04    3.4782E+26    4.3407E+25    7.7326E+25    8.8967E+25
    1.6750E+04    3.4812E+26    4.2740E+25    7.7143E+25    8.9121E+25
    1.6850E+04    3.4842E+26    4.1858E+25    7.5403E+25    8.7245E+25
    1.6950E+04    3.4938E+26    4.2437E+25    7.6568E+25    8.8490E+25
    1.7050E+04    3.4988E+26    4.2044E+25    7.5516E+25    8.7173E+25
    1.7150E+04    3.5045E+26    4.1832E+25    7.5086E+25    8.6846E+25
    1.7250E+04    3.5092E+26    4.1471E+25    7.4348E+25    8.6135E+25
    1.7350E+04    3.5087E+26    4.0121E+25    7.2157E+25    8.4105E+25
    1.7450E+04    3.5188E+26    4.0786E+25    7.2728E+25    8.4564E+25
    1.7550E+04    3.5251E+26    4.0641E+25    7.2148E+25    8.3973E+25
    1.7650E+04    3.5304E+26    4.0361E+25    7.1574E+25    8.3522E+25
    1.7750E+04    3.5355E+26    4.0089E+25    7.0836E+25    8.2806E+25
    1.7850E+04    3.5407E+26    3.9814E+25    7.0311E+25    8.2397E+25
    1.7950E+04    3.5459E+26    3.9547E+25    6.9751E+25    8.1903E+25
    1.8050E+04    3.5507E+26    3.9243E+25    6.9044E+25    8.1161E+25
    1.8150E+04    3.5507E+26    3.8046E+25    6.7733E+25    8.0123E+25
    1.8250E+04    3.5596E+26    3.8541E+25    6.8233E+25    8.0367E+25
    1.8350E+04    3.5663E+26    3.8496E+25    6.8248E+25    8.0317E+25
    1.8450E+04    3.5715E+26    3.8247E+25    6.7935E+25    7.9942E+25
    1.8550E+04    3.5765E+26    3.7997E+25    6.7901E+25    7.9952E+25
    1.8650E+04    3.5806E+26    3.7608E+25    6.7536E+25    7.9526E+25
    1.8750E+04    3.5814E+26    3.6536E+25    6.5968E+25    7.8090E+25
    1.8850E+04    3.5914E+26    3.7239E+25    6.6725E+25    7.8686E+25
    1.8950E+04    3.5969E+26    3.7038E+25    6.5676E+25    7.7316E+25
    1.9050E+04    3.6018E+26    3.6791E+25    6.5713E+25    7.7564E+25
    1.9150E+04    3.6072E+26    3.6619E+25    6.5050E+25    7.6782E+25
    1.9250E+04    3.6122E+26    3.6395E+25    6.4514E+25    7.6191E+25
    1.9350E+04    3.6166E+26    3.6104E+25    6.3639E+25    7.5154E+25
    1.9450E+04    3.6168E+26    3.4994E+25    6.2155E+25    7.3804E+25
    1.9550E+04    3.6266E+26    3.5664E+25    6.2779E+25    7.4255E+25
    1.9650E+04    3.6323E+26    3.5545E+25    6.2469E+25    7.3921E+25
    1.9750E+04    3.6373E+26    3.5338E+25    6.1822E+25    7.3145E+25
    1.9850E+04    3.6422E+26    3.5146E+25    6.1573E+25    7.2891E+25
    1.9950E+04    3.6472E+26    3.4947E+25    6.1320E+25    7.2609E+25
    2.0050E+04    3.6522E+26    3.4757E+25    6.1311E+25    7.2684E+25
    2.0150E+04    3.6571E+26    3.4567E+25    6.1048E+25    7.2389E+25
    2.0250E+04    3.6620E+26    3.4374E+25    6.0579E+25    7.1749E+25
    2.0350E+04    3.6671E+26    3.4182E+25    6.0334E+25    7.1435E+25
    2.0450E+04    3.6720E+26    3.4004E+25    6.0357E+25    7.1489E+25
    2.0550E+04    3.6768E+26    3.3798E+25    6.0103E+25    7.1155E+25
    2.0650E+04    3.6817E+26    3.3640E+25    5.9739E+25    7.0665E+25
    2.0750E+04    3.6865E+26    3.3467E+25    5.9549E+25    7.0420E+25
    2.0850E+04    3.6915E+26    3.3295E+25    5.9323E+25    7.0146E+25
    2.0950E+04    3.6964E+26    3.3119E+25    5.8952E+25    6.9636E+25
    2.1050E+04    3.7012E+26    3.2955E+25    5.8886E+25    6.9608E+25
    2.1150E+04    3.7058E+26    3.2738E+25    5.8518E+25    6.9139E+25
    2.1250E+04    3.7107E+26    3.2622E+25    5.8254E+25    6.8827E+25
    2.1350E+04    3.7156E+26    3.2461E+25    5.8087E+25    6.8650E+25
    2.1450E+04    3.7203E+26    3.2294E+25    5.7796E+25    6.8285E+25
    2.1550E+04    3.7247E+26    3.2098E+25    5.7453E+25    6.7897E+25
    2.1650E+04    3.7255E+26    3.1206E+25    5.6380E+25    6.6897E+25
    2.1750E+04    3.7338E+26    3.1746E+25    5.6697E+25    6.6966E+25
    2.1850E+04    3.7393E+26    3.1666E+25    5.6493E+25    6.6705E+25
    2.1950E+04    3.7441E+26    3.1536E+25    5.6298E+25    6.6491E+25
    2.2050E+04    3.7488E+26    3.1381E+25    5.5703E+25    6.5719E+25
    2.2150E+04    3.7535E+26    3.1237E+25    5.5702E+25    6.5831E+25
    2.2250E+04    3.7581E+26    3.1096E+25    5.5091E+25    6.5027E+25
    2.2350E+04    3.7628E+26    3.0956E+25    5.4903E+25    6.4854E+25
    2.2450E+04    3.7675E+26    3.0818E+25    5.4630E+25    6.4566E+25
    2.2550E+04    3.7721E+26    3.0675E+25    5.4352E+25    6.4286E+25
    2.2650E+04    3.7767E+26    3.0544E+25    5.3942E+25    6.3781E+25
    2.2750E+04    3.7813E+26    3.0407E+25    5.3751E+25    6.3600E+25
    2.2850E+04    3.4117E+26    2.9102E+25    5.3322E+25    6.3059E+25
    2.2950E+04    3.4157E+26    2.8904E+25    4.7219E+25    5.4468E+25
    2.3050E+04    3.4197E+26    2.8807E+25    4.9859E+25    5.8388E+25
    2.3150E+04    3.4237E+26    2.8687E+25    4.9881E+25    5.8478E+25
    2.3250E+04    3.4277E+26    2.8485E+25    4.4676E+25    5.1155E+25
    2.3350E+04    3.4317E+26    2.8405E+25    4.7478E+25    5.5298E+25
    2.3450E+04    3.4357E+26    2.8295E+25    4.6725E+25    5.4566E+25
    2.3550E+04    3.4396E+26    2.8100E+25    4.2660E+25    4.8596E+25
    2.3650E+04    3.4435E+26    2.8023E+25    4.5391E+25    5.2715E+25
    2.3750E+04    3.4474E+26    2.7920E+25    4.4705E+25    5.1995E+25
    2.3850E+04    3.4513E+26    2.7735E+25    4.1511E+25    4.7315E+25
    2.3950E+04    3.4552E+26    2.7657E+25    4.3535E+25    5.0503E+25
    2.4050E+04    3.4591E+26    2.7546E+25    4.3434E+25    5.0657E+25
    2.4150E+04    3.4629E+26    2.7378E+25    4.0605E+25    4.6582E+25
    2.4250E+04    3.4667E+26    2.7328E+25    4.2071E+25    4.8958E+25
    2.4350E+04    3.4706E+26    2.7195E+25    4.1887E+25    4.9069E+25
    2.4450E+04    3.4745E+26    2.7052E+25    4.0090E+25    4.6555E+25
    2.4550E+04    3.4783E+26    2.6991E+25    4.0056E+25    4.6692E+25
    2.4650E+04    3.4821E+26    2.6871E+25    4.0781E+25    4.8108E+25
    2.4750E+04    3.4858E+26    2.6743E+25    3.9741E+25    4.6719E+25
    2.4850E+04    3.4898E+26    2.6704E+25    3.8317E+25    4.4560E+25
    2.4950E+04    3.4934E+26    2.6481E+25    3.8699E+25    4.5541E+25
    2.5050E+04    3.4977E+26    2.6575E+25    3.9549E+25    4.6764E+25
    2.5150E+04    3.5013E+26    2.6420E+25    3.7481E+25    4.3715E+25
    2.5250E+04    3.5045E+26    2.6155E+25    3.8176E+25    4.5178E+25
    2.5350E+04    3.5086E+26    2.6220E+25    3.8594E+25    4.5749E+25
    2.5450E+04    3.5126E+26    2.6150E+25    3.8057E+25    4.4996E+25
    2.5550E+04    3.5161E+26    2.6019E+25    3.7784E+25    4.4697E+25
    2.5650E+04    3.5193E+26    2.5729E+25    3.7794E+25    4.5063E+25
    2.5750E+04    3.5236E+26    2.5851E+25    3.8200E+25    4.5499E+25
    2.5850E+04    3.5275E+26    2.5772E+25    3.7228E+25    4.4030E+25
    2.5950E+04    3.5311E+26    2.5687E+25    3.7666E+25    4.4781E+25
    2.6050E+04    3.5344E+26    2.5524E+25    3.7775E+25    4.5098E+25
    2.6150E+04    3.5372E+26    2.5204E+25    3.7183E+25    4.4505E+25
    2.6250E+04    3.5391E+26    2.4874E+25    3.6851E+25    4.4204E+25
    2.6350E+04    3.5453E+26    2.5271E+25    3.7429E+25    4.4794E+25
    2.6450E+04    3.5494E+26    2.5245E+25    3.7487E+25    4.4923E+25
    2.6550E+04    3.5531E+26    2.5151E+25    3.7167E+25    4.4503E+25
    2.6650E+04    3.5564E+26    2.5022E+25    3.6817E+25    4.4096E+25
    2.6750E+04    3.5590E+26    2.4686E+25    3.7025E+25    4.4757E+25
    2.6850E+04    3.5636E+26    2.4867E+25    3.7071E+25    4.4620E+25
    2.6950E+04    3.5675E+26    2.4833E+25    3.6765E+25    4.4202E+25
    2.7050E+04    3.5712E+26    2.4759E+25    3.6890E+25    4.4469E+25
    2.7150E+04    3.5747E+26    2.4680E+25    3.6751E+25    4.4335E+25
    2.7250E+04    3.5782E+26    2.4599E+25    3.6772E+25    4.4445E+25
    2.7350E+04    3.5818E+26    2.4515E+25    3.6371E+25    4.3916E+25
    2.7450E+04    3.5851E+26    2.4415E+25    3.6427E+25    4.4091E+25
    2.7550E+04    3.5874E+26    2.4058E+25    3.6148E+25    4.3997E+25
    2.7650E+04    3.5916E+26    2.4167E+25    3.6105E+25    4.3811E+25
    2.7750E+04    3.5957E+26    2.4197E+25    3.6022E+25    4.3685E+25
    2.7850E+04    3.5993E+26    2.4135E+25    3.5999E+25    4.3715E+25
    2.7950E+04    3.6028E+26    2.4066E+25    3.5996E+25    4.3777E+25
    2.8050E+04    3.6063E+26    2.3992E+25    3.5821E+25    4.3573E+25
    2.8150E+04    3.6097E+26    2.3918E+25    3.5603E+25    4.3284E+25
    2.8250E+04    3.6132E+26    2.3844E+25    3.5518E+25    4.3205E+25
    2.8350E+04    3.6166E+26    2.3774E+25    3.5450E+25    4.3140E+25
    2.8450E+04    3.6200E+26    2.3702E+25    3.5287E+25    4.2933E+25
    2.8550E+04    3.6233E+26    2.3620E+25    3.5119E+25    4.2726E+25
    2.8650E+04    3.6262E+26    2.3477E+25    3.4907E+25    4.2495E+25
    2.8750E+04    3.6285E+26    2.3149E+25    3.4506E+25    4.2148E+25
    2.8850E+04    3.6333E+26    2.3395E+25    3.4685E+25    4.2198E+25
    2.8950E+04    3.6370E+26    2.3358E+25    3.4573E+25    4.2038E+25
    2.9050E+04    3.6404E+26    2.3295E+25    3.4404E+25    4.1818E+25
    2.9150E+04    3.6437E+26    2.3229E+25    3.4279E+25    4.1668E+25
    2.9250E+04    3.6470E+26    2.3165E+25    3.4059E+25    4.1369E+25
    2.9350E+04    3.6504E+26    2.3103E+25    3.4017E+25    4.1334E+25
    2.9450E+04    3.6537E+26    2.3038E+25    3.3806E+25    4.1048E+25
    2.9550E+04    3.6571E+26    2.2976E+25    3.3675E+25    4.0882E+25
    2.9650E+04    3.6603E+26    2.2914E+25    3.3556E+25    4.0731E+25
    2.9750E+04    3.6636E+26    2.2852E+25    3.3406E+25    4.0535E+25
    2.9850E+04    3.6669E+26    2.2790E+25    3.3245E+25    4.0317E+25
    2.9950E+04    3.6702E+26    2.2731E+25    3.3101E+25    4.0132E+25
    3.0050E+04    3.6735E+26    2.2669E+25    3.2961E+25    3.9939E+25
    3.0150E+04    3.6767E+26    2.2608E+25    3.2872E+25    3.9801E+25
    3.0250E+04    3.6797E+26    2.2531E+25    3.2728E+25    3.9595E+25
    3.0350E+04    3.6818E+26    2.2218E+25    3.2331E+25    3.9201E+25
    3.0450E+04    3.6855E+26    2.2283E+25    3.2415E+25    3.9218E+25
    3.0550E+04    3.6895E+26    2.2366E+25    3.2407E+25    3.9113E+25
    3.0650E+04    3.6928E+26    2.2320E+25    3.2308E+25    3.8957E+25
    3.0750E+04    3.6960E+26    2.2268E+25    3.2230E+25    3.8837E+25
    3.0850E+04    3.6992E+26    2.2212E+25    3.2103E+25    3.8647E+25
    3.0950E+04    3.7024E+26    2.2158E+25    3.2006E+25    3.8489E+25
    3.1050E+04    3.7056E+26    2.2104E+25    3.1929E+25    3.8377E+25
    3.1150E+04    3.7087E+26    2.2045E+25    3.1729E+25    3.8092E+25
    3.1250E+04    3.7119E+26    2.1997E+25    3.1698E+25    3.8035E+25
    3.1350E+04    3.7150E+26    2.1946E+25    3.1597E+25    3.7886E+25
    3.1450E+04    3.7182E+26    2.1893E+25    3.1483E+25    3.7719E+25
    3.1550E+04    3.7213E+26    2.1840E+25    3.1338E+25    3.7516E+25
    3.1650E+04    3.7244E+26    2.1792E+25    3.1253E+25    3.7390E+25
    3.1750E+04    3.7275E+26    2.1741E+25    3.1153E+25    3.7249E+25
    3.1850E+04    3.7306E+26    2.1692E+25    3.1037E+25    3.7084E+25
    3.1950E+04    3.7337E+26    2.1642E+25    3.0929E+25    3.6929E+25
    3.2100E+04    3.7383E+26    2.1569E+25    3.0738E+25    3.6669E+25
    3.2300E+04    3.7444E+26    2.1473E+25    3.0490E+25    3.6330E+25
    3.2500E+04    3.7505E+26    2.1379E+25    3.0240E+25    3.6002E+25
    3.2700E+04    3.7566E+26    2.1284E+25    2.9982E+25    3.5668E+25
    3.2900E+04    3.5450E+26    2.0326E+25    2.9541E+25    3.5199E+25
    3.3100E+04    3.5514E+26    2.0380E+25    2.9421E+25    3.4973E+25
    3.3300E+04    3.5573E+26    2.0333E+25    2.9177E+25    3.4644E+25
    3.3500E+04    3.5629E+26    2.0251E+25    2.8940E+25    3.4358E+25
    3.3700E+04    3.5685E+26    2.0166E+25    2.8676E+25    3.4028E+25
    3.3900E+04    3.5741E+26    2.0083E+25    2.8385E+25    3.3668E+25
    3.4100E+04    3.5796E+26    2.0001E+25    2.8129E+25    3.3359E+25
    3.4300E+04    3.5850E+26    1.9922E+25    2.7903E+25    3.3096E+25
    3.4500E+04    3.5904E+26    1.9843E+25    2.7647E+25    3.2801E+25
    3.4700E+04    3.5958E+26    1.9766E+25    2.7384E+25    3.2479E+25
    3.4900E+04    3.6012E+26    1.9689E+25    2.7137E+25    3.2188E+25
    3.5100E+04    3.6066E+26    1.9616E+25    2.6889E+25    3.1895E+25
    3.5300E+04    3.6119E+26    1.9543E+25    2.6627E+25    3.1579E+25
    3.5500E+04    3.6172E+26    1.9469E+25    2.6392E+25    3.1307E+25
    3.5700E+04    3.6225E+26    1.9396E+25    2.6132E+25    3.0995E+25
    3.5900E+04    3.6278E+26    1.9340E+25    2.5914E+25    3.0721E+25
    3.6100E+04    3.6330E+26    1.9255E+25    2.5664E+25    3.0444E+25
    3.6300E+04    3.6381E+26    1.9206E+25    2.5459E+25    3.0185E+25
    3.6500E+04    3.6433E+26    1.9118E+25    2.5174E+25    2.9860E+25
    3.6700E+04    3.6485E+26    1.9078E+25    2.4971E+25    2.9592E+25
    3.6900E+04    3.6535E+26    1.8982E+25    2.4680E+25    2.9272E+25
    3.7100E+04    3.6586E+26    1.8944E+25    2.4489E+25    2.9020E+25
    3.7300E+04    3.6633E+26    1.8822E+25    2.4250E+25    2.8769E+25
    3.7500E+04    3.6681E+26    1.8698E+25    2.3915E+25    2.8405E+25
    3.7700E+04    3.6737E+26    1.8772E+25    2.3857E+25    2.8284E+25
    3.7900E+04    3.6787E+26    1.8720E+25    2.3646E+25    2.8031E+25
    3.8100E+04    3.6836E+26    1.8632E+25    2.3398E+25    2.7764E+25
    3.8300E+04    3.6885E+26    1.8586E+25    2.3206E+25    2.7533E+25
    3.8500E+04    3.6935E+26    1.8556E+25    2.3040E+25    2.7322E+25
    3.8700E+04    3.6984E+26    1.8503E+25    2.2801E+25    2.7035E+25
    3.8900E+04    3.7032E+26    1.8441E+25    2.2609E+25    2.6813E+25
    3.9100E+04    3.7079E+26    1.8339E+25    2.2358E+25    2.6556E+25
    3.9300E+04    3.7129E+26    1.8344E+25    2.2225E+25    2.6363E+25
    3.9500E+04    3.7177E+26    1.8298E+25    2.2015E+25    2.6110E+25
    3.9700E+04    3.7224E+26    1.8249E+25    2.1827E+25    2.5891E+25
    3.9900E+04    3.7272E+26    1.8199E+25    2.1597E+25    2.5613E+25
    4.0100E+04    3.7317E+26    1.8119E+25    2.1404E+25    2.5409E+25
    4.0300E+04    3.7363E+26    1.8049E+25    2.1212E+25    2.5204E+25
    4.0500E+04    3.7405E+26    1.7939E+25    2.0955E+25    2.4917E+25
    4.0700E+04    3.7458E+26    1.8008E+25    2.0887E+25    2.4793E+25
    4.0900E+04    3.7505E+26    1.7970E+25    2.0722E+25    2.4601E+25
    4.1100E+04    3.7551E+26    1.7927E+25    2.0554E+25    2.4401E+25
    4.1300E+04    3.7596E+26    1.7882E+25    2.0385E+25    2.4203E+25
    4.1500E+04    3.7641E+26    1.7835E+25    2.0207E+25    2.3994E+25
    4.1700E+04    3.7684E+26    1.7724E+25    1.9965E+25    2.3743E+25
    4.1900E+04    3.7732E+26    1.7751E+25    1.9857E+25    2.3576E+25
    4.2100E+04    3.7777E+26    1.7719E+25    1.9681E+25    2.3359E+25
    4.2300E+04    3.7822E+26    1.7682E+25    1.9564E+25    2.3232E+25
    4.2500E+04    3.7866E+26    1.7640E+25    1.9387E+25    2.3023E+25
    4.2700E+04    3.7911E+26    1.7604E+25    1.9247E+25    2.2860E+25
    4.2900E+04    3.7955E+26    1.7544E+25    1.8448E+25    2.1718E+25
    4.3100E+04    3.7999E+26    1.7501E+25    1.7690E+25    2.0632E+25
    4.3300E+04    3.8042E+26    1.7474E+25    1.7872E+25    2.0957E+25
    4.3500E+04    3.8085E+26    1.7414E+25    1.7145E+25    1.9933E+25
    4.3700E+04    3.8125E+26    1.7312E+25    1.6789E+25    1.9482E+25
    4.3900E+04    3.8170E+26    1.7331E+25    1.6601E+25    1.9189E+25
    4.4100E+04    3.8215E+26    1.7299E+25    1.5991E+25    1.8326E+25
    4.4300E+04    3.8257E+26    1.7275E+25    1.5929E+25    1.8255E+25
    4.4500E+04    3.8299E+26    1.7242E+25    1.5736E+25    1.8010E+25
    4.4700E+04    3.6979E+26    1.6770E+25    1.5231E+25    1.7306E+25
    4.4900E+04    3.7020E+26    1.6752E+25    1.5414E+25    1.7612E+25
    4.5100E+04    3.7061E+26    1.6717E+25    1.5129E+25    1.7217E+25
    4.5300E+04    3.7101E+26    1.6674E+25    1.4800E+25    1.6787E+25
    4.5500E+04    3.7142E+26    1.6651E+25    1.4887E+25    1.6953E+25
    4.5700E+04    3.7182E+26    1.6626E+25    1.4810E+25    1.6874E+25
    4.5900E+04    3.7222E+26    1.6583E+25    1.4399E+25    1.6310E+25
    4.6100E+04    3.7262E+26    1.6563E+25    1.4601E+25    1.6654E+25
    4.6300E+04    3.7301E+26    1.6527E+25    1.4407E+25    1.6408E+25
    4.6500E+04    3.7335E+26    1.6401E+25    1.4316E+25    1.6372E+25
    4.6700E+04    3.7376E+26    1.6393E+25    1.4332E+25    1.6435E+25
    4.6900E+04    3.7419E+26    1.6440E+25    1.4231E+25    1.6270E+25
    4.7100E+04    3.7459E+26    1.6429E+25    1.4080E+25    1.6066E+25
    4.7300E+04    3.7498E+26    1.6411E+25    1.4229E+25    1.6329E+25
    4.7500E+04    3.7537E+26    1.6382E+25    1.4032E+25    1.6078E+25
    4.7700E+04    3.7575E+26    1.6358E+25    1.3963E+25    1.6011E+25
    4.7900E+04    3.7614E+26    1.6336E+25    1.3929E+25    1.5987E+25
    4.8100E+04    3.7652E+26    1.6306E+25    1.3688E+25    1.5669E+25
    4.8300E+04    3.7690E+26    1.6291E+25    1.3860E+25    1.5964E+25
    4.8500E+04    3.7728E+26    1.6267E+25    1.3714E+25    1.5776E+25
    4.8700E+04    3.7766E+26    1.6241E+25    1.3535E+25    1.5545E+25
    4.8900E+04    3.7804E+26    1.6220E+25    1.3485E+25    1.5504E+25
    4.9100E+04    3.7841E+26    1.6197E+25    1.3416E+25    1.5438E+25
    4.9300E+04    3.7879E+26    1.6175E+25    1.3316E+25    1.5321E+25
    4.9500E+04    3.7916E+26    1.6154E+25    1.3194E+25    1.5168E+25
    4.9700E+04    3.7953E+26    1.6133E+25    1.3219E+25    1.5245E+25
    4.9900E+04    3.7990E+26    1.6113E+25    1.3139E+25    1.5152E+25
    5.0100E+04    3.8027E+26    1.6094E+25    1.3078E+25    1.5095E+25
    5.0300E+04    3.8066E+26    1.6075E+25    1.3005E+25    1.5020E+25
    5.0500E+04    3.8105E+26    1.6052E+25    1.2822E+25    1.4778E+25
    5.0700E+04    3.8144E+26    1.6036E+25    1.2819E+25    1.4801E+25
    5.0900E+04    3.8182E+26    1.6019E+25    1.2765E+25    1.4754E+25
    5.1100E+04    3.8220E+26    1.5990E+25    1.2626E+25    1.4580E+25
    5.1300E+04    3.8255E+26    1.5905E+25    1.2581E+25    1.4588E+25
    5.1500E+04    3.8296E+26    1.5960E+25    1.2507E+25    1.4458E+25
    5.1700E+04    3.8335E+26    1.5954E+25    1.2568E+25    1.4577E+25
    5.1900E+04    3.8372E+26    1.5933E+25    1.2414E+25    1.4377E+25
    5.2100E+04    3.8410E+26    1.5917E+25    1.2373E+25    1.4348E+25
    5.2300E+04    3.8447E+26    1.5900E+25    1.2269E+25    1.4218E+25
    5.2500E+04    3.8485E+26    1.5887E+25    1.2262E+25    1.4234E+25
    5.2700E+04    3.8522E+26    1.5874E+25    1.2310E+25    1.4340E+25
    5.2900E+04    3.8559E+26    1.5853E+25    1.2092E+25    1.4039E+25
    5.3100E+04    3.8596E+26    1.5840E+25    1.2023E+25    1.3961E+25
    5.3300E+04    3.8632E+26    1.5825E+25    1.2021E+25    1.3990E+25
    5.3500E+04    3.8669E+26    1.5811E+25    1.1958E+25    1.3923E+25
    5.3700E+04    3.8705E+26    1.5798E+25    1.1920E+25    1.3891E+25
    5.3900E+04    3.8741E+26    1.5784E+25    1.1869E+25    1.3843E+25
    5.4100E+04    3.8777E+26    1.5770E+25    1.1814E+25    1.3788E+25
    5.4300E+04    3.8813E+26    1.5753E+25    1.1686E+25    1.3624E+25
    5.4500E+04    3.8849E+26    1.5743E+25    1.1720E+25    1.3700E+25
    5.4700E+04    3.8885E+26    1.5730E+25    1.1602E+25    1.3546E+25
    5.4900E+04    3.8920E+26    1.5716E+25    1.1569E+25    1.3523E+25
    5.5100E+04    3.8956E+26    1.5704E+25    1.1480E+25    1.3414E+25
    5.5300E+04    3.8991E+26    1.5695E+25    1.1606E+25    1.3629E+25
    5.5500E+04    3.9026E+26    1.5678E+25    1.1366E+25    1.3295E+25
    5.5700E+04    3.9061E+26    1.5670E+25    1.1435E+25    1.3419E+25
    5.5900E+04    3.9096E+26    1.5656E+25    1.1318E+25    1.3270E+25
    5.6100E+04    3.9131E+26    1.5644E+25    1.1319E+25    1.3297E+25
    5.6300E+04    3.9165E+26    1.5632E+25    1.1178E+25    1.3108E+25
    5.6500E+04    3.9200E+26    1.5623E+25    1.1208E+25    1.3175E+25
    5.6700E+04    3.9234E+26    1.5611E+25    1.1139E+25    1.3096E+25
    5.6900E+04    3.9268E+26    1.5598E+25    1.1019E+25    1.2940E+25
    5.7100E+04    3.9303E+26    1.5590E+25    1.1051E+25    1.3011E+25
    5.7300E+04    3.9337E+26    1.5578E+25    1.0990E+25    1.2942E+25
    5.7500E+04    3.9370E+26    1.5568E+25    1.0932E+25    1.2878E+25
    5.7700E+04    3.9404E+26    1.5557E+25    1.0863E+25    1.2796E+25
    5.7900E+04    3.9438E+26    1.5549E+25    1.0860E+25    1.2813E+25
    5.8100E+04    3.9471E+26    1.5538E+25    1.0767E+25    1.2696E+25
    5.8300E+04    3.9504E+26    1.5528E+25    1.0724E+25    1.2653E+25
    5.8500E+04    3.8624E+26    1.5234E+25    1.0678E+25    1.2603E+25
    5.8700E+04    3.8657E+26    1.5223E+25    1.0589E+25    1.2490E+25
    5.8900E+04    3.8689E+26    1.5205E+25    1.0546E+25    1.2453E+25
    5.9100E+04    3.8718E+26    1.5140E+25    1.0460E+25    1.2378E+25
    5.9300E+04    3.8754E+26    1.5191E+25    1.0458E+25    1.2360E+25
    5.9500E+04    3.8787E+26    1.5186E+25    1.0388E+25    1.2273E+25
    5.9700E+04    3.8819E+26    1.5179E+25    1.0368E+25    1.2262E+25
    5.9900E+04    3.8851E+26    1.5170E+25    1.0313E+25    1.2199E+25
    6.0100E+04    3.8883E+26    1.5161E+25    1.0264E+25    1.2145E+25
    6.0300E+04    3.8914E+26    1.5153E+25    1.0208E+25    1.2082E+25
    6.0500E+04    3.8946E+26    1.5144E+25    1.0123E+25    1.1974E+25
    6.0700E+04    3.8977E+26    1.5135E+25    1.0079E+25    1.1927E+25
    6.0900E+04    3.9009E+26    1.5128E+25    1.0029E+25    1.1871E+25
    6.1100E+04    3.9040E+26    1.5119E+25    9.9624E+24    1.1791E+25
    6.1300E+04    3.9071E+26    1.5112E+25    9.9282E+24    1.1757E+25
    6.1500E+04    3.9103E+26    1.5104E+25    9.8844E+24    1.1711E+25
    6.1700E+04    3.9133E+26    1.5097E+25    9.8533E+24    1.1682E+25
    6.1900E+04    3.9164E+26    1.5089E+25    9.7981E+24    1.1618E+25
    6.2100E+04    3.9195E+26    1.5082E+25    9.7572E+24    1.1575E+25
    6.2300E+04    3.9226E+26    1.5075E+25    9.6921E+24    1.1495E+25
    6.2500E+04    3.9256E+26    1.5068E+25    9.6199E+24    1.1405E+25
    6.2700E+04    3.9287E+26    1.5061E+25    9.5748E+24    1.1354E+25
    6.2900E+04    3.9317E+26    1.5054E+25    9.5263E+24    1.1300E+25
    6.3100E+04    3.9348E+26    1.5047E+25    9.4772E+24    1.1244E+25
    6.3300E+04    3.9378E+26    1.5041E+25    9.4480E+24    1.1216E+25
    6.3500E+04    3.9408E+26    1.5034E+25    9.3813E+24    1.1134E+25
    6.3700E+04    3.9438E+26    1.5028E+25    9.3606E+24    1.1121E+25
    6.3900E+04    3.9468E+26    1.5021E+25    9.2751E+24    1.1009E+25
    6.4200E+04    3.9512E+26    1.5012E+25    9.2211E+24    1.0953E+25
    6.4600E+04    3.9571E+26    1.5000E+25    9.1176E+24    1.0830E+25
    6.5000E+04    3.9630E+26    1.4989E+25    9.0282E+24    1.0729E+25
    6.5400E+04    3.9688E+26    1.4977E+25    8.9280E+24    1.0611E+25
    6.5800E+04    3.9746E+26    1.4966E+25    8.8450E+24    1.0517E+25
    6.6200E+04    3.9804E+26    1.4956E+25    8.7457E+24    1.0398E+25
    6.6600E+04    3.9861E+26    1.4946E+25    8.6552E+24    1.0293E+25
    6.7000E+04    3.9918E+26    1.4937E+25    8.5710E+24    1.0196E+25
    6.7400E+04    3.9974E+26    1.4927E+25    8.4764E+24    1.0083E+25
    6.7800E+04    4.0031E+26    1.4918E+25    8.3875E+24    9.9798E+24
    6.8200E+04    4.0086E+26    1.4909E+25    8.2999E+24    9.8765E+24
    6.8600E+04    4.0142E+26    1.4901E+25    8.2166E+24    9.7801E+24
    6.9000E+04    4.0197E+26    1.4893E+25    8.1287E+24    9.6741E+24
    6.9400E+04    4.0252E+26    1.4885E+25    8.0448E+24    9.5759E+24
    6.9800E+04    4.0306E+26    1.4878E+25    7.9619E+24    9.4782E+24
    7.0200E+04    4.0360E+26    1.4871E+25    7.8786E+24    9.3794E+24
    7.0600E+04    4.0414E+26    1.4864E+25    7.8009E+24    9.2884E+24
    7.1000E+04    4.0467E+26    1.4858E+25    7.7192E+24    9.1914E+24
    7.1400E+04    4.0520E+26    1.4851E+25    7.6409E+24    9.0987E+24
    7.1800E+04    4.0573E+26    1.4845E+25    7.5622E+24    9.0052E+24
    7.2200E+04    4.0625E+26    1.4840E+25    7.4861E+24    8.9147E+24
    7.2600E+04    4.0677E+26    1.4834E+25    7.4099E+24    8.8248E+24
    7.3000E+04    4.0729E+26    1.4829E+25    7.3354E+24    8.7367E+24
    7.3400E+04    4.0780E+26    1.4824E+25    7.2609E+24    8.6476E+24
    7.3800E+04    4.0832E+26    1.4819E+25    7.1889E+24    8.5632E+24
    7.4200E+04    4.0241E+26    1.4611E+25    7.1164E+24    8.4764E+24
    7.4600E+04    4.0289E+26    1.4582E+25    7.0273E+24    8.3807E+24
    7.5000E+04    4.0339E+26    1.4578E+25    6.9593E+24    8.2996E+24
    7.5400E+04    4.0390E+26    1.4600E+25    6.9068E+24    8.2276E+24
    7.5800E+04    4.0440E+26    1.4597E+25    6.8414E+24    8.1501E+24
    7.6200E+04    4.0489E+26    1.4594E+25    6.7757E+24    8.0717E+24
    7.6600E+04    4.0537E+26    1.4590E+25    6.7097E+24    7.9932E+24
    7.7000E+04    4.0586E+26    1.4587E+25    6.6443E+24    7.9154E+24
    7.7400E+04    4.0634E+26    1.4584E+25    6.5811E+24    7.8405E+24
    7.7800E+04    4.0682E+26    1.4581E+25    6.5187E+24    7.7657E+24
    7.8200E+04    4.0729E+26    1.4579E+25    6.4550E+24    7.6902E+24
    7.8600E+04    4.0776E+26    1.4576E+25    6.3954E+24    7.6195E+24
    7.9000E+04    4.0823E+26    1.4574E+25    6.3351E+24    7.5479E+24
    7.9400E+04    4.0870E+26    1.4571E+25    6.2753E+24    7.4769E+24
    7.9800E+04    4.0917E+26    1.4569E+25    6.2167E+24    7.4069E+24
    8.0200E+04    4.0963E+26    1.4568E+25    6.1585E+24    7.3376E+24
    8.0600E+04    4.1009E+26    1.4566E+25    6.1009E+24    7.2691E+24
    8.1000E+04    4.1054E+26    1.4564E+25    6.0458E+24    7.2038E+24
    8.1400E+04    4.1100E+26    1.4563E+25    5.9896E+24    7.1371E+24
    8.1800E+04    4.1145E+26    1.4562E+25    5.9352E+24    7.0723E+24
    8.2200E+04    4.1190E+26    1.4561E+25    5.8815E+24    7.0080E+24
    8.2600E+04    4.1234E+26    1.4560E+25    5.8283E+24    6.9455E+24
    8.3000E+04    4.1279E+26    1.4559E+25    5.7756E+24    6.8822E+24
    8.3400E+04    4.1323E+26    1.4558E+25    5.7236E+24    6.8205E+24
    8.3800E+04    4.1367E+26    1.4557E+25    5.6723E+24    6.7587E+24
    8.4200E+04    4.1410E+26    1.4557E+25    5.6230E+24    6.7000E+24
    8.4600E+04    4.1454E+26    1.4556E+25    5.5718E+24    6.6396E+24
    8.5000E+04    4.1497E+26    1.4556E+25    5.5231E+24    6.5819E+24
    8.5400E+04    4.1540E+26    1.4556E+25    5.4742E+24    6.5238E+24
    8.5800E+04    4.1582E+26    1.4555E+25    5.4258E+24    6.4659E+24
    8.6200E+04    4.1625E+26    1.4555E+25    5.3796E+24    6.4110E+24
    8.6600E+04    4.1667E+26    1.4555E+25    5.3341E+24    6.3571E+24
    8.7000E+04    4.1709E+26    1.4555E+25    5.2884E+24    6.3032E+24
    8.7400E+04    4.1751E+26    1.4556E+25    5.2418E+24    6.2475E+24
    8.7800E+04    4.1792E+26    1.4556E+25    5.1967E+24    6.1936E+24
    8.8200E+04    4.1833E+26    1.4556E+25    5.1522E+24    6.1407E+24
    8.8600E+04    4.1874E+26    1.4557E+25    5.1082E+24    6.0882E+24
    8.9000E+04    4.1915E+26    1.4557E+25    5.0666E+24    6.0391E+24
    8.9400E+04    4.1956E+26    1.4558E+25    5.0231E+24    5.9868E+24
    8.9800E+04    4.1996E+26    1.4559E+25    4.9808E+24    5.9366E+24
    9.0200E+04    4.2036E+26    1.4560E+25    4.9387E+24    5.8863E+24
    9.0600E+04    4.2076E+26    1.4561E+25    4.8978E+24    5.8374E+24
    9.1000E+04    4.2116E+26    1.4562E+25    4.8571E+24    5.7894E+24
    9.1400E+04    4.1687E+26    1.4416E+25    4.8177E+24    5.7416E+24
    9.1800E+04    4.1726E+26    1.4417E+25    4.7786E+24    5.6964E+24
    9.2200E+04    4.1765E+26    1.4418E+25    4.7400E+24    5.6494E+24
    9.2600E+04    4.1804E+26    1.4419E+25    4.7006E+24    5.6027E+24
    9.3000E+04    4.1842E+26    1.4420E+25    4.6628E+24    5.5584E+24
    9.3400E+04    4.1880E+26    1.4421E+25    4.6253E+24    5.5137E+24
    9.3800E+04    4.1918E+26    1.4423E+25    4.5872E+24    5.4690E+24
    9.4200E+04    4.1956E+26    1.4424E+25    4.5509E+24    5.4251E+24
    9.4600E+04    4.1993E+26    1.4425E+25    4.5141E+24    5.3813E+24
    9.5000E+04    4.2031E+26    1.4427E+25    4.4781E+24    5.3385E+24
    9.5400E+04    4.2068E+26    1.4428E+25    4.4436E+24    5.2972E+24
    9.5800E+04    4.2105E+26    1.4430E+25    4.4087E+24    5.2553E+24
    9.6200E+04    4.2141E+26    1.4431E+25    4.3735E+24    5.2137E+24
    9.6600E+04    4.2178E+26    1.4433E+25    4.3396E+24    5.1735E+24
    9.7000E+04    4.2214E+26    1.4435E+25    4.3056E+24    5.1333E+24
    9.7400E+04    4.2250E+26    1.4436E+25    4.2712E+24    5.0921E+24
    9.7800E+04    4.2286E+26    1.4438E+25    4.2384E+24    5.0534E+24
    9.8200E+04    4.2322E+26    1.4440E+25    4.2062E+24    5.0148E+24
    9.8600E+04    4.2357E+26    1.4441E+25    4.1740E+24    4.9765E+24
    9.9000E+04    4.2392E+26    1.4443E+25    4.1426E+24    4.9392E+24
    9.9400E+04    4.2427E+26    1.4445E+25    4.1108E+24    4.9015E+24
    9.9800E+04    4.2462E+26    1.4447E+25    4.0795E+24    4.8640E+24
    1.0020E+05    4.2497E+26    1.4449E+25    4.0484E+24    4.8268E+24
    2.0000E+05    4.7816E+26    1.5279E+25    1.0683E+24    1.2747E+24
    4.0000E+05    5.4263E+26    1.7094E+25    2.7355E+23    3.2520E+23
    6.0000E+05    5.8462E+26    1.8371E+25    1.2282E+23    1.4486E+23
    8.0000E+05    6.1629E+26    1.9352E+25    6.9786E+22    8.1325E+22
    1.0000E+06    6.4166E+26    2.0142E+25    4.5248E+22    5.1891E+22
    1.2000E+06    6.6301E+26    2.0808E+25    3.1942E+22    3.5914E+22
    1.4000E+06    6.8137E+26    2.1382E+25    2.3947E+22    2.6294E+22
    1.6000E+06    6.9755E+26    2.1889E+25    1.8774E+22    2.0056E+22
