    9.0900E+01    2.5618E+24    1.7362E+25    2.4778E+25    2.8743E+25
    9.3500E+01    2.6904E+24    1.8234E+25    2.6022E+25    3.0186E+25
    9.6100E+01    2.8184E+24    1.9101E+25    2.7260E+25    3.1622E+25
    9.7700E+01    2.8968E+24    1.9633E+25    2.8018E+25    3.2502E+25
    9.9600E+01    2.9895E+24    2.0261E+25    2.8915E+25    3.3542E+25
    1.0200E+02    3.1059E+24    2.1050E+25    3.0041E+25    3.4848E+25
    1.0380E+02    3.1927E+24    2.1638E+25    3.0880E+25    3.5822E+25
    1.0560E+02    3.2790E+24    2.2223E+25    3.1715E+25    3.6790E+25
    1.0770E+02    3.3791E+24    2.2901E+25    3.2683E+25    3.7913E+25
    1.1040E+02    3.5067E+24    2.3766E+25    3.3918E+25    3.9345E+25
    1.1400E+02    3.6750E+24    2.4907E+25    3.5545E+25    4.1233E+25
    1.1780E+02    3.8501E+24    2.6094E+25    3.7239E+25    4.3198E+25
    1.2130E+02    4.0091E+24    2.7171E+25    3.8777E+25    4.4982E+25
    1.2480E+02    4.1659E+24    2.8234E+25    4.0293E+25    4.6741E+25
    1.2710E+02    4.2676E+24    2.8923E+25    4.1277E+25    4.7882E+25
    1.2840E+02    4.3247E+24    2.9310E+25    4.1829E+25    4.8522E+25
    1.3050E+02    4.4162E+24    2.9930E+25    4.2714E+25    4.9549E+25
    1.3240E+02    4.4983E+24    3.0486E+25    4.3508E+25    5.0470E+25
    1.3390E+02    4.5626E+24    3.0922E+25    4.4130E+25    5.1192E+25
    1.3660E+02    4.6773E+24    3.1700E+25    4.5239E+25    5.2478E+25
    1.3980E+02    4.8114E+24    3.2609E+25    4.6536E+25    5.3983E+25
    1.4330E+02    4.9559E+24    3.3588E+25    4.7934E+25    5.5604E+25
    1.4720E+02    5.1142E+24    3.4661E+25    4.9465E+25    5.7380E+25
    1.5100E+02    5.2657E+24    3.5688E+25    5.0931E+25    5.9081E+25
    1.5520E+02    5.4301E+24    3.6802E+25    5.2521E+25    6.0925E+25
    1.5880E+02    5.5685E+24    3.7740E+25    5.3859E+25    6.2478E+25
    1.6200E+02    5.6896E+24    3.8561E+25    5.5031E+25    6.3837E+25
    1.6600E+02    5.8385E+24    3.9569E+25    5.6470E+25    6.5507E+25
    1.7030E+02    5.9954E+24    4.0633E+25    5.7989E+25    6.7268E+25
    1.7340E+02    6.1067E+24    4.1387E+25    5.9065E+25    6.8516E+25
    1.7680E+02    6.2269E+24    4.2202E+25    6.0227E+25    6.9865E+25
    1.8020E+02    6.3452E+24    4.3004E+25    6.1372E+25    7.1192E+25
    1.8170E+02    6.3968E+24    4.3354E+25    6.1871E+25    7.1771E+25
    1.8610E+02    6.5462E+24    4.4366E+25    6.3316E+25    7.3448E+25
    1.9100E+02    6.7091E+24    4.5470E+25    6.4892E+25    7.5276E+25
    1.9390E+02    6.8039E+24    4.6112E+25    6.5808E+25    7.6339E+25
    1.9840E+02    6.9485E+24    4.7092E+25    6.7207E+25    7.7961E+25
    2.0180E+02    7.0558E+24    4.7820E+25    6.8245E+25    7.9166E+25
    2.0500E+02    7.1554E+24    4.8495E+25    6.9208E+25    8.0283E+25
    2.1050E+02    7.3234E+24    4.9633E+25    7.0833E+25    8.2167E+25
    2.1620E+02    7.4932E+24    5.0784E+25    7.2476E+25    8.4073E+25
    2.1980E+02    7.5984E+24    5.1497E+25    7.3493E+25    8.5253E+25
    2.2300E+02    7.6906E+24    5.2122E+25    7.4384E+25    8.6287E+25
    2.2680E+02    7.7984E+24    5.2853E+25    7.5427E+25    8.7497E+25
    2.3000E+02    7.8879E+24    5.3459E+25    7.6293E+25    8.8501E+25
    2.3400E+02    7.9981E+24    5.4206E+25    7.7359E+25    8.9738E+25
    2.4000E+02    8.1601E+24    5.5304E+25    7.8925E+25    9.1555E+25
    2.4650E+02    8.3312E+24    5.6464E+25    8.0580E+25    9.3475E+25
    2.5240E+02    8.4827E+24    5.7490E+25    8.2046E+25    9.5175E+25
    2.5680E+02    8.5935E+24    5.8241E+25    8.3117E+25    9.6417E+25
    2.6000E+02    8.6728E+24    5.8779E+25    8.3885E+25    9.7308E+25
    2.6400E+02    8.7707E+24    5.9442E+25    8.4831E+25    9.8405E+25
    2.6850E+02    8.8790E+24    6.0176E+25    8.5878E+25    9.9621E+25
    2.7350E+02    8.9972E+24    6.0977E+25    8.7022E+25    1.0095E+26
    2.7850E+02    9.1132E+24    6.1763E+25    8.8144E+25    1.0225E+26
    2.8400E+02    9.2384E+24    6.2612E+25    8.9355E+25    1.0365E+26
    2.9000E+02    9.3722E+24    6.3519E+25    9.0649E+25    1.0515E+26
    2.9600E+02    9.5031E+24    6.4406E+25    9.1916E+25    1.0662E+26
    3.0100E+02    9.6102E+24    6.5132E+25    9.2951E+25    1.0782E+26
    3.0800E+02    9.7569E+24    6.6126E+25    9.4370E+25    1.0947E+26
    3.1800E+02    9.9606E+24    6.7507E+25    9.6340E+25    1.1176E+26
    3.2800E+02    1.0158E+25    6.8842E+25    9.8246E+25    1.1397E+26
    3.3800E+02    1.0348E+25    7.0135E+25    1.0009E+26    1.1611E+26
    3.4800E+02    1.0533E+25    7.1387E+25    1.0188E+26    1.1818E+26
    3.5700E+02    1.0695E+25    7.2482E+25    1.0344E+26    1.1999E+26
    3.6600E+02    1.0852E+25    7.3547E+25    1.0496E+26    1.2176E+26
    3.7500E+02    1.1005E+25    7.4584E+25    1.0644E+26    1.2347E+26
    3.8500E+02    1.1170E+25    7.5705E+25    1.0804E+26    1.2533E+26
    3.9500E+02    1.1331E+25    7.6794E+25    1.0959E+26    1.2713E+26
    4.0500E+02    1.1487E+25    7.7854E+25    1.1111E+26    1.2889E+26
    4.1400E+02    1.1624E+25    7.8783E+25    1.1243E+26    1.3042E+26
    4.2200E+02    1.1744E+25    7.9591E+25    1.1359E+26    1.3176E+26
    4.3000E+02    1.1860E+25    8.0382E+25    1.1471E+26    1.3307E+26
    4.4100E+02    1.2017E+25    8.1443E+25    1.1623E+26    1.3483E+26
    4.5100E+02    1.2155E+25    8.2382E+25    1.1757E+26    1.3638E+26
    4.6000E+02    1.2277E+25    8.3208E+25    1.1875E+26    1.3775E+26
    4.7000E+02    1.2410E+25    8.4105E+25    1.2003E+26    1.3923E+26
    4.8000E+02    1.2539E+25    8.4981E+25    1.2128E+26    1.4068E+26
    4.9000E+02    1.2665E+25    8.5836E+25    1.2250E+26    1.4210E+26
    5.0000E+02    1.2789E+25    8.6673E+25    1.2369E+26    1.4349E+26
    5.0600E+02    1.2861E+25    8.7166E+25    1.2440E+26    1.4430E+26
    5.1200E+02    1.2933E+25    8.7652E+25    1.2509E+26    1.4511E+26
    5.2000E+02    1.3027E+25    8.8290E+25    1.2600E+26    1.4616E+26
    5.3000E+02    1.3143E+25    8.9073E+25    1.2712E+26    1.4746E+26
    5.4000E+02    1.3256E+25    8.9840E+25    1.2821E+26    1.4873E+26
    5.5000E+02    1.3367E+25    9.0591E+25    1.2928E+26    1.4997E+26
    5.6000E+02    1.3475E+25    9.1326E+25    1.3033E+26    1.5119E+26
    5.7000E+02    1.3582E+25    9.2047E+25    1.3136E+26    1.5238E+26
    5.8000E+02    1.3686E+25    9.2754E+25    1.3237E+26    1.5355E+26
    5.9000E+02    1.3788E+25    9.3447E+25    1.3336E+26    1.5470E+26
    6.0000E+02    1.3888E+25    9.4127E+25    1.3433E+26    1.5583E+26
    6.1000E+02    1.3987E+25    9.4794E+25    1.3528E+26    1.5693E+26
    6.2000E+02    1.4084E+25    9.5450E+25    1.3622E+26    1.5802E+26
    6.3000E+02    1.4179E+25    9.6093E+25    1.3714E+26    1.5908E+26
    6.4000E+02    1.4272E+25    9.6725E+25    1.3804E+26    1.6013E+26
    6.5000E+02    1.4363E+25    9.7346E+25    1.3892E+26    1.6116E+26
    6.5800E+02    1.4436E+25    9.7835E+25    1.3962E+26    1.6197E+26
    6.6500E+02    1.4498E+25    9.8258E+25    1.4023E+26    1.6266E+26
    6.7500E+02    1.4586E+25    9.8853E+25    1.4107E+26    1.6365E+26
    6.8500E+02    1.4672E+25    9.9438E+25    1.4191E+26    1.6462E+26
    6.9500E+02    1.4757E+25    1.0001E+26    1.4273E+26    1.6557E+26
    7.0500E+02    1.4840E+25    1.0058E+26    1.4354E+26    1.6651E+26
    7.1600E+02    1.4931E+25    1.0119E+26    1.4441E+26    1.6752E+26
    7.2600E+02    1.5012E+25    1.0174E+26    1.4519E+26    1.6843E+26
    7.3500E+02    1.5083E+25    1.0223E+26    1.4589E+26    1.6923E+26
    7.4500E+02    1.5162E+25    1.0276E+26    1.4665E+26    1.7011E+26
    7.5500E+02    1.5239E+25    1.0328E+26    1.4739E+26    1.7098E+26
    7.6500E+02    1.5315E+25    1.0380E+26    1.4813E+26    1.7184E+26
    7.7500E+02    1.5390E+25    1.0431E+26    1.4886E+26    1.7268E+26
    7.8500E+02    1.5464E+25    1.0481E+26    1.4957E+26    1.7351E+26
    7.9500E+02    1.5537E+25    1.0530E+26    1.5028E+26    1.7433E+26
    8.0500E+02    1.5609E+25    1.0579E+26    1.5097E+26    1.7513E+26
    8.1500E+02    1.5680E+25    1.0627E+26    1.5166E+26    1.7593E+26
    8.2500E+02    1.5750E+25    1.0674E+26    1.5234E+26    1.7671E+26
    8.3500E+02    1.5819E+25    1.0721E+26    1.5300E+26    1.7749E+26
    8.4500E+02    1.5887E+25    1.0767E+26    1.5366E+26    1.7825E+26
    8.5500E+02    1.5954E+25    1.0813E+26    1.5431E+26    1.7900E+26
    8.6500E+02    1.6020E+25    1.0858E+26    1.5495E+26    1.7975E+26
    8.7500E+02    1.6086E+25    1.0902E+26    1.5558E+26    1.8048E+26
    8.8500E+02    1.6150E+25    1.0946E+26    1.5621E+26    1.8121E+26
    8.9500E+02    1.6214E+25    1.0989E+26    1.5683E+26    1.8192E+26
    9.0500E+02    1.6277E+25    1.1032E+26    1.5744E+26    1.8263E+26
    9.1500E+02    6.0322E+26    4.6647E+27    5.1306E+27    5.1533E+27
    9.2500E+02    8.5978E+26    7.1101E+27    8.4178E+27    8.4443E+27
    9.3500E+02    1.0145E+27    8.6553E+27    1.1333E+28    1.1371E+28
    9.4500E+02    1.0822E+27    9.3867E+27    1.3520E+28    1.3629E+28
    9.5500E+02    1.1029E+27    9.6182E+27    1.4584E+28    1.4887E+28
    9.6500E+02    1.1268E+27    9.8865E+27    1.5972E+28    1.6484E+28
    9.7500E+02    1.0166E+27    8.7869E+27    1.1585E+28    1.1691E+28
    9.8500E+02    1.1357E+27    1.0016E+28    1.7251E+28    1.8563E+28
    9.9500E+02    1.1287E+27    9.9618E+27    1.7686E+28    1.9669E+28
    1.0050E+03    1.1310E+27    1.0011E+28    1.7752E+28    1.9622E+28
    1.0150E+03    1.1090E+27    9.8142E+27    1.6642E+28    1.7618E+28
    1.0250E+03    6.8708E+26    5.8368E+27    6.8065E+27    6.8586E+27
    1.0350E+03    1.0890E+27    9.6546E+27    1.6080E+28    1.6885E+28
    1.0450E+03    1.1019E+27    9.8011E+27    1.7408E+28    1.9329E+28
    1.0550E+03    1.1001E+27    9.8020E+27    1.7752E+28    2.0155E+28
    1.0650E+03    1.0940E+27    9.7598E+27    1.7744E+28    2.0340E+28
    1.0750E+03    1.0870E+27    9.7080E+27    1.7682E+28    2.0376E+28
    1.0850E+03    3.1279E+26    2.6094E+27    6.2298E+27    8.8313E+27
    1.0950E+03    1.0726E+27    9.5997E+27    1.7515E+28    2.0288E+28
    1.1050E+03    1.0655E+27    9.5452E+27    1.7422E+28    2.0201E+28
    1.1150E+03    1.0582E+27    9.4893E+27    1.7327E+28    2.0113E+28
    1.1250E+03    1.0510E+27    9.4331E+27    1.7226E+28    2.0001E+28
    1.1350E+03    1.0439E+27    9.3773E+27    1.7127E+28    1.9897E+28
    1.1450E+03    1.0367E+27    9.3212E+27    1.7023E+28    1.9767E+28
    1.1550E+03    1.0296E+27    9.2646E+27    1.6919E+28    1.9624E+28
    1.1650E+03    1.0221E+27    9.2051E+27    1.6786E+28    1.9422E+28
    1.1750E+03    1.0145E+27    9.1421E+27    1.6627E+28    1.9133E+28
    1.1850E+03    1.0065E+27    9.0767E+27    1.6438E+28    1.8749E+28
    1.1950E+03    9.9632E+26    8.9886E+27    1.6065E+28    1.7923E+28
    1.2050E+03    9.7690E+26    8.8084E+27    1.5024E+28    1.5951E+28
    1.2150E+03    6.0301E+26    5.2872E+27    6.4244E+27    6.5022E+27
    1.2250E+03    9.9164E+26    8.8494E+27    1.4792E+28    1.5576E+28
    1.2350E+03    1.0296E+27    9.1163E+27    1.6003E+28    1.7787E+28
    1.2450E+03    1.0525E+27    9.2484E+27    1.6369E+28    1.8654E+28
    1.2550E+03    1.0702E+27    9.3412E+27    1.6526E+28    1.9054E+28
    1.2650E+03    1.0848E+27    9.4124E+27    1.6608E+28    1.9256E+28
    1.2750E+03    1.0972E+27    9.4693E+27    1.6661E+28    1.9393E+28
    1.2850E+03    1.1076E+27    9.5146E+27    1.6691E+28    1.9475E+28
    1.2950E+03    1.1163E+27    9.5496E+27    1.6698E+28    1.9514E+28
    1.3050E+03    1.1236E+27    9.5760E+27    1.6695E+28    1.9535E+28
    1.3150E+03    1.1296E+27    9.5956E+27    1.6684E+28    1.9552E+28
    1.3250E+03    1.1345E+27    9.6081E+27    1.6665E+28    1.9548E+28
    1.3350E+03    1.1384E+27    9.6143E+27    1.6629E+28    1.9491E+28
    1.3450E+03    1.1416E+27    9.6169E+27    1.6608E+28    1.9515E+28
    1.3550E+03    1.1439E+27    9.6146E+27    1.6573E+28    1.9489E+28
    1.3650E+03    1.1456E+27    9.6075E+27    1.6533E+28    1.9457E+28
    1.3750E+03    1.1466E+27    9.5980E+27    1.6489E+28    1.9420E+28
    1.3850E+03    1.1471E+27    9.5842E+27    1.6442E+28    1.9378E+28
    1.3950E+03    1.1470E+27    9.5663E+27    1.6390E+28    1.9331E+28
    1.4050E+03    1.1466E+27    9.5469E+27    1.6337E+28    1.9281E+28
    1.4150E+03    1.1458E+27    9.5289E+27    1.6286E+28    1.9235E+28
    1.4250E+03    1.1446E+27    9.5056E+27    1.6230E+28    1.9181E+28
    1.4350E+03    1.1431E+27    9.4812E+27    1.6172E+28    1.9127E+28
    1.4420E+03    1.1419E+27    9.4626E+27    1.6130E+28    1.9087E+28
    1.4470E+03    1.1410E+27    9.4494E+27    1.6100E+28    1.9057E+28
    1.4550E+03    1.1393E+27    9.4275E+27    1.6052E+28    1.9012E+28
    1.4650E+03    1.1370E+27    9.3982E+27    1.5990E+28    1.8949E+28
    1.4750E+03    1.1346E+27    9.3690E+27    1.5929E+28    1.8892E+28
    1.4850E+03    1.1320E+27    9.3376E+27    1.5866E+28    1.8829E+28
    1.4950E+03    1.1292E+27    9.3058E+27    1.5802E+28    1.8766E+28
    1.5050E+03    1.1263E+27    9.2734E+27    1.5738E+28    1.8704E+28
    1.5120E+03    1.1241E+27    9.2500E+27    1.5692E+28    1.8660E+28
    1.5170E+03    1.1226E+27    9.2333E+27    1.5659E+28    1.8624E+28
    1.5250E+03    1.1201E+27    9.2064E+27    1.5608E+28    1.8576E+28
    1.5350E+03    1.1169E+27    9.1724E+27    1.5542E+28    1.8511E+28
    1.5450E+03    1.1136E+27    9.1363E+27    1.5476E+28    1.8445E+28
    1.5550E+03    1.1102E+27    9.1016E+27    1.5410E+28    1.8384E+28
    1.5650E+03    1.1068E+27    9.0684E+27    1.5348E+28    1.8318E+28
    1.5750E+03    1.1034E+27    9.0330E+27    1.5282E+28    1.8258E+28
    1.5850E+03    1.0999E+27    8.9977E+27    1.5217E+28    1.8192E+28
    1.5950E+03    1.0963E+27    8.9621E+27    1.5152E+28    1.8129E+28
    1.6050E+03    1.0928E+27    8.9264E+27    1.5086E+28    1.8058E+28
    1.6150E+03    1.0892E+27    8.8909E+27    1.5022E+28    1.7997E+28
    1.6250E+03    1.0856E+27    8.8550E+27    1.4957E+28    1.7933E+28
    1.6350E+03    1.0808E+27    8.8063E+27    1.4873E+28    1.7850E+28
    1.6450E+03    1.0764E+27    8.7570E+27    1.4791E+28    1.7770E+28
    1.6550E+03    1.0748E+27    8.7488E+27    1.4766E+28    1.7743E+28
    1.6650E+03    1.0713E+27    8.7145E+27    1.4705E+28    1.7690E+28
    1.6720E+03    1.0688E+27    8.6897E+27    1.4659E+28    1.7632E+28
    1.6770E+03    1.0671E+27    8.6727E+27    1.4630E+28    1.7615E+28
    1.6850E+03    1.0643E+27    8.6449E+27    1.4581E+28    1.7565E+28
    1.6950E+03    1.0608E+27    8.6104E+27    1.4518E+28    1.7504E+28
    1.7050E+03    1.0573E+27    8.5760E+27    1.4457E+28    1.7442E+28
    1.7150E+03    1.0538E+27    8.5420E+27    1.4396E+28    1.7380E+28
    1.7250E+03    1.0504E+27    8.5081E+27    1.4336E+28    1.7319E+28
    1.7350E+03    1.0470E+27    8.4747E+27    1.4276E+28    1.7259E+28
    1.7450E+03    1.0436E+27    8.4412E+27    1.4215E+28    1.7197E+28
    1.7550E+03    1.0403E+27    8.4082E+27    1.4157E+28    1.7138E+28
    1.7650E+03    1.0370E+27    8.3755E+27    1.4098E+28    1.7078E+28
    1.7750E+03    1.0338E+27    8.3432E+27    1.4040E+28    1.7020E+28
    1.7850E+03    1.0306E+27    8.3111E+27    1.3983E+28    1.6961E+28
    1.7950E+03    1.0274E+27    8.2793E+27    1.3925E+28    1.6903E+28
    1.8050E+03    1.0243E+27    8.2481E+27    1.3871E+28    1.6850E+28
    1.8150E+03    1.0212E+27    8.2169E+27    1.3813E+28    1.6792E+28
    1.8250E+03    1.0182E+27    8.1862E+27    1.3758E+28    1.6736E+28
    1.8350E+03    1.0152E+27    8.1560E+27    1.3704E+28    1.6681E+28
    1.8450E+03    1.0122E+27    8.1260E+27    1.3650E+28    1.6625E+28
    1.8550E+03    1.0093E+27    8.0963E+27    1.3596E+28    1.6570E+28
    1.8650E+03    1.0065E+27    8.0670E+27    1.3543E+28    1.6516E+28
    1.8750E+03    1.0037E+27    8.0379E+27    1.3490E+28    1.6463E+28
    1.8850E+03    1.0010E+27    8.0097E+27    1.3439E+28    1.6411E+28
    1.8950E+03    9.9825E+26    7.9814E+27    1.3387E+28    1.6359E+28
    1.9050E+03    9.9559E+26    7.9536E+27    1.3336E+28    1.6307E+28
    1.9150E+03    9.9301E+26    7.9263E+27    1.3286E+28    1.6255E+28
    1.9250E+03    9.9045E+26    7.8993E+27    1.3236E+28    1.6204E+28
    1.9350E+03    9.8795E+26    7.8725E+27    1.3187E+28    1.6154E+28
    1.9450E+03    9.8550E+26    7.8463E+27    1.3139E+28    1.6105E+28
    1.9550E+03    9.8312E+26    7.8205E+27    1.3091E+28    1.6056E+28
    1.9670E+03    9.8030E+26    7.7897E+27    1.3034E+28    1.5998E+28
    1.9760E+03    9.7822E+26    7.7670E+27    1.2991E+28    1.5955E+28
    1.9840E+03    9.7645E+26    7.7474E+27    1.2955E+28    1.5917E+28
    1.9950E+03    9.7402E+26    7.7204E+27    1.2904E+28    1.5866E+28
    2.0050E+03    9.7187E+26    7.6963E+27    1.2859E+28    1.5820E+28
    2.0150E+03    9.6979E+26    7.6728E+27    1.2814E+28    1.5774E+28
    2.0250E+03    9.6776E+26    7.6497E+27    1.2770E+28    1.5729E+28
    2.0350E+03    9.6576E+26    7.6267E+27    1.2727E+28    1.5685E+28
    2.0450E+03    9.6382E+26    7.6042E+27    1.2683E+28    1.5641E+28
    2.0550E+03    9.7231E+26    7.6615E+27    1.2729E+28    1.5686E+28
    2.0650E+03    9.7071E+26    7.6520E+27    1.2701E+28    1.5657E+28
    2.0740E+03    9.6987E+26    7.6514E+27    1.2685E+28    1.5640E+28
    2.0780E+03    9.6924E+26    7.6440E+27    1.2669E+28    1.5624E+28
    2.0850E+03    9.6798E+26    7.6287E+27    1.2640E+28    1.5594E+28
    2.0950E+03    9.6368E+26    7.5861E+27    1.2576E+28    1.5529E+28
    2.1050E+03    9.5849E+26    7.5303E+27    1.2497E+28    1.5449E+28
    2.1150E+03    9.5321E+26    7.4768E+27    1.2420E+28    1.5372E+28
    2.1250E+03    9.3689E+26    7.2938E+27    1.2212E+28    1.5163E+28
    2.1350E+03    9.4148E+26    7.3605E+27    1.2256E+28    1.5206E+28
    2.1450E+03    9.5624E+26    7.4888E+27    1.2381E+28    1.5330E+28
    2.1550E+03    9.5597E+26    7.4810E+27    1.2355E+28    1.5303E+28
    2.1650E+03    9.2816E+26    7.2267E+27    1.2055E+28    1.5003E+28
    2.1750E+03    9.5376E+26    7.4493E+27    1.2287E+28    1.5233E+28
    2.1850E+03    9.4457E+26    7.3640E+27    1.2172E+28    1.5118E+28
    2.1950E+03    9.5100E+26    7.4117E+27    1.2212E+28    1.5157E+28
    2.2050E+03    9.5000E+26    7.3963E+27    1.2178E+28    1.5123E+28
    2.2150E+03    8.8256E+26    6.7822E+27    1.1490E+28    1.4434E+28
    2.2250E+03    9.4762E+26    7.3616E+27    1.2107E+28    1.5050E+28
    2.2350E+03    9.4666E+26    7.3460E+27    1.2074E+28    1.5017E+28
    2.2450E+03    9.4538E+26    7.3280E+27    1.2038E+28    1.4980E+28
    2.2550E+03    9.2620E+26    7.1591E+27    1.1830E+28    1.4771E+28
    2.2650E+03    9.4362E+26    7.2984E+27    1.1974E+28    1.4914E+28
    2.2750E+03    9.4276E+26    7.2833E+27    1.1942E+28    1.4881E+28
    2.2850E+03    9.4188E+26    7.2684E+27    1.1909E+28    1.4848E+28
    2.2950E+03    9.4102E+26    7.2536E+27    1.1878E+28    1.4816E+28
    2.3050E+03    9.2985E+26    7.1556E+27    1.1748E+28    1.4686E+28
    2.3150E+03    9.3922E+26    7.2233E+27    1.1813E+28    1.4750E+28
    2.3250E+03    9.3881E+26    7.2119E+27    1.1784E+28    1.4712E+28
    2.3350E+03    9.3820E+26    7.1990E+27    1.1756E+28    1.4691E+28
    2.3450E+03    9.3756E+26    7.1860E+27    1.1726E+28    1.4659E+28
    2.3550E+03    9.3702E+26    7.1734E+27    1.1698E+28    1.4632E+28
    2.3650E+03    9.3647E+26    7.1609E+27    1.1669E+28    1.4601E+28
    2.3750E+03    9.3588E+26    7.1481E+27    1.1640E+28    1.4573E+28
    2.3850E+03    9.1010E+26    6.9270E+27    1.1374E+28    1.4303E+28
    2.3950E+03    9.3492E+26    7.1241E+27    1.1584E+28    1.4514E+28
    2.4050E+03    9.3476E+26    7.1145E+27    1.1559E+28    1.4489E+28
    2.4150E+03    9.3446E+26    7.1041E+27    1.1533E+28    1.4463E+28
    2.4250E+03    9.3421E+26    7.0938E+27    1.1508E+28    1.4439E+28
    2.4350E+03    9.3395E+26    7.0833E+27    1.1483E+28    1.4412E+28
    2.4450E+03    9.3374E+26    7.0735E+27    1.1457E+28    1.4387E+28
    2.4550E+03    9.3359E+26    7.0639E+27    1.1433E+28    1.4362E+28
    2.4650E+03    9.3345E+26    7.0545E+27    1.1409E+28    1.4337E+28
    2.4750E+03    9.3337E+26    7.0455E+27    1.1385E+28    1.4312E+28
    2.4850E+03    9.3331E+26    7.0367E+27    1.1361E+28    1.4288E+28
    2.4950E+03    9.3325E+26    7.0272E+27    1.1337E+28    1.4263E+28
    2.5050E+03    9.3281E+26    7.0156E+27    1.1311E+28    1.4237E+28
    2.5130E+03    9.0410E+26    6.7739E+27    1.1028E+28    1.3954E+28
    2.5180E+03    9.3273E+26    7.0043E+27    1.1280E+28    1.4206E+28
    2.5250E+03    9.3333E+26    7.0032E+27    1.1270E+28    1.4195E+28
    2.5350E+03    9.3353E+26    6.9962E+27    1.1249E+28    1.4174E+28
    2.5450E+03    9.3370E+26    6.9893E+27    1.1228E+28    1.4153E+28
    2.5550E+03    9.3390E+26    6.9822E+27    1.1207E+28    1.4131E+28
    2.5650E+03    9.3415E+26    6.9758E+27    1.1187E+28    1.4110E+28
    2.5750E+03    9.3439E+26    6.9693E+27    1.1166E+28    1.4090E+28
    2.5850E+03    9.3469E+26    6.9633E+27    1.1147E+28    1.4070E+28
    2.5950E+03    9.3504E+26    6.9574E+27    1.1127E+28    1.4050E+28
    2.6050E+03    9.3578E+26    6.9563E+27    1.1131E+28    1.4054E+28
    2.6150E+03    9.3616E+26    6.9509E+27    1.1111E+28    1.4035E+28
    2.6250E+03    9.3659E+26    6.9456E+27    1.1093E+28    1.4017E+28
    2.6350E+03    9.3704E+26    6.9405E+27    1.1074E+28    1.3997E+28
    2.6450E+03    9.3755E+26    6.9360E+27    1.1057E+28    1.3983E+28
    2.6550E+03    9.3808E+26    6.9314E+27    1.1039E+28    1.3964E+28
    2.6650E+03    9.3863E+26    6.9272E+27    1.1022E+28    1.3946E+28
    2.6750E+03    9.3921E+26    6.9230E+27    1.1005E+28    1.3928E+28
    2.6850E+03    9.3984E+26    6.9195E+27    1.0989E+28    1.3915E+28
    2.6950E+03    9.4046E+26    6.9155E+27    1.0971E+28    1.3893E+28
    2.7050E+03    9.4114E+26    6.9124E+27    1.0956E+28    1.3881E+28
    2.7150E+03    9.4181E+26    6.9091E+27    1.0940E+28    1.3865E+28
    2.7250E+03    9.4232E+26    6.9043E+27    1.0921E+28    1.3842E+28
    2.7350E+03    9.1334E+26    6.6545E+27    1.0634E+28    1.3558E+28
    2.7450E+03    9.4400E+26    6.9000E+27    1.0893E+28    1.3815E+28
    2.7550E+03    9.4492E+26    6.8988E+27    1.0879E+28    1.3801E+28
    2.7650E+03    9.4578E+26    6.8966E+27    1.0864E+28    1.3783E+28
    2.7750E+03    9.4667E+26    6.8950E+27    1.0852E+28    1.3775E+28
    2.7850E+03    9.4757E+26    6.8934E+27    1.0838E+28    1.3761E+28
    2.7950E+03    9.4848E+26    6.8919E+27    1.0823E+28    1.3737E+28
    2.8050E+03    9.4942E+26    6.8907E+27    1.0810E+28    1.3727E+28
    2.8150E+03    9.5043E+26    6.8897E+27    1.0799E+28    1.3721E+28
    2.8250E+03    9.5141E+26    6.8885E+27    1.0784E+28    1.3702E+28
    2.8350E+03    9.5247E+26    6.8881E+27    1.0773E+28    1.3694E+28
    2.8450E+03    9.5352E+26    6.8877E+27    1.0762E+28    1.3683E+28
    2.8550E+03    9.5459E+26    6.8876E+27    1.0750E+28    1.3671E+28
    2.8650E+03    9.5570E+26    6.8873E+27    1.0738E+28    1.3659E+28
    2.8750E+03    9.5683E+26    6.8875E+27    1.0727E+28    1.3648E+28
    2.8850E+03    9.5798E+26    6.8879E+27    1.0716E+28    1.3636E+28
    2.8950E+03    9.5917E+26    6.8884E+27    1.0706E+28    1.3626E+28
    2.9100E+03    9.6097E+26    6.8892E+27    1.0690E+28    1.3609E+28
    2.9300E+03    9.6348E+26    6.8916E+27    1.0670E+28    1.3589E+28
    2.9500E+03    9.6607E+26    6.8938E+27    1.0650E+28    1.3565E+28
    2.9700E+03    9.6876E+26    6.8975E+27    1.0633E+28    1.3551E+28
    2.9900E+03    9.7152E+26    6.9017E+27    1.0616E+28    1.3534E+28
    3.0100E+03    9.7435E+26    6.9064E+27    1.0600E+28    1.3517E+28
    3.0300E+03    9.7729E+26    6.9118E+27    1.0585E+28    1.3501E+28
    3.0500E+03    9.8030E+26    6.9177E+27    1.0570E+28    1.3487E+28
    3.0700E+03    9.8340E+26    6.9244E+27    1.0557E+28    1.3473E+28
    3.0900E+03    9.8657E+26    6.9316E+27    1.0545E+28    1.3460E+28
    3.1100E+03    9.8981E+26    6.9394E+27    1.0533E+28    1.3447E+28
    3.1300E+03    9.9318E+26    6.9485E+27    1.0526E+28    1.3440E+28
    3.1500E+03    9.9657E+26    6.9575E+27    1.0515E+28    1.3428E+28
    3.1700E+03    1.0000E+27    6.9668E+27    1.0506E+28    1.3419E+28
    3.1900E+03    1.0032E+27    6.9734E+27    1.0486E+28    1.3394E+28
    3.2100E+03    1.0064E+27    6.9810E+27    1.0483E+28    1.3394E+28
    3.2300E+03    1.0108E+27    6.9983E+27    1.0482E+28    1.3393E+28
    3.2500E+03    1.0145E+27    7.0099E+27    1.0476E+28    1.3386E+28
    3.2700E+03    1.0183E+27    7.0220E+27    1.0470E+28    1.3380E+28
    3.2900E+03    1.0221E+27    7.0344E+27    1.0465E+28    1.3373E+28
    3.3100E+03    1.0260E+27    7.0473E+27    1.0461E+28    1.3369E+28
    3.3300E+03    1.0300E+27    7.0606E+27    1.0457E+28    1.3364E+28
    3.3500E+03    1.0340E+27    7.0745E+27    1.0454E+28    1.3360E+28
    3.3700E+03    1.0381E+27    7.0888E+27    1.0452E+28    1.3357E+28
    3.3900E+03    1.0422E+27    7.1034E+27    1.0450E+28    1.3354E+28
    3.4100E+03    1.0463E+27    7.1186E+27    1.0448E+28    1.3352E+28
    3.4300E+03    1.0511E+27    7.1410E+27    1.0474E+28    1.3376E+28
    3.4500E+03    1.0553E+27    7.1568E+27    1.0473E+28    1.3374E+28
    3.4700E+03    1.0596E+27    7.1732E+27    1.0474E+28    1.3375E+28
    3.4900E+03    1.0640E+27    7.1898E+27    1.0475E+28    1.3375E+28
    3.5100E+03    1.0684E+27    7.2067E+27    1.0476E+28    1.3376E+28
    3.5300E+03    1.0728E+27    7.2240E+27    1.0478E+28    1.3376E+28
    3.5500E+03    1.0773E+27    7.2417E+27    1.0480E+28    1.3377E+28
    3.5700E+03    1.0818E+27    7.2597E+27    1.0483E+28    1.3380E+28
    3.5900E+03    1.0864E+27    7.2779E+27    1.0486E+28    1.3381E+28
    3.6100E+03    1.0910E+27    7.2966E+27    1.0490E+28    1.3384E+28
    3.6300E+03    1.0956E+27    7.3155E+27    1.0494E+28    1.3386E+28
    3.6400E+03    1.0979E+27    7.3242E+27    1.0495E+28    1.3388E+28
    3.6500E+03    5.3309E+26    4.0535E+27    7.1269E+27    1.0045E+28
    3.6700E+03    5.3145E+26    4.0393E+27    7.1047E+27    1.0005E+28
    3.6900E+03    5.3321E+26    4.0698E+27    7.2209E+27    9.9732E+27
    3.7100E+03    5.3691E+26    4.1107E+27    7.3961E+27    1.0197E+28
    3.7300E+03    5.3841E+26    4.1226E+27    7.4614E+27    1.0297E+28
    3.7500E+03    5.3682E+26    4.0992E+27    7.4567E+27    1.0753E+28
    3.7700E+03    5.3255E+26    4.0461E+27    7.2722E+27    1.0664E+28
    3.7900E+03    5.2955E+26    4.0086E+27    7.2371E+27    1.1137E+28
    3.8100E+03    5.2700E+26    3.9760E+27    7.2405E+27    1.1663E+28
    3.8300E+03    5.2111E+26    3.9130E+27    6.9392E+27    1.0658E+28
    3.8500E+03    5.1137E+26    3.7997E+27    6.9032E+27    1.1742E+28
    3.8700E+03    5.4523E+26    4.1849E+27    8.3637E+27    1.3821E+28
    3.8900E+03    4.6579E+26    3.3209E+27    5.6299E+27    8.9751E+27
    3.9100E+03    5.4321E+26    4.1594E+27    8.3120E+27    1.3818E+28
    3.9300E+03    5.4323E+26    4.1586E+27    8.4366E+27    1.4317E+28
    3.9500E+03    5.4127E+26    4.1348E+27    8.2592E+27    1.3768E+28
    3.9700E+03    4.7938E+26    3.4957E+27    5.9937E+27    9.3389E+27
    3.9900E+03    5.3820E+26    4.0986E+27    8.1214E+27    1.3466E+28
    4.0100E+03    5.4039E+26    4.1178E+27    8.3217E+27    1.4171E+28
    4.0300E+03    5.3621E+26    4.0771E+27    8.2736E+27    1.4119E+28
    4.0500E+03    5.3874E+26    4.0957E+27    8.2794E+27    1.4147E+28
    4.0700E+03    5.3678E+26    4.0731E+27    8.1705E+27    1.3869E+28
    4.0900E+03    5.2848E+26    3.9868E+27    7.6467E+27    1.2267E+28
    4.1100E+03    5.1724E+26    3.8708E+27    7.0610E+27    1.0805E+28
    4.1300E+03    5.3315E+26    4.0279E+27    8.0099E+27    1.3518E+28
    4.1500E+03    5.3359E+26    4.0293E+27    8.0729E+27    1.3784E+28
    4.1700E+03    5.3307E+26    4.0211E+27    8.0642E+27    1.3812E+28
    4.1900E+03    5.3205E+26    4.0081E+27    8.0311E+27    1.3771E+28
    4.2100E+03    5.3100E+26    3.9945E+27    7.9940E+27    1.3713E+28
    4.2300E+03    5.3052E+26    3.9863E+27    7.9610E+27    1.3652E+28
    4.2500E+03    5.2964E+26    3.9744E+27    7.9216E+27    1.3579E+28
    4.2700E+03    5.2875E+26    3.9623E+27    7.8792E+27    1.3493E+28
    4.2900E+03    5.2772E+26    3.9489E+27    7.8266E+27    1.3372E+28
    4.3100E+03    5.2600E+26    3.9286E+27    7.7217E+27    1.3075E+28
    4.3300E+03    5.1716E+26    3.8354E+27    7.1619E+27    1.1388E+28
    4.3500E+03    5.1123E+26    3.7720E+27    6.8350E+27    1.0567E+28
    4.3700E+03    5.2355E+26    3.8941E+27    7.5994E+27    1.2827E+28
    4.3900E+03    5.2404E+26    3.8956E+27    7.6489E+27    1.3037E+28
    4.4100E+03    5.2374E+26    3.8895E+27    7.6443E+27    1.3079E+28
    4.4300E+03    5.2319E+26    3.8806E+27    7.6181E+27    1.3042E+28
    4.4500E+03    5.2265E+26    3.8718E+27    7.5924E+27    1.3006E+28
    4.4700E+03    5.1963E+26    3.8360E+27    7.4132E+27    1.2723E+28
    4.4900E+03    5.2152E+26    3.8537E+27    7.5326E+27    1.2900E+28
    4.5100E+03    5.2098E+26    3.8448E+27    7.5025E+27    1.2846E+28
    4.5300E+03    5.2030E+26    3.8348E+27    7.4712E+27    1.2791E+28
    4.5500E+03    5.1924E+26    3.8213E+27    7.4363E+27    1.2733E+28
    4.5700E+03    5.1944E+26    3.8190E+27    7.4135E+27    1.2686E+28
    4.5900E+03    5.1895E+26    3.8107E+27    7.3844E+27    1.2632E+28
    4.6100E+03    5.1849E+26    3.8025E+27    7.3556E+27    1.2580E+28
    4.6300E+03    5.1804E+26    3.7945E+27    7.3273E+27    1.2528E+28
    4.6500E+03    5.1760E+26    3.7866E+27    7.2991E+27    1.2476E+28
    4.6700E+03    5.1712E+26    3.7783E+27    7.2707E+27    1.2424E+28
    4.6900E+03    5.1252E+26    3.7364E+27    7.2060E+27    1.2335E+28
    4.7100E+03    5.1630E+26    3.7627E+27    7.2090E+27    1.2296E+28
    4.7300E+03    5.1603E+26    3.7565E+27    7.1890E+27    1.2269E+28
    4.7500E+03    5.1564E+26    3.7490E+27    7.1600E+27    1.2213E+28
    4.7700E+03    5.1526E+26    3.7416E+27    7.1297E+27    1.2150E+28
    4.7900E+03    5.1485E+26    3.7339E+27    7.0973E+27    1.2078E+28
    4.8100E+03    5.1431E+26    3.7248E+27    7.0544E+27    1.1971E+28
    4.8300E+03    5.1316E+26    3.7097E+27    6.9670E+27    1.1713E+28
    4.8500E+03    5.0648E+26    3.6384E+27    6.5410E+27    1.0439E+28
    4.8700E+03    4.9829E+26    3.5523E+27    6.1475E+27    9.4664E+27
    4.8900E+03    5.1183E+26    3.6851E+27    6.8559E+27    1.1455E+28
    4.9100E+03    5.1292E+26    3.6925E+27    6.9255E+27    1.1720E+28
    4.9300E+03    5.1294E+26    3.6887E+27    6.9171E+27    1.1720E+28
    4.9500E+03    5.1290E+26    3.6849E+27    6.9093E+27    1.1736E+28
    4.9700E+03    5.1277E+26    3.6798E+27    6.8906E+27    1.1707E+28
    4.9900E+03    5.1262E+26    3.6745E+27    6.8703E+27    1.1670E+28
    5.0100E+03    5.1241E+26    3.6686E+27    6.8432E+27    1.1608E+28
    5.0300E+03    5.1231E+26    3.6640E+27    6.8268E+27    1.1589E+28
    5.0500E+03    5.1179E+26    3.6549E+27    6.7838E+27    1.1519E+28
    5.0700E+03    5.1203E+26    3.6537E+27    6.7833E+27    1.1505E+28
    5.0900E+03    5.1191E+26    3.6487E+27    6.7618E+27    1.1464E+28
    5.1100E+03    5.1180E+26    3.6439E+27    6.7406E+27    1.1423E+28
    5.1300E+03    5.1170E+26    3.6391E+27    6.7196E+27    1.1381E+28
    5.1500E+03    5.1161E+26    3.6344E+27    6.6988E+27    1.1341E+28
    5.1700E+03    5.1154E+26    3.6298E+27    6.6784E+27    1.1301E+28
    5.1900E+03    5.1146E+26    3.6253E+27    6.6581E+27    1.1262E+28
    5.2100E+03    5.1141E+26    3.6209E+27    6.6380E+27    1.1222E+28
    5.2300E+03    5.1136E+26    3.6167E+27    6.6182E+27    1.1183E+28
    5.2500E+03    5.1132E+26    3.6125E+27    6.5987E+27    1.1145E+28
    5.2700E+03    5.1129E+26    3.6084E+27    6.5793E+27    1.1106E+28
    5.2900E+03    5.1128E+26    3.6043E+27    6.5602E+27    1.1068E+28
    5.3100E+03    5.1127E+26    3.6005E+27    6.5414E+27    1.1031E+28
    5.3300E+03    5.1127E+26    3.5967E+27    6.5227E+27    1.0994E+28
    5.3500E+03    5.1128E+26    3.5929E+27    6.5042E+27    1.0957E+28
    5.3700E+03    5.1130E+26    3.5893E+27    6.4859E+27    1.0920E+28
    5.3900E+03    5.1130E+26    3.5856E+27    6.4677E+27    1.0884E+28
    5.4100E+03    5.0825E+26    3.5566E+27    6.4225E+27    1.0821E+28
    5.4300E+03    5.1134E+26    3.5783E+27    6.4318E+27    1.0812E+28
    5.4500E+03    5.1146E+26    3.5756E+27    6.4150E+27    1.0777E+28
    5.4700E+03    5.1153E+26    3.5723E+27    6.3977E+27    1.0742E+28
    5.4900E+03    5.1160E+26    3.5693E+27    6.3808E+27    1.0708E+28
    5.5100E+03    5.1167E+26    3.5662E+27    6.3638E+27    1.0673E+28
    5.5300E+03    5.1177E+26    3.5632E+27    6.3473E+27    1.0639E+28
    5.5500E+03    5.1185E+26    3.5603E+27    6.3307E+27    1.0606E+28
    5.5700E+03    5.1196E+26    3.5574E+27    6.3146E+27    1.0572E+28
    5.5900E+03    5.1207E+26    3.5547E+27    6.2985E+27    1.0539E+28
    5.6100E+03    5.1219E+26    3.5520E+27    6.2825E+27    1.0506E+28
    5.6300E+03    5.1231E+26    3.5495E+27    6.2668E+27    1.0474E+28
    5.6500E+03    5.1244E+26    3.5469E+27    6.2513E+27    1.0442E+28
    5.6700E+03    5.1258E+26    3.5445E+27    6.2359E+27    1.0410E+28
    5.6900E+03    5.1271E+26    3.5417E+27    6.2204E+27    1.0378E+28
    5.7100E+03    5.1301E+26    3.5398E+27    6.2058E+27    1.0347E+28
    5.7300E+03    5.1316E+26    3.5375E+27    6.1908E+27    1.0315E+28
    5.7500E+03    5.1333E+26    3.5354E+27    6.1762E+27    1.0285E+28
    5.7700E+03    5.1350E+26    3.5334E+27    6.1618E+27    1.0254E+28
    5.7900E+03    5.1369E+26    3.5317E+27    6.1480E+27    1.0224E+28
    5.8100E+03    5.1389E+26    3.5305E+27    6.1345E+27    1.0195E+28
    5.8300E+03    5.1410E+26    3.5287E+27    6.1206E+27    1.0165E+28
    5.8500E+03    5.1431E+26    3.5269E+27    6.1069E+27    1.0136E+28
    5.8700E+03    5.1437E+26    3.5234E+27    6.0810E+27    1.0060E+28
    5.8900E+03    5.1470E+26    3.5233E+27    6.0791E+27    1.0076E+28
    5.9100E+03    5.1493E+26    3.5217E+27    6.0661E+27    1.0048E+28
    5.9300E+03    5.1515E+26    3.5200E+27    6.0528E+27    1.0020E+28
    5.9500E+03    5.1537E+26    3.5184E+27    6.0396E+27    9.9913E+27
    5.9700E+03    5.1560E+26    3.5168E+27    6.0266E+27    9.9632E+27
    5.9900E+03    5.1583E+26    3.5153E+27    6.0137E+27    9.9353E+27
    6.0100E+03    5.1607E+26    3.5139E+27    6.0010E+27    9.9077E+27
    6.0300E+03    5.1631E+26    3.5125E+27    5.9885E+27    9.8802E+27
    6.0500E+03    5.1656E+26    3.5112E+27    5.9760E+27    9.8530E+27
    6.0700E+03    5.1682E+26    3.5098E+27    5.9637E+27    9.8260E+27
    6.0900E+03    5.1708E+26    3.5087E+27    5.9515E+27    9.7993E+27
    6.1100E+03    5.1734E+26    3.5075E+27    5.9395E+27    9.7728E+27
    6.1300E+03    5.1761E+26    3.5063E+27    5.9276E+27    9.7465E+27
    6.1500E+03    5.1788E+26    3.5053E+27    5.9158E+27    9.7205E+27
    6.1700E+03    5.1816E+26    3.5042E+27    5.9041E+27    9.6945E+27
    6.1900E+03    5.1844E+26    3.5033E+27    5.8927E+27    9.6688E+27
    6.2100E+03    5.1873E+26    3.5023E+27    5.8812E+27    9.6434E+27
    6.2300E+03    5.1902E+26    3.5014E+27    5.8698E+27    9.6182E+27
    6.2500E+03    5.1932E+26    3.5006E+27    5.8588E+27    9.5933E+27
    6.2700E+03    5.1962E+26    3.4998E+27    5.8478E+27    9.5683E+27
    6.2900E+03    5.1992E+26    3.4990E+27    5.8370E+27    9.5437E+27
    6.3100E+03    5.2022E+26    3.4982E+27    5.8260E+27    9.5191E+27
    6.3300E+03    5.2054E+26    3.4977E+27    5.8155E+27    9.4950E+27
    6.3500E+03    5.2085E+26    3.4970E+27    5.8049E+27    9.4710E+27
    6.3700E+03    5.2117E+26    3.4964E+27    5.7943E+27    9.4468E+27
    6.3900E+03    5.2149E+26    3.4958E+27    5.7838E+27    9.4221E+27
    6.4100E+03    5.2181E+26    3.4952E+27    5.7730E+27    9.3970E+27
    6.4300E+03    5.2213E+26    3.4947E+27    5.7623E+27    9.3716E+27
    6.4500E+03    5.2245E+26    3.4941E+27    5.7512E+27    9.3447E+27
    6.4700E+03    5.2275E+26    3.4934E+27    5.7390E+27    9.3137E+27
    6.4900E+03    5.2304E+26    3.4925E+27    5.7254E+27    9.2763E+27
    6.5100E+03    5.2325E+26    3.4909E+27    5.7064E+27    9.2216E+27
    6.5300E+03    5.2314E+26    3.4861E+27    5.6669E+27    9.0975E+27
    6.5500E+03    5.2054E+26    3.4570E+27    5.4875E+27    8.5492E+27
    6.5700E+03    5.1163E+26    3.3671E+27    5.1541E+27    7.7450E+27
    6.5900E+03    5.2362E+26    3.4798E+27    5.6009E+27    8.9088E+27
    6.6100E+03    5.2491E+26    3.4889E+27    5.6526E+27    9.0870E+27
    6.6300E+03    5.2549E+26    3.4909E+27    5.6578E+27    9.1152E+27
    6.6500E+03    5.2593E+26    3.4916E+27    5.6544E+27    9.1132E+27
    6.6700E+03    5.2631E+26    3.4916E+27    5.6455E+27    9.0922E+27
    6.6900E+03    5.2670E+26    3.4917E+27    5.6381E+27    9.0755E+27
    6.7100E+03    5.2711E+26    3.4923E+27    5.6329E+27    9.0671E+27
    6.7300E+03    5.2749E+26    3.4924E+27    5.6247E+27    9.0480E+27
    6.7500E+03    5.2788E+26    3.4925E+27    5.6164E+27    9.0283E+27
    6.7700E+03    5.2826E+26    3.4927E+27    5.6080E+27    9.0080E+27
    6.7900E+03    5.2865E+26    3.4929E+27    5.5998E+27    8.9878E+27
    6.8100E+03    5.2903E+26    3.4931E+27    5.5915E+27    8.9678E+27
    6.8300E+03    5.2943E+26    3.4933E+27    5.5834E+27    8.9477E+27
    6.8500E+03    5.2982E+26    3.4936E+27    5.5754E+27    8.9280E+27
    6.8700E+03    5.3021E+26    3.4938E+27    5.5675E+27    8.9085E+27
    6.8900E+03    5.3060E+26    3.4940E+27    5.5594E+27    8.8888E+27
    6.9100E+03    5.3101E+26    3.4945E+27    5.5517E+27    8.8696E+27
    6.9300E+03    5.3141E+26    3.4948E+27    5.5440E+27    8.8504E+27
    6.9500E+03    5.3181E+26    3.4952E+27    5.5363E+27    8.8313E+27
    6.9700E+03    5.3222E+26    3.4957E+27    5.5289E+27    8.8124E+27
    6.9900E+03    5.3263E+26    3.4961E+27    5.5214E+27    8.7936E+27
    7.0100E+03    5.3304E+26    3.4966E+27    5.5139E+27    8.7750E+27
    7.0300E+03    5.3345E+26    3.4971E+27    5.5066E+27    8.7565E+27
    7.0500E+03    5.3386E+26    3.4976E+27    5.4994E+27    8.7383E+27
    7.0700E+03    5.3421E+26    3.4973E+27    5.4873E+27    8.7075E+27
    7.0900E+03    5.3470E+26    3.4988E+27    5.4851E+27    8.7020E+27
    7.1100E+03    5.3512E+26    3.4994E+27    5.4781E+27    8.6841E+27
    7.1300E+03    5.3554E+26    3.5000E+27    5.4713E+27    8.6663E+27
    7.1500E+03    5.3597E+26    3.5006E+27    5.4644E+27    8.6485E+27
    7.1700E+03    5.3639E+26    3.5012E+27    5.4574E+27    8.6309E+27
    7.1900E+03    5.3682E+26    3.5020E+27    5.4508E+27    8.6135E+27
    7.2100E+03    5.3725E+26    3.5027E+27    5.4443E+27    8.5964E+27
    7.2300E+03    5.3768E+26    3.5035E+27    5.4377E+27    8.5792E+27
    7.2500E+03    5.3811E+26    3.5043E+27    5.4312E+27    8.5622E+27
    7.2700E+03    5.3854E+26    3.5050E+27    5.4246E+27    8.5453E+27
    7.2900E+03    5.3897E+26    3.5057E+27    5.4172E+27    8.5248E+27
    7.3100E+03    5.3942E+26    3.5067E+27    5.4119E+27    8.5117E+27
    7.3300E+03    5.3986E+26    3.5075E+27    5.4058E+27    8.4952E+27
    7.3500E+03    5.4030E+26    3.5084E+27    5.3997E+27    8.4787E+27
    7.3700E+03    5.4074E+26    3.5093E+27    5.3935E+27    8.4625E+27
    7.3900E+03    5.4118E+26    3.5102E+27    5.3876E+27    8.4463E+27
    7.4100E+03    5.4162E+26    3.5111E+27    5.3814E+27    8.4302E+27
    7.4300E+03    5.4207E+26    3.5121E+27    5.3756E+27    8.4143E+27
    7.4500E+03    5.4252E+26    3.5131E+27    5.3699E+27    8.3985E+27
    7.4700E+03    5.4297E+26    3.5140E+27    5.3641E+27    8.3828E+27
    7.4900E+03    5.4342E+26    3.5151E+27    5.3583E+27    8.3672E+27
    7.5100E+03    5.4387E+26    3.5161E+27    5.3527E+27    8.3516E+27
    7.5300E+03    5.4432E+26    3.5171E+27    5.3472E+27    8.3362E+27
    7.5500E+03    5.4477E+26    3.5182E+27    5.3416E+27    8.3209E+27
    7.5700E+03    5.4523E+26    3.5193E+27    5.3361E+27    8.3058E+27
    7.5900E+03    5.4568E+26    3.5202E+27    5.3305E+27    8.2905E+27
    7.6100E+03    5.4614E+26    3.5215E+27    5.3252E+27    8.2758E+27
    7.6300E+03    5.4659E+26    3.5226E+27    5.3200E+27    8.2609E+27
    7.6500E+03    5.4705E+26    3.5237E+27    5.3147E+27    8.2460E+27
    7.6700E+03    5.4751E+26    3.5249E+27    5.3096E+27    8.2316E+27
    7.6900E+03    5.4797E+26    3.5261E+27    5.3043E+27    8.2169E+27
    7.7100E+03    5.4843E+26    3.5273E+27    5.2994E+27    8.2026E+27
    7.7300E+03    5.4890E+26    3.5285E+27    5.2942E+27    8.1882E+27
    7.7500E+03    5.4936E+26    3.5297E+27    5.2893E+27    8.1738E+27
    7.7700E+03    5.4982E+26    3.5309E+27    5.2843E+27    8.1597E+27
    7.7900E+03    5.5029E+26    3.5322E+27    5.2796E+27    8.1457E+27
    7.8100E+03    5.5075E+26    3.5335E+27    5.2746E+27    8.1317E+27
    7.8300E+03    5.5122E+26    3.5348E+27    5.2699E+27    8.1179E+27
    7.8500E+03    5.5171E+26    3.5363E+27    5.2664E+27    8.1054E+27
    7.8700E+03    5.5218E+26    3.5376E+27    5.2617E+27    8.0916E+27
    7.8900E+03    5.5264E+26    3.5389E+27    5.2570E+27    8.0781E+27
    7.9100E+03    5.5311E+26    3.5403E+27    5.2525E+27    8.0646E+27
    7.9300E+03    5.5358E+26    3.5416E+27    5.2478E+27    8.0511E+27
    7.9500E+03    5.5406E+26    3.5430E+27    5.2434E+27    8.0379E+27
    7.9700E+03    5.5453E+26    3.5444E+27    5.2390E+27    8.0245E+27
    7.9900E+03    5.5500E+26    3.5457E+27    5.2346E+27    8.0116E+27
    8.0100E+03    5.5547E+26    3.5471E+27    5.2302E+27    7.9983E+27
    8.0300E+03    5.5595E+26    3.5486E+27    5.2259E+27    7.9855E+27
    8.0500E+03    5.5642E+26    3.5500E+27    5.2218E+27    7.9727E+27
    8.0700E+03    5.5690E+26    3.5514E+27    5.2176E+27    7.9600E+27
    8.0900E+03    5.5737E+26    3.5529E+27    5.2134E+27    7.9472E+27
    8.1100E+03    5.5785E+26    3.5543E+27    5.2092E+27    7.9345E+27
    8.1300E+03    5.5832E+26    3.5558E+27    5.2053E+27    7.9222E+27
    8.1500E+03    5.5880E+26    3.5573E+27    5.2012E+27    7.9097E+27
    8.1700E+03    5.5928E+26    3.5588E+27    5.1973E+27    7.8974E+27
    8.1900E+03    5.5976E+26    3.5603E+27    5.1933E+27    7.8852E+27
    8.2100E+03    3.9344E+26    2.6028E+27    4.2591E+27    6.9596E+27
    8.2300E+03    3.9356E+26    2.6021E+27    4.2531E+27    6.9470E+27
    8.2500E+03    3.9368E+26    2.6017E+27    4.2472E+27    6.9342E+27
    8.2700E+03    3.9381E+26    2.6012E+27    4.2415E+27    6.9210E+27
    8.2900E+03    3.9393E+26    2.6007E+27    4.2356E+27    6.9082E+27
    8.3100E+03    3.9405E+26    2.6001E+27    4.2295E+27    6.8939E+27
    8.3300E+03    3.9417E+26    2.5996E+27    4.2229E+27    6.8769E+27
    8.3500E+03    3.9428E+26    2.5989E+27    4.2154E+27    6.8550E+27
    8.3700E+03    3.9439E+26    2.5984E+27    4.2080E+27    6.8328E+27
    8.3900E+03    3.9449E+26    2.5976E+27    4.1988E+27    6.8000E+27
    8.4100E+03    3.9460E+26    2.5970E+27    4.1902E+27    6.7711E+27
    8.4300E+03    3.9468E+26    2.5962E+27    4.1792E+27    6.7321E+27
    8.4500E+03    3.9480E+26    2.5956E+27    4.1726E+27    6.7170E+27
    8.4700E+03    3.9487E+26    2.5946E+27    4.1600E+27    6.6638E+27
    8.4900E+03    3.9504E+26    2.5946E+27    4.1588E+27    6.6827E+27
    8.5100E+03    3.9509E+26    2.5933E+27    4.1432E+27    6.6113E+27
    8.5300E+03    3.9536E+26    2.5942E+27    4.1526E+27    6.6891E+27
    8.5500E+03    3.9522E+26    2.5910E+27    4.1165E+27    6.5057E+27
    8.5700E+03    3.9576E+26    2.5949E+27    4.1557E+27    6.7377E+27
    8.5900E+03    3.9557E+26    2.5911E+27    4.1147E+27    6.5385E+27
    8.6100E+03    3.9568E+26    2.5905E+27    4.1054E+27    6.5024E+27
    8.6300E+03    3.9634E+26    2.5955E+27    4.1557E+27    6.7826E+27
    8.6500E+03    3.9621E+26    2.5924E+27    4.1219E+27    6.6269E+27
    8.6700E+03    3.9577E+26    2.5861E+27    4.0544E+27    6.2891E+27
    8.6900E+03    3.9670E+26    2.5940E+27    4.1325E+27    6.7070E+27
    8.7100E+03    3.9709E+26    2.5963E+27    4.1530E+27    6.8221E+27
    8.7300E+03    3.9696E+26    2.5932E+27    4.1192E+27    6.6706E+27
    8.7500E+03    3.9622E+26    2.5837E+27    4.0208E+27    6.1833E+27
    8.7700E+03    3.9706E+26    2.5907E+27    4.0884E+27    6.5429E+27
    8.7900E+03    3.9772E+26    2.5959E+27    4.1368E+27    6.7919E+27
    8.8100E+03    3.9798E+26    2.5967E+27    4.1420E+27    6.8282E+27
    8.8300E+03    3.9799E+26    2.5950E+27    4.1226E+27    6.7483E+27
    8.8500E+03    3.9752E+26    2.5885E+27    4.0542E+27    6.4275E+27
    8.8700E+03    3.9708E+26    2.5821E+27    3.9871E+27    6.1010E+27
    8.8900E+03    3.9823E+26    2.5923E+27    4.0856E+27    6.6055E+27
    8.9100E+03    3.9873E+26    2.5958E+27    4.1163E+27    6.7624E+27
    8.9300E+03    3.9899E+26    2.5967E+27    4.1213E+27    6.7951E+27
    8.9500E+03    3.9915E+26    2.5966E+27    4.1167E+27    6.7838E+27
    8.9700E+03    3.9921E+26    2.5956E+27    4.1028E+27    6.7303E+27
    8.9900E+03    3.9905E+26    2.5922E+27    4.0663E+27    6.5706E+27
    9.0100E+03    3.9824E+26    2.5819E+27    3.9606E+27    6.0602E+27
    9.0300E+03    3.9876E+26    2.5857E+27    3.9937E+27    6.2368E+27
    9.0500E+03    3.9966E+26    2.5933E+27    4.0652E+27    6.5962E+27
    9.0700E+03    4.0005E+26    2.5956E+27    4.0829E+27    6.6884E+27
    9.0900E+03    4.0029E+26    2.5963E+27    4.0862E+27    6.7117E+27
    9.1100E+03    4.0047E+26    2.5965E+27    4.0841E+27    6.7113E+27
    9.1300E+03    4.0064E+26    2.5966E+27    4.0797E+27    6.6999E+27
    9.1500E+03    4.0079E+26    2.5964E+27    4.0733E+27    6.6796E+27
    9.1700E+03    4.0089E+26    2.5958E+27    4.0634E+27    6.6436E+27
    9.1900E+03    4.0092E+26    2.5943E+27    4.0447E+27    6.5673E+27
    9.2100E+03    4.0065E+26    2.5898E+27    3.9960E+27    6.3468E+27
    9.2300E+03    3.9986E+26    2.5797E+27    3.8927E+27    5.8466E+27
    9.2500E+03    4.0087E+26    2.5887E+27    3.9757E+27    6.2675E+27
    9.2700E+03    4.0155E+26    2.5941E+27    4.0235E+27    6.5050E+27
    9.2900E+03    4.0189E+26    2.5958E+27    4.0355E+27    6.5682E+27
    9.3100E+03    4.0211E+26    2.5964E+27    4.0368E+27    6.5821E+27
    9.3300E+03    4.0231E+26    2.5968E+27    4.0351E+27    6.5821E+27
    9.3500E+03    4.0248E+26    2.5968E+27    4.0316E+27    6.5749E+27
    9.3700E+03    4.0144E+26    2.5851E+27    4.0157E+27    6.5537E+27
    9.3900E+03    4.0283E+26    2.5971E+27    4.0236E+27    6.5545E+27
    9.4100E+03    4.0300E+26    2.5972E+27    4.0191E+27    6.5414E+27
    9.4300E+03    4.0316E+26    2.5972E+27    4.0141E+27    6.5262E+27
    9.4500E+03    4.0332E+26    2.5972E+27    4.0085E+27    6.5087E+27
    9.4700E+03    4.0347E+26    2.5970E+27    4.0013E+27    6.4836E+27
    9.4900E+03    4.0358E+26    2.5966E+27    3.9914E+27    6.4460E+27
    9.5100E+03    4.0359E+26    2.5950E+27    3.9708E+27    6.3599E+27
    9.5300E+03    4.0329E+26    2.5901E+27    3.9182E+27    6.1172E+27
    9.5500E+03    3.9971E+26    2.5506E+27    3.7590E+27    5.6262E+27
    9.5700E+03    4.0376E+26    2.5917E+27    3.9220E+27    6.1523E+27
    9.5900E+03    4.0434E+26    2.5961E+27    3.9592E+27    6.3357E+27
    9.6100E+03    4.0465E+26    2.5976E+27    3.9686E+27    6.3856E+27
    9.6300E+03    4.0488E+26    2.5983E+27    3.9696E+27    6.3974E+27
    9.6500E+03    4.0509E+26    2.5988E+27    3.9682E+27    6.3973E+27
    9.6700E+03    4.0528E+26    2.5991E+27    3.9655E+27    6.3922E+27
    9.6900E+03    4.0546E+26    2.5993E+27    3.9623E+27    6.3850E+27
    9.7100E+03    4.0565E+26    2.5996E+27    3.9589E+27    6.3754E+27
    9.7300E+03    4.0583E+26    2.5999E+27    3.9555E+27    6.3662E+27
    9.7500E+03    4.0601E+26    2.6001E+27    3.9518E+27    6.3559E+27
    9.7700E+03    4.0619E+26    2.6003E+27    3.9480E+27    6.3451E+27
    9.7900E+03    4.0638E+26    2.6006E+27    3.9443E+27    6.3346E+27
    9.8100E+03    4.0656E+26    2.6008E+27    3.9405E+27    6.3237E+27
    9.8300E+03    4.0674E+26    2.6011E+27    3.9367E+27    6.3129E+27
    9.8500E+03    4.0692E+26    2.6013E+27    3.9329E+27    6.3018E+27
    9.8700E+03    4.0710E+26    2.6016E+27    3.9291E+27    6.2905E+27
    9.8900E+03    4.0728E+26    2.6018E+27    3.9251E+27    6.2787E+27
    9.9100E+03    4.0746E+26    2.6020E+27    3.9207E+27    6.2657E+27
    9.9300E+03    4.0763E+26    2.6022E+27    3.9164E+27    6.2508E+27
    9.9500E+03    4.0781E+26    2.6024E+27    3.9115E+27    6.2347E+27
    9.9700E+03    4.0797E+26    2.6024E+27    3.9057E+27    6.2141E+27
    9.9900E+03    4.0810E+26    2.6022E+27    3.8972E+27    6.1811E+27
    1.0025E+04    4.0796E+26    2.5979E+27    3.8442E+27    5.9415E+27
    1.0075E+04    4.0830E+26    2.5974E+27    3.8226E+27    5.8525E+27
    1.0125E+04    4.0579E+26    2.5725E+27    3.8438E+27    6.0931E+27
    1.0175E+04    4.0992E+26    2.6062E+27    3.8748E+27    6.1299E+27
    1.0225E+04    4.1042E+26    2.6073E+27    3.8684E+27    6.1127E+27
    1.0275E+04    4.1090E+26    2.6084E+27    3.8608E+27    6.0906E+27
    1.0325E+04    4.1138E+26    2.6094E+27    3.8529E+27    6.0663E+27
    1.0375E+04    4.1186E+26    2.6104E+27    3.8455E+27    6.0442E+27
    1.0425E+04    4.1235E+26    2.6115E+27    3.8380E+27    6.0217E+27
    1.0475E+04    4.1283E+26    2.6126E+27    3.8306E+27    5.9988E+27
    1.0525E+04    4.1332E+26    2.6138E+27    3.8235E+27    5.9769E+27
    1.0575E+04    4.1380E+26    2.6150E+27    3.8163E+27    5.9549E+27
    1.0625E+04    4.1430E+26    2.6162E+27    3.8095E+27    5.9334E+27
    1.0675E+04    4.1479E+26    2.6174E+27    3.8025E+27    5.9117E+27
    1.0725E+04    4.1528E+26    2.6187E+27    3.7956E+27    5.8897E+27
    1.0775E+04    4.1576E+26    2.6198E+27    3.7882E+27    5.8658E+27
    1.0825E+04    4.1622E+26    2.6208E+27    3.7784E+27    5.8303E+27
    1.0875E+04    4.1665E+26    2.6215E+27    3.7653E+27    5.7787E+27
    1.0925E+04    4.1562E+26    2.6042E+27    3.6188E+27    5.3681E+27
    1.0975E+04    4.1740E+26    2.6217E+27    3.7275E+27    5.6183E+27
    1.1025E+04    4.1820E+26    2.6262E+27    3.7520E+27    5.7421E+27
    1.1075E+04    4.1874E+26    2.6281E+27    3.7504E+27    5.7430E+27
    1.1125E+04    4.1926E+26    2.6297E+27    3.7461E+27    5.7302E+27
    1.1175E+04    4.1977E+26    2.6313E+27    3.7409E+27    5.7133E+27
    1.1225E+04    4.2027E+26    2.6329E+27    3.7354E+27    5.6949E+27
    1.1275E+04    4.2078E+26    2.6344E+27    3.7299E+27    5.6766E+27
    1.1325E+04    4.2128E+26    2.6359E+27    3.7244E+27    5.6586E+27
    1.1375E+04    4.2178E+26    2.6375E+27    3.7192E+27    5.6408E+27
    1.1425E+04    4.2229E+26    2.6391E+27    3.7141E+27    5.6233E+27
    1.1475E+04    4.2279E+26    2.6407E+27    3.7089E+27    5.6059E+27
    1.1525E+04    4.2330E+26    2.6423E+27    3.7040E+27    5.5887E+27
    1.1575E+04    4.2380E+26    2.6440E+27    3.6991E+27    5.5718E+27
    1.1625E+04    4.2431E+26    2.6456E+27    3.6942E+27    5.5551E+27
    1.1675E+04    4.2481E+26    2.6473E+27    3.6896E+27    5.5386E+27
    1.1725E+04    4.2532E+26    2.6490E+27    3.6849E+27    5.5223E+27
    1.1775E+04    4.2583E+26    2.6507E+27    3.6804E+27    5.5061E+27
    1.1825E+04    4.2633E+26    2.6524E+27    3.6759E+27    5.4902E+27
    1.1875E+04    4.2684E+26    2.6542E+27    3.6716E+27    5.4746E+27
    1.1925E+04    4.2735E+26    2.6559E+27    3.6673E+27    5.4589E+27
    1.1975E+04    4.2785E+26    2.6576E+27    3.6628E+27    5.4428E+27
    1.2025E+04    4.2836E+26    2.6594E+27    3.6589E+27    5.4285E+27
    1.2075E+04    4.2887E+26    2.6612E+27    3.6549E+27    5.4135E+27
    1.2125E+04    4.2938E+26    2.6630E+27    3.6509E+27    5.3987E+27
    1.2175E+04    4.2988E+26    2.6649E+27    3.6470E+27    5.3841E+27
    1.2225E+04    4.3039E+26    2.6667E+27    3.6431E+27    5.3696E+27
    1.2275E+04    4.3090E+26    2.6686E+27    3.6394E+27    5.3554E+27
    1.2325E+04    4.3140E+26    2.6704E+27    3.6357E+27    5.3412E+27
    1.2375E+04    4.3191E+26    2.6722E+27    3.6320E+27    5.3273E+27
    1.2425E+04    4.3241E+26    2.6741E+27    3.6285E+27    5.3135E+27
    1.2475E+04    4.3292E+26    2.6760E+27    3.6250E+27    5.2999E+27
    1.2525E+04    4.3342E+26    2.6779E+27    3.6215E+27    5.2863E+27
    1.2575E+04    4.3393E+26    2.6798E+27    3.6182E+27    5.2727E+27
    1.2625E+04    4.3443E+26    2.6817E+27    3.6145E+27    5.2580E+27
    1.2675E+04    4.3492E+26    2.6835E+27    3.6102E+27    5.2404E+27
    1.2725E+04    4.3540E+26    2.6852E+27    3.6045E+27    5.2156E+27
    1.2775E+04    4.3577E+26    2.6857E+27    3.5882E+27    5.1412E+27
    1.2825E+04    4.3582E+26    2.6829E+27    3.5422E+27    4.9221E+27
    1.2875E+04    4.3682E+26    2.6901E+27    3.5864E+27    5.1362E+27
    1.2925E+04    4.3742E+26    2.6931E+27    3.5933E+27    5.1698E+27
    1.2975E+04    4.3794E+26    2.6951E+27    3.5907E+27    5.1653E+27
    1.3025E+04    4.3845E+26    2.6973E+27    3.5905E+27    5.1591E+27
    1.3075E+04    4.3895E+26    2.6993E+27    3.5880E+27    5.1485E+27
    1.3125E+04    4.3945E+26    2.7013E+27    3.5853E+27    5.1369E+27
    1.3175E+04    4.3995E+26    2.7033E+27    3.5827E+27    5.1253E+27
    1.3225E+04    4.4045E+26    2.7053E+27    3.5801E+27    5.1139E+27
    1.3275E+04    4.4095E+26    2.7073E+27    3.5775E+27    5.1026E+27
    1.3325E+04    4.4145E+26    2.7093E+27    3.5750E+27    5.0914E+27
    1.3375E+04    4.4194E+26    2.7113E+27    3.5726E+27    5.0804E+27
    1.3425E+04    4.4244E+26    2.7133E+27    3.5701E+27    5.0694E+27
    1.3475E+04    4.4293E+26    2.7154E+27    3.5678E+27    5.0587E+27
    1.3525E+04    4.4343E+26    2.7174E+27    3.5655E+27    5.0480E+27
    1.3575E+04    4.4392E+26    2.7195E+27    3.5632E+27    5.0374E+27
    1.3625E+04    4.4442E+26    2.7215E+27    3.5610E+27    5.0270E+27
    1.3675E+04    4.4491E+26    2.7235E+27    3.5588E+27    5.0167E+27
    1.3725E+04    4.4540E+26    2.7256E+27    3.5567E+27    5.0064E+27
    1.3775E+04    4.4589E+26    2.7276E+27    3.5546E+27    4.9963E+27
    1.3825E+04    4.4638E+26    2.7297E+27    3.5526E+27    4.9864E+27
    1.3875E+04    4.4687E+26    2.7318E+27    3.5506E+27    4.9764E+27
    1.3925E+04    4.4736E+26    2.7338E+27    3.5487E+27    4.9666E+27
    1.3975E+04    4.4785E+26    2.7359E+27    3.5467E+27    4.9570E+27
    1.4025E+04    4.4833E+26    2.7380E+27    3.5449E+27    4.9474E+27
    1.4075E+04    4.4882E+26    2.7400E+27    3.5430E+27    4.9380E+27
    1.4125E+04    4.4931E+26    2.7421E+27    3.5413E+27    4.9287E+27
    1.4175E+04    4.4979E+26    2.7442E+27    3.5395E+27    4.9194E+27
    1.4225E+04    4.5027E+26    2.7463E+27    3.5379E+27    4.9103E+27
    1.4275E+04    4.5076E+26    2.7484E+27    3.5361E+27    4.9012E+27
    1.4325E+04    4.5124E+26    2.7505E+27    3.5345E+27    4.8922E+27
    1.4375E+04    4.5172E+26    2.7525E+27    3.5329E+27    4.8834E+27
    1.4425E+04    4.5220E+26    2.7546E+27    3.5313E+27    4.8746E+27
    1.4475E+04    4.5268E+26    2.7567E+27    3.5298E+27    4.8659E+27
    1.4525E+04    4.5316E+26    2.7588E+27    3.5283E+27    4.8573E+27
    1.4570E+04    4.5359E+26    2.7607E+27    3.5270E+27    4.8497E+27
    1.4620E+04    3.8328E+26    2.3536E+27    3.1106E+27    4.4290E+27
    1.4675E+04    3.8367E+26    2.3552E+27    3.1083E+27    4.4193E+27
    1.4725E+04    3.8403E+26    2.3566E+27    3.1063E+27    4.4107E+27
    1.4775E+04    3.8438E+26    2.3580E+27    3.1042E+27    4.4021E+27
    1.4825E+04    3.8474E+26    2.3594E+27    3.1023E+27    4.3935E+27
    1.4875E+04    3.8510E+26    2.3608E+27    3.1002E+27    4.3849E+27
    1.4925E+04    3.8545E+26    2.3622E+27    3.0982E+27    4.3762E+27
    1.4975E+04    3.8580E+26    2.3637E+27    3.0962E+27    4.3670E+27
    1.5025E+04    3.8616E+26    2.3651E+27    3.0941E+27    4.3578E+27
    1.5075E+04    3.8651E+26    2.3665E+27    3.0919E+27    4.3476E+27
    1.5125E+04    3.8686E+26    2.3679E+27    3.0896E+27    4.3368E+27
    1.5175E+04    3.8720E+26    2.3693E+27    3.0872E+27    4.3252E+27
    1.5225E+04    3.8755E+26    2.3706E+27    3.0848E+27    4.3146E+27
    1.5275E+04    3.8790E+26    2.3721E+27    3.0827E+27    4.3047E+27
    1.5325E+04    3.8824E+26    2.3734E+27    3.0800E+27    4.2919E+27
    1.5375E+04    3.8860E+26    2.3749E+27    3.0788E+27    4.2867E+27
    1.5425E+04    3.8893E+26    2.3762E+27    3.0752E+27    4.2688E+27
    1.5475E+04    3.8929E+26    2.3778E+27    3.0752E+27    4.2702E+27
    1.5525E+04    3.8963E+26    2.3791E+27    3.0727E+27    4.2587E+27
    1.5575E+04    3.8996E+26    2.3803E+27    3.0684E+27    4.2354E+27
    1.5625E+04    3.9037E+26    2.3824E+27    3.0732E+27    4.2631E+27
    1.5675E+04    3.9066E+26    2.3833E+27    3.0659E+27    4.2248E+27
    1.5725E+04    3.9096E+26    2.3844E+27    3.0621E+27    4.2056E+27
    1.5775E+04    3.9143E+26    2.3870E+27    3.0704E+27    4.2496E+27
    1.5825E+04    3.9176E+26    2.3883E+27    3.0673E+27    4.2340E+27
    1.5875E+04    3.9197E+26    2.3884E+27    3.0522E+27    4.1547E+27
    1.5925E+04    3.9242E+26    2.3909E+27    3.0612E+27    4.2020E+27
    1.5975E+04    3.9285E+26    2.3933E+27    3.0686E+27    4.2393E+27
    1.6050E+04    3.9331E+26    2.3949E+27    3.0608E+27    4.1998E+27
    1.6150E+04    3.9392E+26    2.3971E+27    3.0503E+27    4.1460E+27
    1.6250E+04    3.9475E+26    2.4015E+27    3.0621E+27    4.2045E+27
    1.6350E+04    3.9535E+26    2.4036E+27    3.0515E+27    4.1508E+27
    1.6450E+04    3.9596E+26    2.4059E+27    3.0416E+27    4.0993E+27
    1.6550E+04    3.9680E+26    2.4105E+27    3.0557E+27    4.1674E+27
    1.6650E+04    3.9748E+26    2.4135E+27    3.0538E+27    4.1563E+27
    1.6750E+04    3.9806E+26    2.4155E+27    3.0418E+27    4.0959E+27
    1.6850E+04    3.9866E+26    2.4177E+27    3.0319E+27    4.0438E+27
    1.6950E+04    3.9950E+26    2.4224E+27    3.0473E+27    4.1168E+27
    1.7050E+04    4.0018E+26    2.4256E+27    3.0466E+27    4.1107E+27
    1.7150E+04    4.0084E+26    2.4285E+27    3.0447E+27    4.0982E+27
    1.7250E+04    4.0148E+26    2.4313E+27    3.0405E+27    4.0751E+27
    1.7350E+04    4.0194E+26    2.4322E+27    3.0182E+27    3.9629E+27
    1.7450E+04    4.0277E+26    2.4370E+27    3.0341E+27    4.0374E+27
    1.7550E+04    4.0348E+26    2.4405E+27    3.0378E+27    4.0510E+27
    1.7650E+04    4.0414E+26    2.4436E+27    3.0370E+27    4.0433E+27
    1.7750E+04    4.0479E+26    2.4466E+27    3.0357E+27    4.0331E+27
    1.7850E+04    4.0544E+26    2.4496E+27    3.0343E+27    4.0221E+27
    1.7950E+04    4.0609E+26    2.4525E+27    3.0326E+27    4.0099E+27
    1.8050E+04    4.0671E+26    2.4553E+27    3.0296E+27    3.9912E+27
    1.8150E+04    4.0718E+26    2.4565E+27    3.0103E+27    3.8930E+27
    1.8250E+04    4.0794E+26    2.4607E+27    3.0217E+27    3.9447E+27
    1.8350E+04    4.0864E+26    2.4644E+27    3.0274E+27    3.9672E+27
    1.8450E+04    4.0929E+26    2.4674E+27    3.0272E+27    3.9611E+27
    1.8550E+04    4.0992E+26    2.4704E+27    3.0259E+27    3.9504E+27
    1.8650E+04    4.1052E+26    2.4731E+27    3.0227E+27    3.9304E+27
    1.8750E+04    4.1099E+26    2.4735E+27    3.0038E+27    3.8365E+27
    1.8850E+04    4.1178E+26    2.4790E+27    3.0206E+27    3.9100E+27
    1.8950E+04    4.1243E+26    2.4823E+27    3.0228E+27    3.9151E+27
    1.9050E+04    4.1305E+26    2.4853E+27    3.0226E+27    3.9085E+27
    1.9150E+04    4.1367E+26    2.4882E+27    3.0220E+27    3.9003E+27
    1.9250E+04    4.1428E+26    2.4911E+27    3.0209E+27    3.8898E+27
    1.9350E+04    4.1487E+26    2.4938E+27    3.0175E+27    3.8684E+27
    1.9450E+04    4.1546E+26    2.4958E+27    2.9844E+27    3.7631E+27
    1.9550E+04    4.1584E+26    2.4953E+27    3.0038E+27    3.8399E+27
    1.9650E+04    4.1673E+26    2.5029E+27    3.0192E+27    3.8592E+27
    1.9750E+04    4.1734E+26    2.5059E+27    3.0194E+27    3.8542E+27
    1.9850E+04    4.1794E+26    2.5088E+27    3.0192E+27    3.8471E+27
    1.9950E+04    4.1854E+26    2.5118E+27    3.0189E+27    3.8400E+27
    2.0050E+04    4.1914E+26    2.5147E+27    3.0187E+27    3.8330E+27
    2.0150E+04    4.1973E+26    2.5176E+27    3.0185E+27    3.8261E+27
    2.0250E+04    4.2033E+26    2.5205E+27    3.0184E+27    3.8193E+27
    2.0350E+04    4.2092E+26    2.5234E+27    3.0183E+27    3.8126E+27
    2.0450E+04    4.2151E+26    2.5262E+27    3.0182E+27    3.8061E+27
    2.0550E+04    4.2209E+26    2.5291E+27    3.0181E+27    3.7996E+27
    2.0650E+04    4.2268E+26    2.5320E+27    3.0182E+27    3.7934E+27
    2.0750E+04    4.2326E+26    2.5349E+27    3.0182E+27    3.7872E+27
    2.0850E+04    4.2384E+26    2.5377E+27    3.0183E+27    3.7812E+27
    2.0950E+04    4.2441E+26    2.5406E+27    3.0184E+27    3.7752E+27
    2.1050E+04    4.2499E+26    2.5435E+27    3.0185E+27    3.7694E+27
    2.1150E+04    4.2556E+26    2.5463E+27    3.0186E+27    3.7635E+27
    2.1250E+04    4.2613E+26    2.5491E+27    3.0189E+27    3.7580E+27
    2.1350E+04    4.2670E+26    2.5520E+27    3.0190E+27    3.7521E+27
    2.1450E+04    4.2726E+26    2.5547E+27    3.0188E+27    3.7446E+27
    2.1550E+04    4.2780E+26    2.5574E+27    3.0171E+27    3.7300E+27
    2.1650E+04    4.2824E+26    2.5589E+27    3.0047E+27    3.6632E+27
    2.1750E+04    4.2891E+26    2.5628E+27    3.0164E+27    3.7136E+27
    2.1850E+04    4.2950E+26    2.5660E+27    3.0199E+27    3.7232E+27
    2.1950E+04    4.3006E+26    2.5688E+27    3.0209E+27    3.7209E+27
    2.2050E+04    4.3061E+26    2.5716E+27    3.0213E+27    3.7164E+27
    2.2150E+04    4.3116E+26    2.5744E+27    3.0218E+27    3.7116E+27
    2.2250E+04    4.3171E+26    2.5771E+27    3.0222E+27    3.7069E+27
    2.2350E+04    4.3225E+26    2.5799E+27    3.0227E+27    3.7023E+27
    2.2450E+04    4.3280E+26    2.5827E+27    3.0232E+27    3.6978E+27
    2.2550E+04    4.3334E+26    2.5854E+27    3.0237E+27    3.6933E+27
    2.2650E+04    4.3388E+26    2.5881E+27    3.0243E+27    3.6890E+27
    2.2750E+04    4.3441E+26    2.5909E+27    3.0248E+27    3.6847E+27
    2.2850E+04    3.9868E+26    2.3837E+27    2.8105E+27    3.4660E+27
    2.2950E+04    3.9917E+26    2.3862E+27    2.8108E+27    3.4617E+27
    2.3050E+04    3.9965E+26    2.3886E+27    2.8111E+27    3.4574E+27
    2.3150E+04    4.0013E+26    2.3910E+27    2.8115E+27    3.4532E+27
    2.3250E+04    4.0061E+26    2.3934E+27    2.8119E+27    3.4490E+27
    2.3350E+04    4.0108E+26    2.3958E+27    2.8123E+27    3.4449E+27
    2.3450E+04    4.0156E+26    2.3982E+27    2.8126E+27    3.4409E+27
    2.3550E+04    4.0203E+26    2.4006E+27    2.8131E+27    3.4369E+27
    2.3650E+04    4.0250E+26    2.4030E+27    2.8135E+27    3.4329E+27
    2.3750E+04    4.0297E+26    2.4054E+27    2.8139E+27    3.4288E+27
    2.3850E+04    4.0343E+26    2.4078E+27    2.8143E+27    3.4248E+27
    2.3950E+04    4.0390E+26    2.4101E+27    2.8147E+27    3.4207E+27
    2.4050E+04    4.0436E+26    2.4125E+27    2.8152E+27    3.4167E+27
    2.4150E+04    4.0482E+26    2.4148E+27    2.8156E+27    3.4126E+27
    2.4250E+04    4.0528E+26    2.4172E+27    2.8160E+27    3.4083E+27
    2.4350E+04    4.0574E+26    2.4195E+27    2.8165E+27    3.4048E+27
    2.4450E+04    4.0620E+26    2.4219E+27    2.8169E+27    3.4004E+27
    2.4550E+04    4.0666E+26    2.4242E+27    2.8176E+27    3.3976E+27
    2.4650E+04    4.0711E+26    2.4265E+27    2.8179E+27    3.3929E+27
    2.4750E+04    4.0756E+26    2.4288E+27    2.8186E+27    3.3901E+27
    2.4850E+04    4.0801E+26    2.4312E+27    2.8195E+27    3.3884E+27
    2.4950E+04    4.0846E+26    2.4334E+27    2.8193E+27    3.3805E+27
    2.5050E+04    4.0892E+26    2.4360E+27    2.8222E+27    3.3895E+27
    2.5150E+04    4.0936E+26    2.4382E+27    2.8220E+27    3.3818E+27
    2.5250E+04    4.0979E+26    2.4403E+27    2.8207E+27    3.3685E+27
    2.5350E+04    4.1024E+26    2.4427E+27    2.8228E+27    3.3732E+27
    2.5450E+04    4.1069E+26    2.4451E+27    2.8243E+27    3.3743E+27
    2.5550E+04    4.1112E+26    2.4472E+27    2.8240E+27    3.3666E+27
    2.5650E+04    4.1154E+26    2.4493E+27    2.8227E+27    3.3527E+27
    2.5750E+04    4.1200E+26    2.4518E+27    2.8258E+27    3.3629E+27
    2.5850E+04    4.1245E+26    2.4542E+27    2.8274E+27    3.3644E+27
    2.5950E+04    4.1288E+26    2.4564E+27    2.8279E+27    3.3605E+27
    2.6050E+04    4.1329E+26    2.4585E+27    2.8268E+27    3.3484E+27
    2.6150E+04    4.1369E+26    2.4604E+27    2.8247E+27    3.3316E+27
    2.6250E+04    4.1412E+26    2.4625E+27    2.8209E+27    3.3063E+27
    2.6350E+04    4.1457E+26    2.4651E+27    2.8289E+27    3.3402E+27
    2.6450E+04    4.1502E+26    2.4676E+27    2.8320E+27    3.3483E+27
    2.6550E+04    4.1545E+26    2.4698E+27    2.8329E+27    3.3466E+27
    2.6650E+04    4.1586E+26    2.4719E+27    2.8325E+27    3.3380E+27
    2.6750E+04    4.1624E+26    2.4737E+27    2.8296E+27    3.3163E+27
    2.6850E+04    4.1670E+26    2.4763E+27    2.8342E+27    3.3336E+27
    2.6950E+04    4.1713E+26    2.4787E+27    2.8365E+27    3.3385E+27
    2.7050E+04    4.1755E+26    2.4809E+27    2.8377E+27    3.3382E+27
    2.7150E+04    4.1797E+26    2.4831E+27    2.8387E+27    3.3364E+27
    2.7250E+04    4.1838E+26    2.4853E+27    2.8396E+27    3.3341E+27
    2.7350E+04    4.1880E+26    2.4874E+27    2.8402E+27    3.3307E+27
    2.7450E+04    4.1920E+26    2.4895E+27    2.8401E+27    3.3243E+27
    2.7550E+04    4.1957E+26    2.4912E+27    2.8366E+27    3.2997E+27
    2.7650E+04    4.2000E+26    2.4936E+27    2.8399E+27    3.3097E+27
    2.7750E+04    4.2043E+26    2.4960E+27    2.8434E+27    3.3209E+27
    2.7850E+04    4.2084E+26    2.4982E+27    2.8449E+27    3.3217E+27
    2.7950E+04    4.2125E+26    2.5003E+27    2.8460E+27    3.3207E+27
    2.8050E+04    4.2165E+26    2.5025E+27    2.8470E+27    3.3191E+27
    2.8150E+04    4.2205E+26    2.5046E+27    2.8480E+27    3.3173E+27
    2.8250E+04    4.2245E+26    2.5067E+27    2.8489E+27    3.3155E+27
    2.8350E+04    4.2285E+26    2.5088E+27    2.8498E+27    3.3136E+27
    2.8450E+04    4.2325E+26    2.5109E+27    2.8506E+27    3.3111E+27
    2.8550E+04    4.2364E+26    2.5130E+27    2.8511E+27    3.3071E+27
    2.8650E+04    4.2401E+26    2.5149E+27    2.8499E+27    3.2948E+27
    2.8750E+04    4.2437E+26    2.5166E+27    2.8473E+27    3.2750E+27
    2.8850E+04    4.2481E+26    2.5192E+27    2.8533E+27    3.2985E+27
    2.8950E+04    4.2521E+26    2.5214E+27    2.8553E+27    3.3021E+27
    2.9050E+04    4.2561E+26    2.5235E+27    2.8567E+27    3.3021E+27
    2.9150E+04    4.2599E+26    2.5255E+27    2.8578E+27    3.3010E+27
    2.9250E+04    4.2638E+26    2.5276E+27    2.8588E+27    3.2995E+27
    2.9350E+04    4.2677E+26    2.5297E+27    2.8598E+27    3.2981E+27
    2.9450E+04    4.2715E+26    2.5317E+27    2.8608E+27    3.2967E+27
    2.9550E+04    4.2754E+26    2.5338E+27    2.8618E+27    3.2953E+27
    2.9650E+04    4.2792E+26    2.5358E+27    2.8629E+27    3.2940E+27
    2.9750E+04    4.2830E+26    2.5378E+27    2.8639E+27    3.2926E+27
    2.9850E+04    4.2868E+26    2.5399E+27    2.8650E+27    3.2914E+27
    2.9950E+04    4.2906E+26    2.5419E+27    2.8660E+27    3.2901E+27
    3.0050E+04    4.2943E+26    2.5439E+27    2.8670E+27    3.2885E+27
    3.0150E+04    4.2981E+26    2.5459E+27    2.8678E+27    3.2862E+27
    3.0250E+04    4.3017E+26    2.5478E+27    2.8681E+27    3.2814E+27
    3.0350E+04    4.3050E+26    2.5494E+27    2.8650E+27    3.2596E+27
    3.0450E+04    4.3089E+26    2.5515E+27    2.8674E+27    3.2652E+27
    3.0550E+04    4.3129E+26    2.5538E+27    2.8715E+27    3.2792E+27
    3.0650E+04    4.3167E+26    2.5559E+27    2.8732E+27    3.2809E+27
    3.0750E+04    4.3204E+26    2.5579E+27    2.8745E+27    3.2807E+27
    3.0850E+04    4.3241E+26    2.5599E+27    2.8756E+27    3.2798E+27
    3.0950E+04    4.3277E+26    2.5618E+27    2.8767E+27    3.2788E+27
    3.1050E+04    4.3314E+26    2.5638E+27    2.8778E+27    3.2778E+27
    3.1150E+04    4.3350E+26    2.5658E+27    2.8789E+27    3.2768E+27
    3.1250E+04    4.3386E+26    2.5677E+27    2.8800E+27    3.2758E+27
    3.1350E+04    4.3422E+26    2.5697E+27    2.8811E+27    3.2749E+27
    3.1450E+04    4.3458E+26    2.5716E+27    2.8822E+27    3.2740E+27
    3.1550E+04    4.3494E+26    2.5736E+27    2.8833E+27    3.2731E+27
    3.1650E+04    4.3530E+26    2.5755E+27    2.8844E+27    3.2722E+27
    3.1750E+04    4.3566E+26    2.5774E+27    2.8855E+27    3.2714E+27
    3.1850E+04    4.3601E+26    2.5793E+27    2.8866E+27    3.2705E+27
    3.1950E+04    4.3637E+26    2.5813E+27    2.8877E+27    3.2697E+27
    3.2100E+04    4.3690E+26    2.5841E+27    2.8894E+27    3.2685E+27
    3.2300E+04    4.3760E+26    2.5879E+27    2.8916E+27    3.2670E+27
    3.2500E+04    4.3830E+26    2.5917E+27    2.8939E+27    3.2655E+27
    3.2700E+04    4.3899E+26    2.5954E+27    2.8958E+27    3.2629E+27
    3.2900E+04    4.1866E+26    2.4774E+27    2.7699E+27    3.1200E+27
    3.3100E+04    4.1934E+26    2.4812E+27    2.7743E+27    3.1297E+27
    3.3300E+04    4.2001E+26    2.4848E+27    2.7777E+27    3.1343E+27
    3.3500E+04    4.2066E+26    2.4884E+27    2.7799E+27    3.1335E+27
    3.3700E+04    4.2130E+26    2.4919E+27    2.7821E+27    3.1325E+27
    3.3900E+04    4.2195E+26    2.4954E+27    2.7842E+27    3.1314E+27
    3.4100E+04    4.2259E+26    2.4989E+27    2.7864E+27    3.1304E+27
    3.4300E+04    4.2322E+26    2.5023E+27    2.7886E+27    3.1294E+27
    3.4500E+04    4.2385E+26    2.5058E+27    2.7907E+27    3.1285E+27
    3.4700E+04    4.2448E+26    2.5092E+27    2.7929E+27    3.1276E+27
    3.4900E+04    4.2510E+26    2.5126E+27    2.7951E+27    3.1268E+27
    3.5100E+04    4.2573E+26    2.5160E+27    2.7973E+27    3.1260E+27
    3.5300E+04    4.2634E+26    2.5194E+27    2.7994E+27    3.1252E+27
    3.5500E+04    4.2696E+26    2.5227E+27    2.8016E+27    3.1245E+27
    3.5700E+04    4.2757E+26    2.5261E+27    2.8038E+27    3.1238E+27
    3.5900E+04    4.2817E+26    2.5294E+27    2.8060E+27    3.1231E+27
    3.6100E+04    4.2878E+26    2.5327E+27    2.8082E+27    3.1225E+27
    3.6300E+04    4.2938E+26    2.5360E+27    2.8104E+27    3.1221E+27
    3.6500E+04    4.2997E+26    2.5393E+27    2.8125E+27    3.1212E+27
    3.6700E+04    4.3057E+26    2.5425E+27    2.8148E+27    3.1214E+27
    3.6900E+04    4.3116E+26    2.5457E+27    2.8168E+27    3.1198E+27
    3.7100E+04    4.3174E+26    2.5490E+27    2.8191E+27    3.1201E+27
    3.7300E+04    4.3231E+26    2.5521E+27    2.8199E+27    3.1130E+27
    3.7500E+04    4.3289E+26    2.5552E+27    2.8216E+27    3.1099E+27
    3.7700E+04    4.3349E+26    2.5586E+27    2.8258E+27    3.1196E+27
    3.7900E+04    4.3406E+26    2.5618E+27    2.8282E+27    3.1203E+27
    3.8100E+04    4.3463E+26    2.5649E+27    2.8300E+27    3.1181E+27
    3.8300E+04    4.3520E+26    2.5680E+27    2.8323E+27    3.1183E+27
    3.8500E+04    4.3577E+26    2.5712E+27    2.8350E+27    3.1205E+27
    3.8700E+04    4.3633E+26    2.5743E+27    2.8372E+27    3.1207E+27
    3.8900E+04    4.3689E+26    2.5774E+27    2.8392E+27    3.1192E+27
    3.9100E+04    4.3744E+26    2.5804E+27    2.8408E+27    3.1163E+27
    3.9300E+04    4.3800E+26    2.5835E+27    2.8438E+27    3.1200E+27
    3.9500E+04    4.3856E+26    2.5866E+27    2.8462E+27    3.1213E+27
    3.9700E+04    4.3910E+26    2.5896E+27    2.8484E+27    3.1215E+27
    3.9900E+04    4.3965E+26    2.5927E+27    2.8507E+27    3.1216E+27
    4.0100E+04    4.4018E+26    2.5956E+27    2.8521E+27    3.1178E+27
    4.0300E+04    4.4072E+26    2.5986E+27    2.8541E+27    3.1169E+27
    4.0500E+04    4.4125E+26    2.6014E+27    2.8550E+27    3.1112E+27
    4.0700E+04    4.4180E+26    2.6046E+27    2.8591E+27    3.1207E+27
    4.0900E+04    4.4234E+26    2.6076E+27    2.8617E+27    3.1226E+27
    4.1100E+04    4.4287E+26    2.6105E+27    2.8639E+27    3.1231E+27
    4.1300E+04    4.4339E+26    2.6134E+27    2.8661E+27    3.1231E+27
    4.1500E+04    4.4391E+26    2.6163E+27    2.8680E+27    3.1221E+27
    4.1700E+04    4.4442E+26    2.6191E+27    2.8692E+27    3.1172E+27
    4.1900E+04    4.4495E+26    2.6221E+27    2.8724E+27    3.1227E+27
    4.2100E+04    4.4547E+26    2.6250E+27    2.8749E+27    3.1247E+27
    4.2300E+04    4.4599E+26    2.6279E+27    2.8771E+27    3.1254E+27
    4.2500E+04    4.4650E+26    2.6308E+27    2.8793E+27    3.1258E+27
    4.2700E+04    4.4701E+26    2.6336E+27    2.8815E+27    3.1263E+27
    4.2900E+04    4.4751E+26    2.6364E+27    2.8837E+27    3.1268E+27
    4.3100E+04    4.4802E+26    2.6392E+27    2.8859E+27    3.1274E+27
    4.3300E+04    4.4852E+26    2.6420E+27    2.8881E+27    3.1278E+27
    4.3500E+04    4.4902E+26    2.6448E+27    2.8901E+27    3.1275E+27
    4.3700E+04    4.4950E+26    2.6475E+27    2.8911E+27    3.1225E+27
    4.3900E+04    4.5000E+26    2.6503E+27    2.8939E+27    3.1264E+27
    4.4100E+04    4.5050E+26    2.6531E+27    2.8967E+27    3.1299E+27
    4.4300E+04    4.5099E+26    2.6559E+27    2.8990E+27    3.1309E+27
    4.4500E+04    4.5148E+26    2.6586E+27    2.9011E+27    3.1316E+27
    4.4700E+04    4.3876E+26    2.5849E+27    2.8248E+27    3.0543E+27
    4.4900E+04    4.3923E+26    2.5875E+27    2.8270E+27    3.0549E+27
    4.5100E+04    4.3970E+26    2.5902E+27    2.8290E+27    3.0555E+27
    4.5300E+04    4.4017E+26    2.5928E+27    2.8311E+27    3.0562E+27
    4.5500E+04    4.4064E+26    2.5954E+27    2.8332E+27    3.0569E+27
    4.5700E+04    4.4111E+26    2.5980E+27    2.8353E+27    3.0575E+27
    4.5900E+04    4.4157E+26    2.6006E+27    2.8374E+27    3.0582E+27
    4.6100E+04    4.4203E+26    2.6032E+27    2.8394E+27    3.0586E+27
    4.6300E+04    4.4249E+26    2.6058E+27    2.8413E+27    3.0582E+27
    4.6500E+04    4.4293E+26    2.6082E+27    2.8417E+27    3.0512E+27
    4.6700E+04    4.4339E+26    2.6107E+27    2.8440E+27    3.0528E+27
    4.6900E+04    4.4385E+26    2.6134E+27    2.8473E+27    3.0595E+27
    4.7100E+04    4.4431E+26    2.6160E+27    2.8498E+27    3.0622E+27
    4.7300E+04    4.4476E+26    2.6185E+27    2.8519E+27    3.0635E+27
    4.7500E+04    4.4521E+26    2.6210E+27    2.8540E+27    3.0643E+27
    4.7700E+04    4.4565E+26    2.6235E+27    2.8561E+27    3.0652E+27
    4.7900E+04    4.4610E+26    2.6260E+27    2.8581E+27    3.0660E+27
    4.8100E+04    4.4654E+26    2.6285E+27    2.8602E+27    3.0668E+27
    4.8300E+04    4.4698E+26    2.6310E+27    2.8622E+27    3.0677E+27
    4.8500E+04    4.4742E+26    2.6335E+27    2.8643E+27    3.0685E+27
    4.8700E+04    4.4785E+26    2.6359E+27    2.8663E+27    3.0694E+27
    4.8900E+04    4.4829E+26    2.6384E+27    2.8684E+27    3.0703E+27
    4.9100E+04    4.4872E+26    2.6408E+27    2.8704E+27    3.0712E+27
    4.9300E+04    4.4915E+26    2.6433E+27    2.8724E+27    3.0721E+27
    4.9500E+04    4.4958E+26    2.6457E+27    2.8745E+27    3.0730E+27
    4.9700E+04    4.5001E+26    2.6481E+27    2.8765E+27    3.0739E+27
    4.9900E+04    4.5044E+26    2.6505E+27    2.8785E+27    3.0749E+27
    5.0100E+04    4.5086E+26    2.6529E+27    2.8805E+27    3.0758E+27
    5.0300E+04    4.5128E+26    2.6553E+27    2.8825E+27    3.0768E+27
    5.0500E+04    4.5171E+26    2.6576E+27    2.8845E+27    3.0777E+27
    5.0700E+04    4.5212E+26    2.6600E+27    2.8865E+27    3.0787E+27
    5.0900E+04    4.5254E+26    2.6624E+27    2.8885E+27    3.0794E+27
    5.1100E+04    4.5295E+26    2.6647E+27    2.8902E+27    3.0789E+27
    5.1300E+04    4.5336E+26    2.6669E+27    2.8911E+27    3.0748E+27
    5.1500E+04    4.5378E+26    2.6694E+27    2.8942E+27    3.0813E+27
    5.1700E+04    4.5420E+26    2.6717E+27    2.8965E+27    3.0835E+27
    5.1900E+04    4.5461E+26    2.6740E+27    2.8985E+27    3.0847E+27
    5.2100E+04    4.5501E+26    2.6763E+27    2.9005E+27    3.0857E+27
    5.2300E+04    4.5542E+26    2.6786E+27    2.9024E+27    3.0867E+27
    5.2500E+04    4.5582E+26    2.6809E+27    2.9044E+27    3.0877E+27
    5.2700E+04    4.5623E+26    2.6832E+27    2.9064E+27    3.0888E+27
    5.2900E+04    4.5663E+26    2.6855E+27    2.9083E+27    3.0898E+27
    5.3100E+04    4.5703E+26    2.6877E+27    2.9103E+27    3.0909E+27
    5.3300E+04    4.5743E+26    2.6900E+27    2.9123E+27    3.0920E+27
    5.3500E+04    4.5783E+26    2.6923E+27    2.9142E+27    3.0930E+27
    5.3700E+04    4.5822E+26    2.6945E+27    2.9162E+27    3.0941E+27
    5.3900E+04    4.5862E+26    2.6967E+27    2.9181E+27    3.0952E+27
    5.4100E+04    4.5901E+26    2.6990E+27    2.9200E+27    3.0962E+27
    5.4300E+04    4.5940E+26    2.7012E+27    2.9220E+27    3.0973E+27
    5.4500E+04    4.5979E+26    2.7034E+27    2.9239E+27    3.0984E+27
    5.4700E+04    4.6018E+26    2.7056E+27    2.9258E+27    3.0995E+27
    5.4900E+04    4.6056E+26    2.7078E+27    2.9278E+27    3.1006E+27
    5.5100E+04    4.6095E+26    2.7100E+27    2.9297E+27    3.1017E+27
    5.5300E+04    4.6133E+26    2.7121E+27    2.9316E+27    3.1028E+27
    5.5500E+04    4.6172E+26    2.7143E+27    2.9335E+27    3.1040E+27
    5.5700E+04    4.6210E+26    2.7165E+27    2.9354E+27    3.1051E+27
    5.5900E+04    4.6248E+26    2.7186E+27    2.9373E+27    3.1062E+27
    5.6100E+04    4.6286E+26    2.7208E+27    2.9392E+27    3.1073E+27
    5.6300E+04    4.6323E+26    2.7229E+27    2.9411E+27    3.1085E+27
    5.6500E+04    4.6361E+26    2.7251E+27    2.9430E+27    3.1096E+27
    5.6700E+04    4.6398E+26    2.7272E+27    2.9449E+27    3.1107E+27
    5.6900E+04    4.6436E+26    2.7293E+27    2.9468E+27    3.1119E+27
    5.7100E+04    4.6473E+26    2.7314E+27    2.9487E+27    3.1131E+27
    5.7300E+04    4.6510E+26    2.7335E+27    2.9505E+27    3.1142E+27
    5.7500E+04    4.6547E+26    2.7356E+27    2.9524E+27    3.1154E+27
    5.7700E+04    4.6584E+26    2.7377E+27    2.9543E+27    3.1165E+27
    5.7900E+04    4.6620E+26    2.7398E+27    2.9561E+27    3.1177E+27
    5.8100E+04    4.6657E+26    2.7419E+27    2.9580E+27    3.1188E+27
    5.8300E+04    4.6693E+26    2.7440E+27    2.9599E+27    3.1200E+27
    5.8500E+04    4.5845E+26    2.6948E+27    2.9091E+27    3.0687E+27
    5.8700E+04    4.5880E+26    2.6968E+27    2.9108E+27    3.0696E+27
    5.8900E+04    4.5916E+26    2.6988E+27    2.9124E+27    3.0695E+27
    5.9100E+04    4.5951E+26    2.7008E+27    2.9135E+27    3.0670E+27
    5.9300E+04    4.5987E+26    2.7029E+27    2.9161E+27    3.0723E+27
    5.9500E+04    4.6022E+26    2.7049E+27    2.9181E+27    3.0743E+27
    5.9700E+04    4.6058E+26    2.7069E+27    2.9200E+27    3.0756E+27
    5.9900E+04    4.6093E+26    2.7089E+27    2.9218E+27    3.0768E+27
    6.0100E+04    4.6128E+26    2.7109E+27    2.9236E+27    3.0780E+27
    6.0300E+04    4.6162E+26    2.7129E+27    2.9254E+27    3.0792E+27
    6.0500E+04    4.6197E+26    2.7149E+27    2.9272E+27    3.0803E+27
    6.0700E+04    4.6232E+26    2.7169E+27    2.9290E+27    3.0815E+27
    6.0900E+04    4.6266E+26    2.7188E+27    2.9307E+27    3.0827E+27
    6.1100E+04    4.6301E+26    2.7208E+27    2.9325E+27    3.0839E+27
    6.1300E+04    4.6335E+26    2.7227E+27    2.9343E+27    3.0851E+27
    6.1500E+04    4.6369E+26    2.7247E+27    2.9361E+27    3.0862E+27
    6.1700E+04    4.6403E+26    2.7266E+27    2.9378E+27    3.0874E+27
    6.1900E+04    4.6437E+26    2.7286E+27    2.9396E+27    3.0886E+27
    6.2100E+04    4.6471E+26    2.7305E+27    2.9414E+27    3.0898E+27
    6.2300E+04    4.6505E+26    2.7324E+27    2.9431E+27    3.0910E+27
    6.2500E+04    4.6539E+26    2.7344E+27    2.9449E+27    3.0922E+27
    6.2700E+04    4.6572E+26    2.7363E+27    2.9466E+27    3.0934E+27
    6.2900E+04    4.6606E+26    2.7382E+27    2.9484E+27    3.0946E+27
    6.3100E+04    4.6639E+26    2.7401E+27    2.9501E+27    3.0958E+27
    6.3300E+04    4.6672E+26    2.7420E+27    2.9519E+27    3.0970E+27
    6.3500E+04    4.6705E+26    2.7439E+27    2.9536E+27    3.0982E+27
    6.3700E+04    4.6738E+26    2.7458E+27    2.9553E+27    3.0994E+27
    6.3900E+04    4.6771E+26    2.7476E+27    2.9571E+27    3.1006E+27
    6.4200E+04    4.6820E+26    2.7504E+27    2.9597E+27    3.1024E+27
    6.4600E+04    4.6886E+26    2.7542E+27    2.9631E+27    3.1048E+27
    6.5000E+04    4.6950E+26    2.7579E+27    2.9665E+27    3.1073E+27
    6.5400E+04    4.7015E+26    2.7616E+27    2.9699E+27    3.1097E+27
    6.5800E+04    4.7079E+26    2.7652E+27    2.9733E+27    3.1121E+27
    6.6200E+04    4.7142E+26    2.7689E+27    2.9767E+27    3.1146E+27
    6.6600E+04    4.7206E+26    2.7725E+27    2.9801E+27    3.1170E+27
    6.7000E+04    4.7269E+26    2.7761E+27    2.9834E+27    3.1194E+27
    6.7400E+04    4.7331E+26    2.7797E+27    2.9868E+27    3.1219E+27
    6.7800E+04    4.7393E+26    2.7832E+27    2.9901E+27    3.1243E+27
    6.8200E+04    4.7455E+26    2.7868E+27    2.9934E+27    3.1268E+27
    6.8600E+04    4.7517E+26    2.7903E+27    2.9967E+27    3.1292E+27
    6.9000E+04    4.7578E+26    2.7938E+27    3.0000E+27    3.1317E+27
    6.9400E+04    4.7639E+26    2.7973E+27    3.0032E+27    3.1341E+27
    6.9800E+04    4.7699E+26    2.8007E+27    3.0065E+27    3.1366E+27
    7.0200E+04    4.7759E+26    2.8042E+27    3.0097E+27    3.1390E+27
    7.0600E+04    4.7819E+26    2.8076E+27    3.0130E+27    3.1415E+27
    7.1000E+04    4.7878E+26    2.8110E+27    3.0162E+27    3.1439E+27
    7.1400E+04    4.7937E+26    2.8144E+27    3.0194E+27    3.1464E+27
    7.1800E+04    4.7996E+26    2.8178E+27    3.0226E+27    3.1488E+27
    7.2200E+04    4.8055E+26    2.8211E+27    3.0258E+27    3.1513E+27
    7.2600E+04    4.8113E+26    2.8245E+27    3.0289E+27    3.1537E+27
    7.3000E+04    4.8171E+26    2.8278E+27    3.0321E+27    3.1562E+27
    7.3400E+04    4.8228E+26    2.8311E+27    3.0352E+27    3.1586E+27
    7.3800E+04    4.8285E+26    2.8344E+27    3.0384E+27    3.1611E+27
    7.4200E+04    4.7720E+26    2.8017E+27    3.0044E+27    3.1263E+27
    7.4600E+04    4.7823E+26    2.8108E+27    3.0185E+27    3.1386E+27
    7.5000E+04    4.7832E+26    2.8081E+27    3.0102E+27    3.1293E+27
    7.5400E+04    4.7888E+26    2.8113E+27    3.0136E+27    3.1335E+27
    7.5800E+04    4.7944E+26    2.8145E+27    3.0167E+27    3.1362E+27
    7.6200E+04    4.7999E+26    2.8177E+27    3.0198E+27    3.1386E+27
    7.6600E+04    4.8054E+26    2.8208E+27    3.0228E+27    3.1410E+27
    7.7000E+04    4.8109E+26    2.8240E+27    3.0258E+27    3.1435E+27
    7.7400E+04    4.8163E+26    2.8271E+27    3.0288E+27    3.1459E+27
    7.7800E+04    4.8217E+26    2.8302E+27    3.0318E+27    3.1483E+27
    7.8200E+04    4.8271E+26    2.8333E+27    3.0348E+27    3.1507E+27
    7.8600E+04    4.8324E+26    2.8364E+27    3.0377E+27    3.1531E+27
    7.9000E+04    4.8378E+26    2.8394E+27    3.0407E+27    3.1555E+27
    7.9400E+04    4.8431E+26    2.8425E+27    3.0436E+27    3.1579E+27
    7.9800E+04    4.8483E+26    2.8455E+27    3.0466E+27    3.1603E+27
    8.0200E+04    4.8536E+26    2.8485E+27    3.0495E+27    3.1627E+27
    8.0600E+04    4.8588E+26    2.8515E+27    3.0524E+27    3.1651E+27
    8.1000E+04    4.8640E+26    2.8545E+27    3.0553E+27    3.1674E+27
    8.1400E+04    4.8692E+26    2.8575E+27    3.0582E+27    3.1698E+27
    8.1800E+04    4.8743E+26    2.8605E+27    3.0610E+27    3.1722E+27
    8.2200E+04    4.8795E+26    2.8634E+27    3.0639E+27    3.1746E+27
    8.2600E+04    4.8846E+26    2.8664E+27    3.0668E+27    3.1770E+27
    8.3000E+04    4.8896E+26    2.8693E+27    3.0696E+27    3.1793E+27
    8.3400E+04    4.8947E+26    2.8722E+27    3.0724E+27    3.1817E+27
    8.3800E+04    4.8997E+26    2.8751E+27    3.0753E+27    3.1841E+27
    8.4200E+04    4.9047E+26    2.8780E+27    3.0781E+27    3.1864E+27
    8.4600E+04    4.9097E+26    2.8809E+27    3.0809E+27    3.1888E+27
    8.5000E+04    4.9147E+26    2.8837E+27    3.0837E+27    3.1911E+27
    8.5400E+04    4.9196E+26    2.8866E+27    3.0865E+27    3.1935E+27
    8.5800E+04    4.9245E+26    2.8894E+27    3.0892E+27    3.1958E+27
    8.6200E+04    4.9294E+26    2.8922E+27    3.0920E+27    3.1981E+27
    8.6600E+04    4.9343E+26    2.8951E+27    3.0947E+27    3.2005E+27
    8.7000E+04    4.9392E+26    2.8979E+27    3.0975E+27    3.2028E+27
    8.7400E+04    4.9440E+26    2.9006E+27    3.1002E+27    3.2051E+27
    8.7800E+04    4.9488E+26    2.9034E+27    3.1029E+27    3.2074E+27
    8.8200E+04    4.9536E+26    2.9062E+27    3.1056E+27    3.2098E+27
    8.8600E+04    4.9584E+26    2.9089E+27    3.1083E+27    3.2121E+27
    8.9000E+04    4.9631E+26    2.9117E+27    3.1110E+27    3.2144E+27
    8.9400E+04    4.9679E+26    2.9144E+27    3.1137E+27    3.2167E+27
    8.9800E+04    4.9726E+26    2.9171E+27    3.1164E+27    3.2190E+27
    9.0200E+04    4.9773E+26    2.9198E+27    3.1191E+27    3.2213E+27
    9.0600E+04    4.9819E+26    2.9225E+27    3.1217E+27    3.2236E+27
    9.1000E+04    4.9866E+26    2.9252E+27    3.1244E+27    3.2259E+27
    9.1400E+04    4.9459E+26    2.9017E+27    3.1000E+27    3.2012E+27
    9.1800E+04    4.9505E+26    2.9043E+27    3.1027E+27    3.2035E+27
    9.2200E+04    4.9551E+26    2.9070E+27    3.1053E+27    3.2057E+27
    9.2600E+04    4.9596E+26    2.9096E+27    3.1079E+27    3.2080E+27
    9.3000E+04    4.9642E+26    2.9122E+27    3.1105E+27    3.2103E+27
    9.3400E+04    4.9687E+26    2.9148E+27    3.1130E+27    3.2125E+27
    9.3800E+04    4.9732E+26    2.9174E+27    3.1156E+27    3.2148E+27
    9.4200E+04    4.9777E+26    2.9200E+27    3.1182E+27    3.2170E+27
    9.4600E+04    4.9822E+26    2.9226E+27    3.1207E+27    3.2192E+27
    9.5000E+04    4.9866E+26    2.9252E+27    3.1233E+27    3.2215E+27
    9.5400E+04    4.9911E+26    2.9277E+27    3.1258E+27    3.2237E+27
    9.5800E+04    4.9955E+26    2.9303E+27    3.1283E+27    3.2259E+27
    9.6200E+04    4.9999E+26    2.9328E+27    3.1309E+27    3.2281E+27
    9.6600E+04    5.0042E+26    2.9354E+27    3.1334E+27    3.2304E+27
    9.7000E+04    5.0086E+26    2.9379E+27    3.1359E+27    3.2326E+27
    9.7400E+04    5.0130E+26    2.9404E+27    3.1384E+27    3.2348E+27
    9.7800E+04    5.0173E+26    2.9429E+27    3.1409E+27    3.2370E+27
    9.8200E+04    5.0216E+26    2.9454E+27    3.1433E+27    3.2392E+27
    9.8600E+04    5.0259E+26    2.9479E+27    3.1458E+27    3.2414E+27
    9.9000E+04    5.0302E+26    2.9504E+27    3.1483E+27    3.2436E+27
    9.9400E+04    5.0345E+26    2.9528E+27    3.1507E+27    3.2457E+27
    9.9800E+04    5.0387E+26    2.9553E+27    3.1532E+27    3.2479E+27
    1.0020E+05    5.0429E+26    2.9577E+27    3.1556E+27    3.2501E+27
    2.0000E+05    5.6970E+26    3.3376E+27    3.5430E+27    3.6148E+27
    4.0000E+05    6.4549E+26    3.7792E+27    4.0029E+27    4.0729E+27
    6.0000E+05    6.9419E+26    4.0629E+27    4.2995E+27    4.3713E+27
    8.0000E+05    7.3058E+26    4.2749E+27    4.5210E+27    4.5946E+27
    1.0000E+06    7.5963E+26    4.4441E+27    4.6978E+27    4.7730E+27
    1.2000E+06    7.8396E+26    4.5859E+27    4.8459E+27    4.9224E+27
    1.4000E+06    8.0485E+26    4.7075E+27    4.9730E+27    5.0506E+27
    1.6000E+06    8.2322E+26    4.8145E+27    5.0848E+27    5.1634E+27
