    9.0900E+01    2.6454E+24    1.8181E+25    2.7414E+25    3.2209E+25
    9.3500E+01    2.7782E+24    1.9094E+25    2.8791E+25    3.3826E+25
    9.6100E+01    2.9104E+24    2.0002E+25    3.0161E+25    3.5435E+25
    9.7700E+01    2.9913E+24    2.0559E+25    3.1000E+25    3.6421E+25
    9.9600E+01    3.0871E+24    2.1217E+25    3.1992E+25    3.7587E+25
    1.0200E+02    3.2073E+24    2.2043E+25    3.3237E+25    3.9051E+25
    1.0380E+02    3.2969E+24    2.2659E+25    3.4166E+25    4.0142E+25
    1.0560E+02    3.3861E+24    2.3272E+25    3.5090E+25    4.1227E+25
    1.0770E+02    3.4894E+24    2.3982E+25    3.6161E+25    4.2485E+25
    1.1040E+02    3.6212E+24    2.4888E+25    3.7527E+25    4.4090E+25
    1.1400E+02    3.7949E+24    2.6082E+25    3.9327E+25    4.6205E+25
    1.1780E+02    3.9758E+24    2.7325E+25    4.1201E+25    4.8407E+25
    1.2130E+02    4.1400E+24    2.8453E+25    4.2903E+25    5.0406E+25
    1.2480E+02    4.3018E+24    2.9566E+25    4.4580E+25    5.2377E+25
    1.2710E+02    4.4069E+24    3.0288E+25    4.5669E+25    5.3656E+25
    1.2840E+02    4.4658E+24    3.0693E+25    4.6280E+25    5.4374E+25
    1.3050E+02    4.5603E+24    3.1342E+25    4.7259E+25    5.5524E+25
    1.3240E+02    4.6451E+24    3.1925E+25    4.8137E+25    5.6556E+25
    1.3390E+02    4.7115E+24    3.2381E+25    4.8826E+25    5.7365E+25
    1.3660E+02    4.8299E+24    3.3195E+25    5.0053E+25    5.8807E+25
    1.3980E+02    4.9684E+24    3.4147E+25    5.1488E+25    6.0493E+25
    1.4330E+02    5.1176E+24    3.5172E+25    5.3034E+25    6.2310E+25
    1.4720E+02    5.2811E+24    3.6296E+25    5.4728E+25    6.4300E+25
    1.5100E+02    5.4376E+24    3.7371E+25    5.6350E+25    6.6205E+25
    1.5520E+02    5.6073E+24    3.8538E+25    5.8109E+25    6.8272E+25
    1.5880E+02    5.7502E+24    3.9520E+25    5.9590E+25    7.0012E+25
    1.6200E+02    5.8753E+24    4.0380E+25    6.0886E+25    7.1535E+25
    1.6600E+02    6.0290E+24    4.1436E+25    6.2479E+25    7.3406E+25
    1.7030E+02    6.1911E+24    4.2550E+25    6.4159E+25    7.5380E+25
    1.7340E+02    6.3060E+24    4.3340E+25    6.5349E+25    7.6778E+25
    1.7680E+02    6.4301E+24    4.4193E+25    6.6635E+25    7.8290E+25
    1.8020E+02    6.5523E+24    4.5032E+25    6.7902E+25    7.9777E+25
    1.8170E+02    6.6056E+24    4.5399E+25    6.8454E+25    8.0426E+25
    1.8610E+02    6.7599E+24    4.6459E+25    7.0053E+25    8.2305E+25
    1.9100E+02    6.9281E+24    4.7615E+25    7.1796E+25    8.4353E+25
    1.9390E+02    7.0259E+24    4.8288E+25    7.2810E+25    8.5544E+25
    1.9840E+02    7.1753E+24    4.9314E+25    7.4358E+25    8.7363E+25
    2.0180E+02    7.2861E+24    5.0076E+25    7.5507E+25    8.8712E+25
    2.0500E+02    7.3889E+24    5.0783E+25    7.6572E+25    8.9964E+25
    2.1050E+02    7.5624E+24    5.1975E+25    7.8369E+25    9.2076E+25
    2.1620E+02    7.7378E+24    5.3180E+25    8.0187E+25    9.4212E+25
    2.1980E+02    7.8464E+24    5.3927E+25    8.1313E+25    9.5534E+25
    2.2300E+02    7.9416E+24    5.4581E+25    8.2299E+25    9.6693E+25
    2.2680E+02    8.0529E+24    5.5346E+25    8.3453E+25    9.8049E+25
    2.3000E+02    8.1453E+24    5.5981E+25    8.4411E+25    9.9174E+25
    2.3400E+02    8.2591E+24    5.6763E+25    8.5590E+25    1.0056E+26
    2.4000E+02    8.4264E+24    5.7913E+25    8.7323E+25    1.0260E+26
    2.4650E+02    8.6031E+24    5.9127E+25    8.9154E+25    1.0475E+26
    2.5240E+02    8.7595E+24    6.0203E+25    9.0776E+25    1.0665E+26
    2.5680E+02    8.8739E+24    6.0988E+25    9.1961E+25    1.0804E+26
    2.6000E+02    8.9559E+24    6.1552E+25    9.2810E+25    1.0904E+26
    2.6400E+02    9.0569E+24    6.2246E+25    9.3857E+25    1.1027E+26
    2.6850E+02    9.1687E+24    6.3015E+25    9.5016E+25    1.1163E+26
    2.7350E+02    9.2908E+24    6.3854E+25    9.6281E+25    1.1312E+26
    2.7850E+02    9.4106E+24    6.4677E+25    9.7523E+25    1.1458E+26
    2.8400E+02    9.5399E+24    6.5566E+25    9.8863E+25    1.1615E+26
    2.9000E+02    9.6780E+24    6.6515E+25    1.0029E+26    1.1784E+26
    2.9600E+02    9.8133E+24    6.7444E+25    1.0170E+26    1.1948E+26
    3.0100E+02    9.9238E+24    6.8204E+25    1.0284E+26    1.2083E+26
    3.0800E+02    1.0075E+25    6.9246E+25    1.0441E+26    1.2267E+26
    3.1800E+02    1.0286E+25    7.0691E+25    1.0659E+26    1.2523E+26
    3.2800E+02    1.0489E+25    7.2090E+25    1.0870E+26    1.2771E+26
    3.3800E+02    1.0686E+25    7.3443E+25    1.1074E+26    1.3011E+26
    3.4800E+02    1.0877E+25    7.4755E+25    1.1272E+26    1.3243E+26
    3.5700E+02    1.1044E+25    7.5901E+25    1.1445E+26    1.3446E+26
    3.6600E+02    1.1206E+25    7.7016E+25    1.1613E+26    1.3644E+26
    3.7500E+02    1.1364E+25    7.8102E+25    1.1777E+26    1.3836E+26
    3.8500E+02    1.1535E+25    7.9276E+25    1.1954E+26    1.4044E+26
    3.9500E+02    1.1701E+25    8.0417E+25    1.2126E+26    1.4246E+26
    4.0500E+02    1.1862E+25    8.1527E+25    1.2293E+26    1.4443E+26
    4.1400E+02    1.2004E+25    8.2500E+25    1.2440E+26    1.4615E+26
    4.2200E+02    1.2127E+25    8.3345E+25    1.2567E+26    1.4765E+26
    4.3000E+02    1.2247E+25    8.4174E+25    1.2692E+26    1.4912E+26
    4.4100E+02    1.2409E+25    8.5285E+25    1.2860E+26    1.5109E+26
    4.5100E+02    1.2552E+25    8.6269E+25    1.3008E+26    1.5283E+26
    4.6000E+02    1.2678E+25    8.7133E+25    1.3138E+26    1.5436E+26
    4.7000E+02    1.2815E+25    8.8073E+25    1.3280E+26    1.5603E+26
    4.8000E+02    1.2948E+25    8.8990E+25    1.3418E+26    1.5765E+26
    4.9000E+02    1.3078E+25    8.9886E+25    1.3553E+26    1.5924E+26
    5.0000E+02    1.3206E+25    9.0761E+25    1.3685E+26    1.6079E+26
    5.0600E+02    1.3281E+25    9.1278E+25    1.3763E+26    1.6170E+26
    5.1200E+02    1.3355E+25    9.1787E+25    1.3840E+26    1.6261E+26
    5.2000E+02    1.3452E+25    9.2456E+25    1.3941E+26    1.6379E+26
    5.3000E+02    1.3572E+25    9.3275E+25    1.4064E+26    1.6524E+26
    5.4000E+02    1.3688E+25    9.4078E+25    1.4185E+26    1.6666E+26
    5.5000E+02    1.3803E+25    9.4864E+25    1.4304E+26    1.6806E+26
    5.6000E+02    1.3915E+25    9.5634E+25    1.4420E+26    1.6942E+26
    5.7000E+02    1.4025E+25    9.6389E+25    1.4534E+26    1.7076E+26
    5.8000E+02    1.4132E+25    9.7129E+25    1.4646E+26    1.7207E+26
    5.9000E+02    1.4238E+25    9.7855E+25    1.4755E+26    1.7336E+26
    6.0000E+02    1.4342E+25    9.8567E+25    1.4862E+26    1.7462E+26
    6.1000E+02    1.4443E+25    9.9266E+25    1.4968E+26    1.7586E+26
    6.2000E+02    1.4543E+25    9.9952E+25    1.5071E+26    1.7707E+26
    6.3000E+02    1.4641E+25    1.0063E+26    1.5173E+26    1.7827E+26
    6.4000E+02    1.4738E+25    1.0129E+26    1.5273E+26    1.7944E+26
    6.5000E+02    1.4832E+25    1.0194E+26    1.5371E+26    1.8059E+26
    6.5800E+02    1.4907E+25    1.0245E+26    1.5448E+26    1.8150E+26
    6.6500E+02    1.4971E+25    1.0289E+26    1.5515E+26    1.8228E+26
    6.7500E+02    1.5062E+25    1.0352E+26    1.5609E+26    1.8338E+26
    6.8500E+02    1.5151E+25    1.0413E+26    1.5701E+26    1.8447E+26
    6.9500E+02    1.5239E+25    1.0473E+26    1.5792E+26    1.8554E+26
    7.0500E+02    1.5325E+25    1.0532E+26    1.5881E+26    1.8659E+26
    7.1600E+02    1.5418E+25    1.0597E+26    1.5978E+26    1.8772E+26
    7.2600E+02    1.5502E+25    1.0654E+26    1.6064E+26    1.8874E+26
    7.3500E+02    1.5576E+25    1.0705E+26    1.6141E+26    1.8964E+26
    7.4500E+02    1.5657E+25    1.0760E+26    1.6225E+26    1.9063E+26
    7.5500E+02    1.5736E+25    1.0815E+26    1.6308E+26    1.9160E+26
    7.6500E+02    1.5815E+25    1.0869E+26    1.6389E+26    1.9256E+26
    7.7500E+02    1.5893E+25    1.0923E+26    1.6470E+26    1.9350E+26
    7.8500E+02    1.5969E+25    1.0975E+26    1.6549E+26    1.9443E+26
    7.9500E+02    1.6044E+25    1.1027E+26    1.6627E+26    1.9535E+26
    8.0500E+02    1.6119E+25    1.1078E+26    1.6704E+26    1.9625E+26
    8.1500E+02    1.6192E+25    1.1128E+26    1.6780E+26    1.9714E+26
    8.2500E+02    1.6264E+25    1.1178E+26    1.6854E+26    1.9802E+26
    8.3500E+02    1.6335E+25    1.1227E+26    1.6928E+26    1.9889E+26
    8.4500E+02    1.6405E+25    1.1275E+26    1.7001E+26    1.9975E+26
    8.5500E+02    1.6475E+25    1.1323E+26    1.7073E+26    2.0059E+26
    8.6500E+02    1.6543E+25    1.1370E+26    1.7144E+26    2.0142E+26
    8.7500E+02    1.6611E+25    1.1416E+26    1.7214E+26    2.0225E+26
    8.8500E+02    1.6678E+25    1.1462E+26    1.7283E+26    2.0306E+26
    8.9500E+02    1.6743E+25    1.1507E+26    1.7351E+26    2.0386E+26
    9.0500E+02    1.6808E+25    1.1552E+26    1.7419E+26    2.0465E+26
    9.1500E+02    4.9482E+26    4.2262E+27    5.2818E+27    5.3135E+27
    9.2500E+02    6.7625E+26    6.0001E+27    8.3838E+27    8.4332E+27
    9.3500E+02    8.2890E+26    7.2280E+27    1.1430E+28    1.1540E+28
    9.4500E+02    9.1085E+26    7.9085E+27    1.3825E+28    1.4144E+28
    9.5500E+02    9.3237E+26    8.1096E+27    1.4933E+28    1.5563E+28
    9.6500E+02    9.5255E+26    8.3173E+27    1.6344E+28    1.7422E+28
    9.7500E+02    8.4131E+26    7.3475E+27    1.1736E+28    1.1931E+28
    9.8500E+02    9.5615E+26    8.3951E+27    1.7511E+28    1.9703E+28
    9.9500E+02    9.4359E+26    8.3107E+27    1.7776E+28    2.0781E+28
    1.0050E+03    9.4841E+26    8.3634E+27    1.7930E+28    2.0816E+28
    1.0150E+03    9.2873E+26    8.1920E+27    1.6859E+28    1.8641E+28
    1.0250E+03    5.2262E+26    4.8110E+27    6.6129E+27    6.6889E+27
    1.0350E+03    9.0860E+26    8.0365E+27    1.6287E+28    1.7789E+28
    1.0450E+03    9.1712E+26    8.1397E+27    1.7499E+28    2.0413E+28
    1.0550E+03    9.1378E+26    8.1274E+27    1.7798E+28    2.1273E+28
    1.0650E+03    9.0721E+26    8.0823E+27    1.7776E+28    2.1432E+28
    1.0750E+03    8.9979E+26    8.0284E+27    1.7693E+28    2.1438E+28
    1.0850E+03    2.6986E+26    2.2340E+27    5.8173E+27    9.0683E+27
    1.0950E+03    8.8507E+26    7.9188E+27    1.7488E+28    2.1296E+28
    1.1050E+03    8.7795E+26    7.8650E+27    1.7377E+28    2.1186E+28
    1.1150E+03    8.7068E+26    7.8100E+27    1.7264E+28    2.1073E+28
    1.1250E+03    8.6349E+26    7.7547E+27    1.7146E+28    2.0939E+28
    1.1350E+03    8.5636E+26    7.6997E+27    1.7030E+28    2.0812E+28
    1.1450E+03    8.4928E+26    7.6449E+27    1.6909E+28    2.0661E+28
    1.1550E+03    8.4232E+26    7.5904E+27    1.6789E+28    2.0501E+28
    1.1650E+03    8.3510E+26    7.5333E+27    1.6641E+28    2.0276E+28
    1.1750E+03    8.2783E+26    7.4750E+27    1.6471E+28    1.9969E+28
    1.1850E+03    8.2022E+26    7.4125E+27    1.6269E+28    1.9567E+28
    1.1950E+03    8.1096E+26    7.3337E+27    1.5904E+28    1.8721E+28
    1.2050E+03    7.9436E+26    7.1823E+27    1.4936E+28    1.6633E+28
    1.2150E+03    4.4455E+26    4.2259E+27    6.1758E+27    6.2970E+27
    1.2250E+03    8.1329E+26    7.2728E+27    1.4758E+28    1.6237E+28
    1.2350E+03    8.5129E+26    7.5467E+27    1.5896E+28    1.8613E+28
    1.2450E+03    8.7629E+26    7.7064E+27    1.6267E+28    1.9503E+28
    1.2550E+03    8.9642E+26    7.8277E+27    1.6446E+28    1.9919E+28
    1.2650E+03    9.1332E+26    7.9265E+27    1.6550E+28    2.0136E+28
    1.2750E+03    9.2778E+26    8.0093E+27    1.6621E+28    2.0285E+28
    1.2850E+03    9.4019E+26    8.0780E+27    1.6667E+28    2.0378E+28
    1.2950E+03    9.5082E+26    8.1352E+27    1.6690E+28    2.0425E+28
    1.3050E+03    9.5993E+26    8.1825E+27    1.6700E+28    2.0452E+28
    1.3150E+03    9.6771E+26    8.2215E+27    1.6699E+28    2.0471E+28
    1.3250E+03    9.7423E+26    8.2523E+27    1.6689E+28    2.0471E+28
    1.3350E+03    9.7967E+26    8.2758E+27    1.6663E+28    2.0420E+28
    1.3450E+03    9.8435E+26    8.2946E+27    1.6646E+28    2.0440E+28
    1.3550E+03    9.8816E+26    8.3078E+27    1.6617E+28    2.0414E+28
    1.3650E+03    9.9113E+26    8.3160E+27    1.6581E+28    2.0382E+28
    1.3750E+03    9.9348E+26    8.3198E+27    1.6542E+28    2.0344E+28
    1.3850E+03    9.9523E+26    8.3198E+27    1.6497E+28    2.0299E+28
    1.3950E+03    9.9646E+26    8.3163E+27    1.6450E+28    2.0251E+28
    1.4050E+03    9.9716E+26    8.3098E+27    1.6399E+28    2.0198E+28
    1.4150E+03    9.9760E+26    8.3018E+27    1.6348E+28    2.0147E+28
    1.4250E+03    9.9758E+26    8.2906E+27    1.6293E+28    2.0090E+28
    1.4350E+03    9.9719E+26    8.2771E+27    1.6235E+28    2.0030E+28
    1.4420E+03    9.9676E+26    8.2667E+27    1.6195E+28    1.9989E+28
    1.4470E+03    9.9637E+26    8.2588E+27    1.6165E+28    1.9956E+28
    1.4550E+03    9.9559E+26    8.2450E+27    1.6117E+28    1.9908E+28
    1.4650E+03    9.9441E+26    8.2266E+27    1.6055E+28    1.9840E+28
    1.4750E+03    9.9306E+26    8.2071E+27    1.5993E+28    1.9777E+28
    1.4850E+03    9.9147E+26    8.1861E+27    1.5929E+28    1.9710E+28
    1.4950E+03    9.8972E+26    8.1641E+27    1.5864E+28    1.9643E+28
    1.5050E+03    9.8785E+26    8.1414E+27    1.5800E+28    1.9575E+28
    1.5120E+03    9.8642E+26    8.1247E+27    1.5754E+28    1.9527E+28
    1.5170E+03    9.8539E+26    8.1128E+27    1.5720E+28    1.9489E+28
    1.5250E+03    9.8367E+26    8.0933E+27    1.5669E+28    1.9437E+28
    1.5350E+03    9.8147E+26    8.0686E+27    1.5603E+28    1.9367E+28
    1.5450E+03    9.7909E+26    8.0428E+27    1.5535E+28    1.9296E+28
    1.5550E+03    9.7671E+26    8.0169E+27    1.5470E+28    1.9230E+28
    1.5650E+03    9.7433E+26    7.9914E+27    1.5404E+28    1.9159E+28
    1.5750E+03    9.7183E+26    7.9650E+27    1.5338E+28    1.9093E+28
    1.5850E+03    9.6929E+26    7.9384E+27    1.5272E+28    1.9023E+28
    1.5950E+03    9.6669E+26    7.9113E+27    1.5206E+28    1.8953E+28
    1.6050E+03    9.6406E+26    7.8843E+27    1.5139E+28    1.8878E+28
    1.6150E+03    9.6143E+26    7.8572E+27    1.5074E+28    1.8813E+28
    1.6250E+03    9.5872E+26    7.8296E+27    1.5007E+28    1.8743E+28
    1.6350E+03    9.5439E+26    7.7891E+27    1.4915E+28    1.8647E+28
    1.6450E+03    9.5056E+26    7.7522E+27    1.4829E+28    1.8560E+28
    1.6550E+03    9.5077E+26    7.7484E+27    1.4813E+28    1.8538E+28
    1.6650E+03    9.4826E+26    7.7226E+27    1.4753E+28    1.8481E+28
    1.6720E+03    9.4640E+26    7.7038E+27    1.4707E+28    1.8424E+28
    1.6770E+03    9.4513E+26    7.6907E+27    1.4678E+28    1.8402E+28
    1.6850E+03    9.4305E+26    7.6696E+27    1.4627E+28    1.8349E+28
    1.6950E+03    9.4045E+26    7.6432E+27    1.4565E+28    1.8284E+28
    1.7050E+03    9.3788E+26    7.6170E+27    1.4503E+28    1.8217E+28
    1.7150E+03    9.3535E+26    7.5911E+27    1.4442E+28    1.8152E+28
    1.7250E+03    9.3282E+26    7.5654E+27    1.4382E+28    1.8087E+28
    1.7350E+03    9.3034E+26    7.5400E+27    1.4321E+28    1.8023E+28
    1.7450E+03    9.2787E+26    7.5147E+27    1.4261E+28    1.7959E+28
    1.7550E+03    9.2544E+26    7.4896E+27    1.4202E+28    1.7895E+28
    1.7650E+03    9.2304E+26    7.4649E+27    1.4144E+28    1.7832E+28
    1.7750E+03    9.2069E+26    7.4405E+27    1.4085E+28    1.7770E+28
    1.7850E+03    9.1839E+26    7.4165E+27    1.4029E+28    1.7709E+28
    1.7950E+03    9.1610E+26    7.3926E+27    1.3972E+28    1.7647E+28
    1.8050E+03    9.1388E+26    7.3693E+27    1.3917E+28    1.7592E+28
    1.8150E+03    9.1167E+26    7.3461E+27    1.3861E+28    1.7532E+28
    1.8250E+03    9.0953E+26    7.3233E+27    1.3806E+28    1.7472E+28
    1.8350E+03    9.0742E+26    7.3010E+27    1.3752E+28    1.7414E+28
    1.8450E+03    9.0536E+26    7.2788E+27    1.3699E+28    1.7357E+28
    1.8550E+03    9.0334E+26    7.2571E+27    1.3646E+28    1.7298E+28
    1.8650E+03    9.0137E+26    7.2356E+27    1.3594E+28    1.7243E+28
    1.8750E+03    8.9942E+26    7.2143E+27    1.3542E+28    1.7187E+28
    1.8850E+03    8.9758E+26    7.1939E+27    1.3491E+28    1.7133E+28
    1.8950E+03    8.9573E+26    7.1734E+27    1.3441E+28    1.7078E+28
    1.9050E+03    8.9395E+26    7.1535E+27    1.3391E+28    1.7024E+28
    1.9150E+03    8.9223E+26    7.1340E+27    1.3343E+28    1.6972E+28
    1.9250E+03    8.9054E+26    7.1146E+27    1.3294E+28    1.6920E+28
    1.9350E+03    8.8890E+26    7.0959E+27    1.3247E+28    1.6867E+28
    1.9450E+03    8.8730E+26    7.0773E+27    1.3200E+28    1.6817E+28
    1.9550E+03    8.8577E+26    7.0593E+27    1.3153E+28    1.6767E+28
    1.9670E+03    8.8398E+26    7.0380E+27    1.3098E+28    1.6707E+28
    1.9760E+03    8.8268E+26    7.0221E+27    1.3058E+28    1.6663E+28
    1.9840E+03    8.8158E+26    7.0087E+27    1.3022E+28    1.6625E+28
    1.9950E+03    8.8009E+26    6.9903E+27    1.2974E+28    1.6572E+28
    2.0050E+03    8.7878E+26    6.9739E+27    1.2931E+28    1.6525E+28
    2.0150E+03    8.7754E+26    6.9581E+27    1.2888E+28    1.6479E+28
    2.0250E+03    8.7634E+26    6.9426E+27    1.2846E+28    1.6433E+28
    2.0350E+03    8.7519E+26    6.9274E+27    1.2805E+28    1.6388E+28
    2.0450E+03    8.7409E+26    6.9126E+27    1.2764E+28    1.6344E+28
    2.0550E+03    8.8056E+26    6.9765E+27    1.2831E+28    1.6406E+28
    2.0650E+03    8.7979E+26    6.9643E+27    1.2795E+28    1.6367E+28
    2.0740E+03    8.7968E+26    6.9582E+27    1.2771E+28    1.6340E+28
    2.0780E+03    8.7937E+26    6.9534E+27    1.2757E+28    1.6324E+28
    2.0850E+03    8.7869E+26    6.9437E+27    1.2729E+28    1.6294E+28
    2.0950E+03    8.7610E+26    6.9131E+27    1.2668E+28    1.6229E+28
    2.1050E+03    8.7313E+26    6.8779E+27    1.2597E+28    1.6154E+28
    2.1150E+03    8.6984E+26    6.8375E+27    1.2521E+28    1.6075E+28
    2.1250E+03    8.6337E+26    6.7237E+27    1.2362E+28    1.5913E+28
    2.1350E+03    8.6250E+26    6.7517E+27    1.2366E+28    1.5913E+28
    2.1450E+03    8.7099E+26    6.8470E+27    1.2477E+28    1.6021E+28
    2.1550E+03    8.7187E+26    6.8469E+27    1.2457E+28    1.5997E+28
    2.1650E+03    8.5256E+26    6.6481E+27    1.2163E+28    1.5699E+28
    2.1750E+03    8.7171E+26    6.8320E+27    1.2398E+28    1.5931E+28
    2.1850E+03    8.6210E+26    6.7516E+27    1.2262E+28    1.5792E+28
    2.1950E+03    8.7053E+26    6.8098E+27    1.2329E+28    1.5855E+28
    2.2050E+03    8.7050E+26    6.8029E+27    1.2301E+28    1.5824E+28
    2.2150E+03    8.2636E+26    6.3271E+27    1.1645E+28    1.5165E+28
    2.2250E+03    8.6971E+26    6.7836E+27    1.2236E+28    1.5752E+28
    2.2350E+03    8.6963E+26    6.7761E+27    1.2207E+28    1.5720E+28
    2.2450E+03    8.6901E+26    6.7651E+27    1.2173E+28    1.5683E+28
    2.2550E+03    8.4946E+26    6.6043E+27    1.1924E+28    1.5430E+28
    2.2650E+03    8.6896E+26    6.7514E+27    1.2117E+28    1.5620E+28
    2.2750E+03    8.6892E+26    6.7444E+27    1.2089E+28    1.5589E+28
    2.2850E+03    8.6885E+26    6.7370E+27    1.2060E+28    1.5557E+28
    2.2950E+03    8.6874E+26    6.7299E+27    1.2032E+28    1.5526E+28
    2.3050E+03    8.5370E+26    6.6205E+27    1.1857E+28    1.5348E+28
    2.3150E+03    8.6841E+26    6.7142E+27    1.1974E+28    1.5462E+28
    2.3250E+03    8.6894E+26    6.7112E+27    1.1951E+28    1.5428E+28
    2.3350E+03    8.6909E+26    6.7058E+27    1.1926E+28    1.5407E+28
    2.3450E+03    8.6925E+26    6.7004E+27    1.1901E+28    1.5377E+28
    2.3550E+03    8.6948E+26    6.6954E+27    1.1876E+28    1.5352E+28
    2.3650E+03    8.6968E+26    6.6905E+27    1.1851E+28    1.5322E+28
    2.3750E+03    8.6982E+26    6.6851E+27    1.1826E+28    1.5295E+28
    2.3850E+03    8.4192E+26    6.4656E+27    1.1495E+28    1.4959E+28
    2.3950E+03    8.7036E+26    6.6760E+27    1.1778E+28    1.5240E+28
    2.4050E+03    8.7107E+26    6.6745E+27    1.1759E+28    1.5218E+28
    2.4150E+03    8.7156E+26    6.6716E+27    1.1737E+28    1.5194E+28
    2.4250E+03    8.7205E+26    6.6687E+27    1.1716E+28    1.5171E+28
    2.4350E+03    8.7257E+26    6.6660E+27    1.1695E+28    1.5147E+28
    2.4450E+03    8.7312E+26    6.6636E+27    1.1674E+28    1.5124E+28
    2.4550E+03    8.7371E+26    6.6616E+27    1.1654E+28    1.5101E+28
    2.4650E+03    8.7434E+26    6.6596E+27    1.1635E+28    1.5079E+28
    2.4750E+03    8.7500E+26    6.6580E+27    1.1615E+28    1.5056E+28
    2.4850E+03    8.7569E+26    6.6567E+27    1.1596E+28    1.5035E+28
    2.4950E+03    8.7637E+26    6.6550E+27    1.1577E+28    1.5012E+28
    2.5050E+03    8.7653E+26    6.6499E+27    1.1553E+28    1.4986E+28
    2.5130E+03    8.4548E+26    6.4089E+27    1.1203E+28    1.4634E+28
    2.5180E+03    8.7733E+26    6.6476E+27    1.1528E+28    1.4958E+28
    2.5250E+03    8.7865E+26    6.6527E+27    1.1523E+28    1.4951E+28
    2.5350E+03    8.7962E+26    6.6534E+27    1.1508E+28    1.4933E+28
    2.5450E+03    8.8054E+26    6.6539E+27    1.1492E+28    1.4914E+28
    2.5550E+03    8.8147E+26    6.6542E+27    1.1476E+28    1.4896E+28
    2.5650E+03    8.8246E+26    6.6551E+27    1.1460E+28    1.4878E+28
    2.5750E+03    8.8345E+26    6.6561E+27    1.1445E+28    1.4860E+28
    2.5850E+03    8.8449E+26    6.6573E+27    1.1430E+28    1.4843E+28
    2.5950E+03    8.8554E+26    6.6586E+27    1.1416E+28    1.4826E+28
    2.6050E+03    8.8687E+26    6.6631E+27    1.1421E+28    1.4834E+28
    2.6150E+03    8.8799E+26    6.6649E+27    1.1407E+28    1.4817E+28
    2.6250E+03    8.8914E+26    6.6671E+27    1.1393E+28    1.4802E+28
    2.6350E+03    8.9033E+26    6.6693E+27    1.1380E+28    1.4786E+28
    2.6450E+03    8.9156E+26    6.6719E+27    1.1368E+28    1.4774E+28
    2.6550E+03    8.9279E+26    6.6748E+27    1.1356E+28    1.4759E+28
    2.6650E+03    8.9407E+26    6.6778E+27    1.1343E+28    1.4744E+28
    2.6750E+03    8.9536E+26    6.6811E+27    1.1332E+28    1.4729E+28
    2.6850E+03    8.9670E+26    6.6846E+27    1.1321E+28    1.4719E+28
    2.6950E+03    8.9805E+26    6.6882E+27    1.1309E+28    1.4701E+28
    2.7050E+03    8.9944E+26    6.6922E+27    1.1299E+28    1.4692E+28
    2.7150E+03    9.0080E+26    6.6958E+27    1.1288E+28    1.4678E+28
    2.7250E+03    9.0196E+26    6.6981E+27    1.1274E+28    1.4659E+28
    2.7350E+03    8.7339E+26    6.4596E+27    1.0933E+28    1.4319E+28
    2.7450E+03    9.0502E+26    6.7083E+27    1.1257E+28    1.4639E+28
    2.7550E+03    9.0672E+26    6.7144E+27    1.1250E+28    1.4629E+28
    2.7650E+03    9.0828E+26    6.7196E+27    1.1240E+28    1.4615E+28
    2.7750E+03    9.0987E+26    6.7251E+27    1.1233E+28    1.4610E+28
    2.7850E+03    9.1147E+26    6.7307E+27    1.1225E+28    1.4599E+28
    2.7950E+03    9.1308E+26    6.7362E+27    1.1215E+28    1.4580E+28
    2.8050E+03    9.1473E+26    6.7421E+27    1.1208E+28    1.4573E+28
    2.8150E+03    9.1641E+26    6.7484E+27    1.1202E+28    1.4570E+28
    2.8250E+03    9.1808E+26    6.7544E+27    1.1194E+28    1.4555E+28
    2.8350E+03    9.1981E+26    6.7610E+27    1.1188E+28    1.4551E+28
    2.8450E+03    9.2155E+26    6.7677E+27    1.1182E+28    1.4544E+28
    2.8550E+03    9.2331E+26    6.7744E+27    1.1176E+28    1.4535E+28
    2.8650E+03    9.2511E+26    6.7815E+27    1.1171E+28    1.4528E+28
    2.8750E+03    9.2691E+26    6.7886E+27    1.1165E+28    1.4520E+28
    2.8850E+03    9.2874E+26    6.7960E+27    1.1160E+28    1.4513E+28
    2.8950E+03    9.3060E+26    6.8035E+27    1.1155E+28    1.4506E+28
    2.9100E+03    9.3341E+26    6.8150E+27    1.1148E+28    1.4496E+28
    2.9300E+03    9.3726E+26    6.8311E+27    1.1141E+28    1.4483E+28
    2.9500E+03    9.4117E+26    6.8477E+27    1.1132E+28    1.4468E+28
    2.9700E+03    9.4517E+26    6.8651E+27    1.1127E+28    1.4462E+28
    2.9900E+03    9.4926E+26    6.8830E+27    1.1122E+28    1.4452E+28
    3.0100E+03    9.5342E+26    6.9016E+27    1.1118E+28    1.4445E+28
    3.0300E+03    9.5765E+26    6.9207E+27    1.1115E+28    1.4437E+28
    3.0500E+03    9.6196E+26    6.9404E+27    1.1113E+28    1.4431E+28
    3.0700E+03    9.6635E+26    6.9607E+27    1.1112E+28    1.4426E+28
    3.0900E+03    9.7080E+26    6.9815E+27    1.1112E+28    1.4421E+28
    3.1100E+03    9.7532E+26    7.0029E+27    1.1112E+28    1.4418E+28
    3.1300E+03    9.7994E+26    7.0252E+27    1.1117E+28    1.4420E+28
    3.1500E+03    9.8459E+26    7.0476E+27    1.1119E+28    1.4417E+28
    3.1700E+03    9.8930E+26    7.0705E+27    1.1122E+28    1.4417E+28
    3.1900E+03    9.9378E+26    7.0910E+27    1.1113E+28    1.4398E+28
    3.2100E+03    9.9788E+26    7.1107E+27    1.1121E+28    1.4409E+28
    3.2300E+03    1.0038E+27    7.1419E+27    1.1136E+28    1.4419E+28
    3.2500E+03    1.0088E+27    7.1669E+27    1.1142E+28    1.4422E+28
    3.2700E+03    1.0138E+27    7.1921E+27    1.1149E+28    1.4425E+28
    3.2900E+03    1.0188E+27    7.2177E+27    1.1157E+28    1.4428E+28
    3.3100E+03    1.0239E+27    7.2437E+27    1.1165E+28    1.4433E+28
    3.3300E+03    1.0291E+27    7.2702E+27    1.1174E+28    1.4438E+28
    3.3500E+03    1.0343E+27    7.2971E+27    1.1184E+28    1.4443E+28
    3.3700E+03    1.0396E+27    7.3243E+27    1.1194E+28    1.4450E+28
    3.3900E+03    1.0449E+27    7.3519E+27    1.1205E+28    1.4458E+28
    3.4100E+03    1.0502E+27    7.3799E+27    1.1217E+28    1.4465E+28
    3.4300E+03    1.0559E+27    7.4120E+27    1.1252E+28    1.4500E+28
    3.4500E+03    1.0614E+27    7.4406E+27    1.1264E+28    1.4508E+28
    3.4700E+03    1.0668E+27    7.4697E+27    1.1278E+28    1.4519E+28
    3.4900E+03    1.0724E+27    7.4990E+27    1.1292E+28    1.4529E+28
    3.5100E+03    1.0779E+27    7.5287E+27    1.1306E+28    1.4540E+28
    3.5300E+03    1.0835E+27    7.5587E+27    1.1321E+28    1.4551E+28
    3.5500E+03    1.0891E+27    7.5889E+27    1.1336E+28    1.4562E+28
    3.5700E+03    1.0948E+27    7.6195E+27    1.1352E+28    1.4575E+28
    3.5900E+03    1.1005E+27    7.6503E+27    1.1368E+28    1.4585E+28
    3.6100E+03    1.1062E+27    7.6815E+27    1.1385E+28    1.4599E+28
    3.6300E+03    1.1120E+27    7.7128E+27    1.1402E+28    1.4611E+28
    3.6400E+03    1.1148E+27    7.7283E+27    1.1411E+28    1.4619E+28
    3.6500E+03    4.9905E+26    3.8086E+27    7.1118E+27    1.0340E+28
    3.6700E+03    4.9784E+26    3.7963E+27    7.0787E+27    1.0292E+28
    3.6900E+03    4.9799E+26    3.8062E+27    7.1343E+27    1.0254E+28
    3.7100E+03    4.9980E+26    3.8293E+27    7.2610E+27    1.0458E+28
    3.7300E+03    5.0106E+26    3.8398E+27    7.3242E+27    1.0564E+28
    3.7500E+03    5.0093E+26    3.8315E+27    7.3404E+27    1.0969E+28
    3.7700E+03    4.9885E+26    3.8024E+27    7.2087E+27    1.0876E+28
    3.7900E+03    4.9764E+26    3.7836E+27    7.1901E+27    1.1287E+28
    3.8100E+03    4.9680E+26    3.7680E+27    7.2004E+27    1.1755E+28
    3.8300E+03    4.9269E+26    3.7228E+27    6.9452E+27    1.0835E+28
    3.8500E+03    4.8839E+26    3.6586E+27    6.9191E+27    1.1798E+28
    3.8700E+03    5.0844E+26    3.9009E+27    8.0929E+27    1.3830E+28
    3.8900E+03    4.6196E+26    3.3327E+27    5.8124E+27    9.2197E+27
    3.9100E+03    5.0760E+26    3.8865E+27    8.0508E+27    1.3827E+28
    3.9300E+03    5.0821E+26    3.8902E+27    8.1763E+27    1.4320E+28
    3.9500E+03    5.0663E+26    3.8717E+27    8.0089E+27    1.3783E+28
    3.9700E+03    4.6546E+26    3.4207E+27    6.0586E+27    9.5154E+27
    3.9900E+03    5.0478E+26    3.8478E+27    7.8861E+27    1.3491E+28
    4.0100E+03    5.0709E+26    3.8679E+27    8.0843E+27    1.4188E+28
    4.0300E+03    5.0448E+26    3.8384E+27    8.0468E+27    1.4149E+28
    4.0500E+03    5.0648E+26    3.8559E+27    8.0524E+27    1.4171E+28
    4.0700E+03    5.0515E+26    3.8397E+27    7.9507E+27    1.3895E+28
    4.0900E+03    4.9821E+26    3.7691E+27    7.4608E+27    1.2341E+28
    4.1100E+03    4.8924E+26    3.6807E+27    6.9445E+27    1.0933E+28
    4.1300E+03    5.0314E+26    3.8110E+27    7.8082E+27    1.3558E+28
    4.1500E+03    5.0396E+26    3.8160E+27    7.8756E+27    1.3824E+28
    4.1700E+03    5.0388E+26    3.8122E+27    7.8719E+27    1.3854E+28
    4.1900E+03    5.0321E+26    3.8035E+27    7.8426E+27    1.3815E+28
    4.2100E+03    5.0257E+26    3.7949E+27    7.8100E+27    1.3759E+28
    4.2300E+03    5.0282E+26    3.7925E+27    7.7844E+27    1.3703E+28
    4.2500E+03    5.0244E+26    3.7856E+27    7.7505E+27    1.3632E+28
    4.2700E+03    5.0204E+26    3.7785E+27    7.7137E+27    1.3550E+28
    4.2900E+03    5.0152E+26    3.7701E+27    7.6665E+27    1.3432E+28
    4.3100E+03    5.0036E+26    3.7556E+27    7.5680E+27    1.3141E+28
    4.3300E+03    4.9305E+26    3.6808E+27    7.0501E+27    1.1509E+28
    4.3500E+03    4.8847E+26    3.6339E+27    6.7664E+27    1.0722E+28
    4.3700E+03    4.9935E+26    3.7358E+27    7.4618E+27    1.2903E+28
    4.3900E+03    5.0020E+26    3.7409E+27    7.5172E+27    1.3117E+28
    4.4100E+03    5.0031E+26    3.7388E+27    7.5159E+27    1.3160E+28
    4.4300E+03    5.0021E+26    3.7345E+27    7.4951E+27    1.3125E+28
    4.4500E+03    5.0010E+26    3.7301E+27    7.4739E+27    1.3090E+28
    4.4700E+03    4.9819E+26    3.7063E+27    7.3068E+27    1.2791E+28
    4.4900E+03    4.9986E+26    3.7212E+27    7.4248E+27    1.2993E+28
    4.5100E+03    4.9976E+26    3.7167E+27    7.3998E+27    1.2943E+28
    4.5300E+03    4.9947E+26    3.7109E+27    7.3730E+27    1.2890E+28
    4.5500E+03    4.9857E+26    3.7009E+27    7.3407E+27    1.2832E+28
    4.5700E+03    4.9950E+26    3.7041E+27    7.3259E+27    1.2791E+28
    4.5900E+03    4.9945E+26    3.7001E+27    7.3018E+27    1.2741E+28
    4.6100E+03    4.9940E+26    3.6963E+27    7.2781E+27    1.2692E+28
    4.6300E+03    4.9937E+26    3.6925E+27    7.2546E+27    1.2643E+28
    4.6500E+03    4.9935E+26    3.6889E+27    7.2313E+27    1.2595E+28
    4.6700E+03    4.9926E+26    3.6848E+27    7.2077E+27    1.2545E+28
    4.6900E+03    4.9498E+26    3.6472E+27    7.1402E+27    1.2452E+28
    4.7100E+03    4.9928E+26    3.6779E+27    7.1570E+27    1.2426E+28
    4.7300E+03    4.9940E+26    3.6755E+27    7.1404E+27    1.2400E+28
    4.7500E+03    4.9942E+26    3.6723E+27    7.1160E+27    1.2347E+28
    4.7700E+03    4.9944E+26    3.6689E+27    7.0909E+27    1.2287E+28
    4.7900E+03    4.9943E+26    3.6654E+27    7.0633E+27    1.2219E+28
    4.8100E+03    4.9930E+26    3.6605E+27    7.0253E+27    1.2115E+28
    4.8300E+03    4.9862E+26    3.6503E+27    6.9436E+27    1.1863E+28
    4.8500E+03    4.9324E+26    3.5942E+27    6.5509E+27    1.0631E+28
    4.8700E+03    4.8724E+26    3.5305E+27    6.2089E+27    9.7024E+27
    4.8900E+03    4.9850E+26    3.6384E+27    6.8478E+27    1.1616E+28
    4.9100E+03    4.9982E+26    3.6480E+27    6.9197E+27    1.1880E+28
    4.9300E+03    5.0019E+26    3.6480E+27    6.9178E+27    1.1886E+28
    4.9500E+03    5.0051E+26    3.6477E+27    6.9125E+27    1.1901E+28
    4.9700E+03    5.0073E+26    3.6464E+27    6.8980E+27    1.1875E+28
    4.9900E+03    5.0094E+26    3.6448E+27    6.8823E+27    1.1842E+28
    5.0100E+03    5.0111E+26    3.6429E+27    6.8613E+27    1.1785E+28
    5.0300E+03    5.0135E+26    3.6417E+27    6.8481E+27    1.1767E+28
    5.0500E+03    5.0131E+26    3.6374E+27    6.8093E+27    1.1696E+28
    5.0700E+03    5.0179E+26    3.6389E+27    6.8135E+27    1.1690E+28
    5.0900E+03    5.0202E+26    3.6375E+27    6.7964E+27    1.1651E+28
    5.1100E+03    5.0225E+26    3.6363E+27    6.7796E+27    1.1613E+28
    5.1300E+03    5.0251E+26    3.6351E+27    6.7630E+27    1.1575E+28
    5.1500E+03    5.0275E+26    3.6340E+27    6.7465E+27    1.1538E+28
    5.1700E+03    5.0302E+26    3.6330E+27    6.7304E+27    1.1501E+28
    5.1900E+03    5.0328E+26    3.6321E+27    6.7144E+27    1.1464E+28
    5.2100E+03    5.0357E+26    3.6312E+27    6.6987E+27    1.1428E+28
    5.2300E+03    5.0385E+26    3.6304E+27    6.6831E+27    1.1392E+28
    5.2500E+03    5.0415E+26    3.6297E+27    6.6678E+27    1.1357E+28
    5.2700E+03    5.0445E+26    3.6291E+27    6.6528E+27    1.1321E+28
    5.2900E+03    5.0476E+26    3.6285E+27    6.6378E+27    1.1286E+28
    5.3100E+03    5.0508E+26    3.6281E+27    6.6231E+27    1.1252E+28
    5.3300E+03    5.0540E+26    3.6275E+27    6.6086E+27    1.1218E+28
    5.3500E+03    5.0573E+26    3.6272E+27    6.5944E+27    1.1184E+28
    5.3700E+03    5.0607E+26    3.6269E+27    6.5802E+27    1.1150E+28
    5.3900E+03    5.0637E+26    3.6265E+27    6.5659E+27    1.1117E+28
    5.4100E+03    5.0328E+26    3.5995E+27    6.5177E+27    1.1049E+28
    5.4300E+03    5.0704E+26    3.6258E+27    6.5382E+27    1.1051E+28
    5.4500E+03    5.0748E+26    3.6264E+27    6.5256E+27    1.1019E+28
    5.4700E+03    5.0785E+26    3.6265E+27    6.5123E+27    1.0987E+28
    5.4900E+03    5.0823E+26    3.6265E+27    6.4994E+27    1.0956E+28
    5.5100E+03    5.0861E+26    3.6266E+27    6.4865E+27    1.0924E+28
    5.5300E+03    5.0900E+26    3.6269E+27    6.4739E+27    1.0893E+28
    5.5500E+03    5.0939E+26    3.6271E+27    6.4613E+27    1.0862E+28
    5.5700E+03    5.0979E+26    3.6274E+27    6.4490E+27    1.0832E+28
    5.5900E+03    5.1020E+26    3.6278E+27    6.4369E+27    1.0802E+28
    5.6100E+03    5.1061E+26    3.6282E+27    6.4249E+27    1.0772E+28
    5.6300E+03    5.1103E+26    3.6287E+27    6.4130E+27    1.0742E+28
    5.6500E+03    5.1145E+26    3.6293E+27    6.4013E+27    1.0713E+28
    5.6700E+03    5.1187E+26    3.6299E+27    6.3898E+27    1.0684E+28
    5.6900E+03    5.1229E+26    3.6304E+27    6.3783E+27    1.0655E+28
    5.7100E+03    5.1280E+26    3.6321E+27    6.3681E+27    1.0627E+28
    5.7300E+03    5.1324E+26    3.6328E+27    6.3571E+27    1.0599E+28
    5.7500E+03    5.1368E+26    3.6336E+27    6.3461E+27    1.0571E+28
    5.7700E+03    5.1414E+26    3.6344E+27    6.3354E+27    1.0543E+28
    5.7900E+03    5.1460E+26    3.6354E+27    6.3249E+27    1.0516E+28
    5.8100E+03    5.1508E+26    3.6365E+27    6.3147E+27    1.0489E+28
    5.8300E+03    5.1556E+26    3.6376E+27    6.3046E+27    1.0462E+28
    5.8500E+03    5.1604E+26    3.6387E+27    6.2944E+27    1.0435E+28
    5.8700E+03    5.1640E+26    3.6385E+27    6.2745E+27    1.0365E+28
    5.8900E+03    5.1699E+26    3.6408E+27    6.2741E+27    1.0381E+28
    5.9100E+03    5.1747E+26    3.6420E+27    6.2645E+27    1.0356E+28
    5.9300E+03    5.1795E+26    3.6432E+27    6.2549E+27    1.0330E+28
    5.9500E+03    5.1844E+26    3.6444E+27    6.2453E+27    1.0305E+28
    5.9700E+03    5.1893E+26    3.6456E+27    6.2360E+27    1.0279E+28
    5.9900E+03    5.1943E+26    3.6469E+27    6.2267E+27    1.0254E+28
    6.0100E+03    5.1992E+26    3.6483E+27    6.2175E+27    1.0229E+28
    6.0300E+03    5.2043E+26    3.6496E+27    6.2084E+27    1.0204E+28
    6.0500E+03    5.2093E+26    3.6511E+27    6.1996E+27    1.0180E+28
    6.0700E+03    5.2144E+26    3.6525E+27    6.1908E+27    1.0156E+28
    6.0900E+03    5.2196E+26    3.6540E+27    6.1821E+27    1.0132E+28
    6.1100E+03    5.2247E+26    3.6555E+27    6.1734E+27    1.0108E+28
    6.1300E+03    5.2299E+26    3.6571E+27    6.1650E+27    1.0084E+28
    6.1500E+03    5.2351E+26    3.6587E+27    6.1568E+27    1.0061E+28
    6.1700E+03    5.2403E+26    3.6603E+27    6.1485E+27    1.0038E+28
    6.1900E+03    5.2457E+26    3.6619E+27    6.1404E+27    1.0015E+28
    6.2100E+03    5.2509E+26    3.6636E+27    6.1325E+27    9.9920E+27
    6.2300E+03    5.2563E+26    3.6653E+27    6.1246E+27    9.9694E+27
    6.2500E+03    5.2617E+26    3.6671E+27    6.1168E+27    9.9471E+27
    6.2700E+03    5.2671E+26    3.6689E+27    6.1092E+27    9.9249E+27
    6.2900E+03    5.2725E+26    3.6707E+27    6.1016E+27    9.9029E+27
    6.3100E+03    5.2779E+26    3.6725E+27    6.0942E+27    9.8810E+27
    6.3300E+03    5.2834E+26    3.6744E+27    6.0868E+27    9.8595E+27
    6.3500E+03    5.2889E+26    3.6763E+27    6.0796E+27    9.8381E+27
    6.3700E+03    5.2944E+26    3.6782E+27    6.0723E+27    9.8165E+27
    6.3900E+03    5.2999E+26    3.6802E+27    6.0650E+27    9.7944E+27
    6.4100E+03    5.3054E+26    3.6821E+27    6.0576E+27    9.7720E+27
    6.4300E+03    5.3109E+26    3.6840E+27    6.0500E+27    9.7489E+27
    6.4500E+03    5.3164E+26    3.6859E+27    6.0419E+27    9.7243E+27
    6.4700E+03    5.3218E+26    3.6877E+27    6.0331E+27    9.6963E+27
    6.4900E+03    5.3269E+26    3.6894E+27    6.0228E+27    9.6619E+27
    6.5100E+03    5.3314E+26    3.6903E+27    6.0072E+27    9.6100E+27
    6.5300E+03    5.3330E+26    3.6884E+27    5.9714E+27    9.4900E+27
    6.5500E+03    5.3137E+26    3.6663E+27    5.8066E+27    8.9601E+27
    6.5700E+03    5.2512E+26    3.6007E+27    5.5168E+27    8.1951E+27
    6.5900E+03    5.3450E+26    3.6900E+27    5.9167E+27    9.3112E+27
    6.6100E+03    5.3591E+26    3.7003E+27    5.9692E+27    9.4884E+27
    6.6300E+03    5.3668E+26    3.7045E+27    5.9773E+27    9.5186E+27
    6.6500E+03    5.3734E+26    3.7074E+27    5.9769E+27    9.5187E+27
    6.6700E+03    5.3793E+26    3.7098E+27    5.9715E+27    9.5004E+27
    6.6900E+03    5.3853E+26    3.7123E+27    5.9673E+27    9.4866E+27
    6.7100E+03    5.3915E+26    3.7150E+27    5.9644E+27    9.4800E+27
    6.7300E+03    5.3974E+26    3.7174E+27    5.9594E+27    9.4633E+27
    6.7500E+03    5.4034E+26    3.7198E+27    5.9542E+27    9.4462E+27
    6.7700E+03    5.4093E+26    3.7223E+27    5.9489E+27    9.4284E+27
    6.7900E+03    5.4152E+26    3.7247E+27    5.9436E+27    9.4105E+27
    6.8100E+03    5.4212E+26    3.7272E+27    5.9383E+27    9.3929E+27
    6.8300E+03    5.4271E+26    3.7296E+27    5.9332E+27    9.3754E+27
    6.8500E+03    5.4331E+26    3.7321E+27    5.9281E+27    9.3581E+27
    6.8700E+03    5.4391E+26    3.7346E+27    5.9231E+27    9.3409E+27
    6.8900E+03    5.4450E+26    3.7371E+27    5.9181E+27    9.3238E+27
    6.9100E+03    5.4511E+26    3.7397E+27    5.9134E+27    9.3069E+27
    6.9300E+03    5.4571E+26    3.7423E+27    5.9085E+27    9.2901E+27
    6.9500E+03    5.4631E+26    3.7448E+27    5.9037E+27    9.2735E+27
    6.9700E+03    5.4691E+26    3.7474E+27    5.8991E+27    9.2569E+27
    6.9900E+03    5.4752E+26    3.7500E+27    5.8946E+27    9.2405E+27
    7.0100E+03    5.4813E+26    3.7527E+27    5.8901E+27    9.2243E+27
    7.0300E+03    5.4873E+26    3.7553E+27    5.8856E+27    9.2083E+27
    7.0500E+03    5.4934E+26    3.7580E+27    5.8812E+27    9.1922E+27
    7.0700E+03    5.4989E+26    3.7600E+27    5.8725E+27    9.1640E+27
    7.0900E+03    5.5056E+26    3.7633E+27    5.8726E+27    9.1607E+27
    7.1100E+03    5.5117E+26    3.7660E+27    5.8684E+27    9.1451E+27
    7.1300E+03    5.5179E+26    3.7687E+27    5.8642E+27    9.1296E+27
    7.1500E+03    5.5240E+26    3.7715E+27    5.8602E+27    9.1142E+27
    7.1700E+03    5.5301E+26    3.7742E+27    5.8561E+27    9.0990E+27
    7.1900E+03    5.5362E+26    3.7769E+27    5.8522E+27    9.0839E+27
    7.2100E+03    5.5424E+26    3.7797E+27    5.8485E+27    9.0690E+27
    7.2300E+03    5.5486E+26    3.7825E+27    5.8446E+27    9.0542E+27
    7.2500E+03    5.5547E+26    3.7853E+27    5.8408E+27    9.0394E+27
    7.2700E+03    5.5609E+26    3.7881E+27    5.8371E+27    9.0247E+27
    7.2900E+03    5.5670E+26    3.7909E+27    5.8327E+27    9.0068E+27
    7.3100E+03    5.5733E+26    3.7938E+27    5.8300E+27    8.9958E+27
    7.3300E+03    5.5795E+26    3.7966E+27    5.8263E+27    8.9815E+27
    7.3500E+03    5.5857E+26    3.7995E+27    5.8228E+27    8.9673E+27
    7.3700E+03    5.5919E+26    3.8023E+27    5.8195E+27    8.9533E+27
    7.3900E+03    5.5981E+26    3.8052E+27    5.8161E+27    8.9394E+27
    7.4100E+03    5.6043E+26    3.8081E+27    5.8127E+27    8.9254E+27
    7.4300E+03    5.6105E+26    3.8110E+27    5.8096E+27    8.9119E+27
    7.4500E+03    5.6168E+26    3.8139E+27    5.8063E+27    8.8983E+27
    7.4700E+03    5.6230E+26    3.8168E+27    5.8032E+27    8.8847E+27
    7.4900E+03    5.6292E+26    3.8198E+27    5.8000E+27    8.8713E+27
    7.5100E+03    5.6355E+26    3.8227E+27    5.7971E+27    8.8580E+27
    7.5300E+03    5.6417E+26    3.8257E+27    5.7941E+27    8.8449E+27
    7.5500E+03    5.6479E+26    3.8286E+27    5.7911E+27    8.8318E+27
    7.5700E+03    5.6542E+26    3.8316E+27    5.7881E+27    8.8187E+27
    7.5900E+03    5.6604E+26    3.8345E+27    5.7853E+27    8.8058E+27
    7.6100E+03    5.6667E+26    3.8376E+27    5.7825E+27    8.7930E+27
    7.6300E+03    5.6729E+26    3.8406E+27    5.7798E+27    8.7804E+27
    7.6500E+03    5.6792E+26    3.8436E+27    5.7770E+27    8.7677E+27
    7.6700E+03    5.6855E+26    3.8466E+27    5.7744E+27    8.7552E+27
    7.6900E+03    5.6917E+26    3.8496E+27    5.7718E+27    8.7429E+27
    7.7100E+03    5.6980E+26    3.8526E+27    5.7692E+27    8.7306E+27
    7.7300E+03    5.7042E+26    3.8557E+27    5.7666E+27    8.7183E+27
    7.7500E+03    5.7105E+26    3.8587E+27    5.7642E+27    8.7061E+27
    7.7700E+03    5.7168E+26    3.8617E+27    5.7617E+27    8.6942E+27
    7.7900E+03    5.7231E+26    3.8648E+27    5.7594E+27    8.6823E+27
    7.8100E+03    5.7293E+26    3.8679E+27    5.7571E+27    8.6704E+27
    7.8300E+03    5.7356E+26    3.8710E+27    5.7547E+27    8.6587E+27
    7.8500E+03    5.7420E+26    3.8741E+27    5.7533E+27    8.6483E+27
    7.8700E+03    5.7483E+26    3.8772E+27    5.7511E+27    8.6366E+27
    7.8900E+03    5.7545E+26    3.8803E+27    5.7489E+27    8.6251E+27
    7.9100E+03    5.7608E+26    3.8834E+27    5.7467E+27    8.6137E+27
    7.9300E+03    5.7671E+26    3.8865E+27    5.7446E+27    8.6022E+27
    7.9500E+03    5.7734E+26    3.8896E+27    5.7425E+27    8.5912E+27
    7.9700E+03    5.7796E+26    3.8927E+27    5.7405E+27    8.5800E+27
    7.9900E+03    5.7859E+26    3.8959E+27    5.7385E+27    8.5689E+27
    8.0100E+03    5.7922E+26    3.8990E+27    5.7365E+27    8.5578E+27
    8.0300E+03    5.7984E+26    3.9021E+27    5.7346E+27    8.5470E+27
    8.0500E+03    5.8047E+26    3.9052E+27    5.7327E+27    8.5361E+27
    8.0700E+03    5.8110E+26    3.9084E+27    5.7309E+27    8.5255E+27
    8.0900E+03    5.8173E+26    3.9115E+27    5.7290E+27    8.5148E+27
    8.1100E+03    5.8235E+26    3.9147E+27    5.7272E+27    8.5041E+27
    8.1300E+03    5.8298E+26    3.9178E+27    5.7255E+27    8.4938E+27
    8.1500E+03    5.8361E+26    3.9210E+27    5.7238E+27    8.4831E+27
    8.1700E+03    5.8423E+26    3.9242E+27    5.7222E+27    8.4732E+27
    8.1900E+03    5.8486E+26    3.9273E+27    5.7205E+27    8.4629E+27
    8.2100E+03    4.0307E+26    2.7734E+27    4.4974E+27    7.2654E+27
    8.2300E+03    4.0330E+26    2.7740E+27    4.4931E+27    7.2540E+27
    8.2500E+03    4.0354E+26    2.7748E+27    4.4889E+27    7.2423E+27
    8.2700E+03    4.0378E+26    2.7755E+27    4.4849E+27    7.2302E+27
    8.2900E+03    4.0402E+26    2.7762E+27    4.4807E+27    7.2188E+27
    8.3100E+03    4.0425E+26    2.7769E+27    4.4763E+27    7.2057E+27
    8.3300E+03    4.0449E+26    2.7776E+27    4.4716E+27    7.1905E+27
    8.3500E+03    4.0471E+26    2.7782E+27    4.4661E+27    7.1709E+27
    8.3700E+03    4.0494E+26    2.7788E+27    4.4607E+27    7.1509E+27
    8.3900E+03    4.0516E+26    2.7793E+27    4.4538E+27    7.1219E+27
    8.4100E+03    4.0538E+26    2.7798E+27    4.4474E+27    7.0962E+27
    8.4300E+03    4.0558E+26    2.7801E+27    4.4386E+27    7.0604E+27
    8.4500E+03    4.0580E+26    2.7808E+27    4.4334E+27    7.0461E+27
    8.4700E+03    4.0600E+26    2.7811E+27    4.4239E+27    6.9993E+27
    8.4900E+03    4.0626E+26    2.7821E+27    4.4224E+27    7.0134E+27
    8.5100E+03    4.0644E+26    2.7822E+27    4.4109E+27    6.9513E+27
    8.5300E+03    4.0678E+26    2.7840E+27    4.4181E+27    7.0169E+27
    8.5500E+03    4.0679E+26    2.7824E+27    4.3897E+27    6.8561E+27
    8.5700E+03    4.0738E+26    2.7868E+27    4.4220E+27    7.0596E+27
    8.5900E+03    4.0734E+26    2.7847E+27    4.3884E+27    6.8822E+27
    8.6100E+03    4.0756E+26    2.7852E+27    4.3816E+27    6.8505E+27
    8.6300E+03    4.0826E+26    2.7907E+27    4.4246E+27    7.0999E+27
    8.6500E+03    4.0826E+26    2.7890E+27    4.3962E+27    6.9593E+27
    8.6700E+03    4.0800E+26    2.7847E+27    4.3400E+27    6.6570E+27
    8.6900E+03    4.0894E+26    2.7926E+27    4.4073E+27    7.0319E+27
    8.7100E+03    4.0942E+26    2.7958E+27    4.4264E+27    7.1370E+27
    8.7300E+03    4.0941E+26    2.7941E+27    4.3973E+27    6.9983E+27
    8.7500E+03    4.0887E+26    2.7870E+27    4.3134E+27    6.5589E+27
    8.7700E+03    4.0974E+26    2.7941E+27    4.3725E+27    6.8832E+27
    8.7900E+03    4.1046E+26    2.7998E+27    4.4164E+27    7.1110E+27
    8.8100E+03    4.1081E+26    2.8017E+27    4.4225E+27    7.1451E+27
    8.8300E+03    4.1093E+26    2.8013E+27    4.4056E+27    7.0711E+27
    8.8500E+03    4.1062E+26    2.7965E+27    4.3460E+27    6.7778E+27
    8.8700E+03    4.1034E+26    2.7921E+27    4.2887E+27    6.4822E+27
    8.8900E+03    4.1149E+26    2.8020E+27    4.3755E+27    6.9405E+27
    8.9100E+03    4.1207E+26    2.8063E+27    4.4049E+27    7.0865E+27
    8.9300E+03    4.1242E+26    2.8083E+27    4.4110E+27    7.1179E+27
    8.9500E+03    4.1268E+26    2.8092E+27    4.4079E+27    7.1078E+27
    8.9700E+03    4.1285E+26    2.8093E+27    4.3959E+27    7.0580E+27
    8.9900E+03    4.1280E+26    2.8073E+27    4.3635E+27    6.9094E+27
    9.0100E+03    4.1218E+26    2.7993E+27    4.2715E+27    6.4442E+27
    9.0300E+03    4.1276E+26    2.8036E+27    4.3012E+27    6.6054E+27
    9.0500E+03    4.1369E+26    2.8115E+27    4.3658E+27    6.9346E+27
    9.0700E+03    4.1417E+26    2.8146E+27    4.3839E+27    7.0218E+27
    9.0900E+03    4.1450E+26    2.8164E+27    4.3883E+27    7.0448E+27
    9.1100E+03    4.1478E+26    2.8176E+27    4.3876E+27    7.0448E+27
    9.1300E+03    4.1505E+26    2.8187E+27    4.3847E+27    7.0350E+27
    9.1500E+03    4.1528E+26    2.8195E+27    4.3799E+27    7.0163E+27
    9.1700E+03    4.1549E+26    2.8200E+27    4.3716E+27    6.9827E+27
    9.1900E+03    4.1561E+26    2.8197E+27    4.3550E+27    6.9112E+27
    9.2100E+03    4.1546E+26    2.8166E+27    4.3118E+27    6.7073E+27
    9.2300E+03    4.1485E+26    2.8089E+27    4.2221E+27    6.2515E+27
    9.2500E+03    4.1588E+26    2.8176E+27    4.2956E+27    6.6352E+27
    9.2700E+03    4.1662E+26    2.8235E+27    4.3400E+27    6.8550E+27
    9.2900E+03    4.1704E+26    2.8262E+27    4.3528E+27    6.9153E+27
    9.3100E+03    4.1736E+26    2.8278E+27    4.3555E+27    6.9295E+27
    9.3300E+03    4.1764E+26    2.8291E+27    4.3551E+27    6.9302E+27
    9.3500E+03    4.1790E+26    2.8302E+27    4.3531E+27    6.9242E+27
    9.3700E+03    4.1747E+26    2.8224E+27    4.3400E+27    6.9056E+27
    9.3900E+03    4.1844E+26    2.8325E+27    4.3480E+27    6.9062E+27
    9.4100E+03    4.1869E+26    2.8335E+27    4.3449E+27    6.8942E+27
    9.4300E+03    4.1895E+26    2.8346E+27    4.3414E+27    6.8808E+27
    9.4500E+03    4.1920E+26    2.8355E+27    4.3373E+27    6.8647E+27
    9.4700E+03    4.1943E+26    2.8363E+27    4.3316E+27    6.8415E+27
    9.4900E+03    4.1963E+26    2.8368E+27    4.3232E+27    6.8062E+27
    9.5100E+03    4.1974E+26    2.8363E+27    4.3050E+27    6.7256E+27
    9.5300E+03    4.1955E+26    2.8329E+27    4.2582E+27    6.5017E+27
    9.5500E+03    4.1740E+26    2.8056E+27    4.1216E+27    6.0468E+27
    9.5700E+03    4.2019E+26    2.8362E+27    4.2635E+27    6.5346E+27
    9.5900E+03    4.2083E+26    2.8412E+27    4.2986E+27    6.7052E+27
    9.6100E+03    4.2123E+26    2.8436E+27    4.3089E+27    6.7533E+27
    9.6300E+03    4.2154E+26    2.8453E+27    4.3112E+27    6.7652E+27
    9.6500E+03    4.2183E+26    2.8467E+27    4.3110E+27    6.7661E+27
    9.6700E+03    4.2210E+26    2.8479E+27    4.3096E+27    6.7617E+27
    9.6900E+03    4.2237E+26    2.8491E+27    4.3078E+27    6.7552E+27
    9.7100E+03    4.2264E+26    2.8503E+27    4.3057E+27    6.7472E+27
    9.7300E+03    4.2291E+26    2.8515E+27    4.3038E+27    6.7394E+27
    9.7500E+03    4.2318E+26    2.8526E+27    4.3015E+27    6.7301E+27
    9.7700E+03    4.2344E+26    2.8538E+27    4.2991E+27    6.7209E+27
    9.7900E+03    4.2371E+26    2.8550E+27    4.2967E+27    6.7115E+27
    9.8100E+03    4.2397E+26    2.8561E+27    4.2943E+27    6.7019E+27
    9.8300E+03    4.2423E+26    2.8573E+27    4.2918E+27    6.6921E+27
    9.8500E+03    4.2450E+26    2.8584E+27    4.2893E+27    6.6821E+27
    9.8700E+03    4.2476E+26    2.8596E+27    4.2868E+27    6.6719E+27
    9.8900E+03    4.2502E+26    2.8607E+27    4.2840E+27    6.6612E+27
    9.9100E+03    4.2528E+26    2.8618E+27    4.2811E+27    6.6496E+27
    9.9300E+03    4.2554E+26    2.8629E+27    4.2781E+27    6.6365E+27
    9.9500E+03    4.2579E+26    2.8640E+27    4.2747E+27    6.6218E+27
    9.9700E+03    4.2603E+26    2.8649E+27    4.2702E+27    6.6026E+27
    9.9900E+03    4.2625E+26    2.8656E+27    4.2630E+27    6.5721E+27
    1.0025E+04    4.2627E+26    2.8633E+27    4.2163E+27    6.3503E+27
    1.0075E+04    4.2682E+26    2.8651E+27    4.1994E+27    6.2694E+27
    1.0125E+04    4.2559E+26    2.8480E+27    4.2196E+27    6.4926E+27
    1.0175E+04    4.2879E+26    2.8776E+27    4.2523E+27    6.5297E+27
    1.0225E+04    4.2947E+26    2.8809E+27    4.2490E+27    6.5152E+27
    1.0275E+04    4.3015E+26    2.8840E+27    4.2446E+27    6.4962E+27
    1.0325E+04    4.3081E+26    2.8871E+27    4.2399E+27    6.4747E+27
    1.0375E+04    4.3148E+26    2.8902E+27    4.2355E+27    6.4554E+27
    1.0425E+04    4.3215E+26    2.8934E+27    4.2310E+27    6.4354E+27
    1.0475E+04    4.3281E+26    2.8965E+27    4.2266E+27    6.4156E+27
    1.0525E+04    4.3348E+26    2.8997E+27    4.2225E+27    6.3963E+27
    1.0575E+04    4.3415E+26    2.9028E+27    4.2183E+27    6.3771E+27
    1.0625E+04    4.3482E+26    2.9061E+27    4.2144E+27    6.3583E+27
    1.0675E+04    4.3549E+26    2.9093E+27    4.2104E+27    6.3394E+27
    1.0725E+04    4.3615E+26    2.9124E+27    4.2063E+27    6.3200E+27
    1.0775E+04    4.3680E+26    2.9156E+27    4.2017E+27    6.2987E+27
    1.0825E+04    4.3744E+26    2.9185E+27    4.1953E+27    6.2669E+27
    1.0875E+04    4.3804E+26    2.9210E+27    4.1850E+27    6.2192E+27
    1.0925E+04    4.3750E+26    2.9126E+27    4.0610E+27    5.8332E+27
    1.0975E+04    4.3913E+26    2.9252E+27    4.1546E+27    6.0722E+27
    1.1025E+04    4.4008E+26    2.9313E+27    4.1798E+27    6.1893E+27
    1.1075E+04    4.4079E+26    2.9350E+27    4.1808E+27    6.1917E+27
    1.1125E+04    4.4146E+26    2.9385E+27    4.1791E+27    6.1812E+27
    1.1175E+04    4.4214E+26    2.9419E+27    4.1767E+27    6.1669E+27
    1.1225E+04    4.4280E+26    2.9452E+27    4.1738E+27    6.1510E+27
    1.1275E+04    4.4346E+26    2.9485E+27    4.1710E+27    6.1352E+27
    1.1325E+04    4.4412E+26    2.9518E+27    4.1682E+27    6.1196E+27
    1.1375E+04    4.4478E+26    2.9551E+27    4.1656E+27    6.1043E+27
    1.1425E+04    4.4544E+26    2.9585E+27    4.1631E+27    6.0892E+27
    1.1475E+04    4.4609E+26    2.9618E+27    4.1605E+27    6.0742E+27
    1.1525E+04    4.4675E+26    2.9651E+27    4.1581E+27    6.0595E+27
    1.1575E+04    4.4741E+26    2.9685E+27    4.1557E+27    6.0450E+27
    1.1625E+04    4.4806E+26    2.9718E+27    4.1534E+27    6.0306E+27
    1.1675E+04    4.4872E+26    2.9752E+27    4.1512E+27    6.0164E+27
    1.1725E+04    4.4937E+26    2.9785E+27    4.1491E+27    6.0024E+27
    1.1775E+04    4.5002E+26    2.9819E+27    4.1470E+27    5.9886E+27
    1.1825E+04    4.5067E+26    2.9852E+27    4.1450E+27    5.9750E+27
    1.1875E+04    4.5132E+26    2.9886E+27    4.1431E+27    5.9616E+27
    1.1925E+04    4.5197E+26    2.9919E+27    4.1411E+27    5.9483E+27
    1.1975E+04    4.5262E+26    2.9953E+27    4.1392E+27    5.9344E+27
    1.2025E+04    4.5326E+26    2.9987E+27    4.1376E+27    5.9223E+27
    1.2075E+04    4.5391E+26    3.0020E+27    4.1359E+27    5.9096E+27
    1.2125E+04    4.5455E+26    3.0054E+27    4.1342E+27    5.8970E+27
    1.2175E+04    4.5520E+26    3.0088E+27    4.1327E+27    5.8846E+27
    1.2225E+04    4.5584E+26    3.0121E+27    4.1311E+27    5.8723E+27
    1.2275E+04    4.5648E+26    3.0155E+27    4.1297E+27    5.8602E+27
    1.2325E+04    4.5712E+26    3.0189E+27    4.1282E+27    5.8482E+27
    1.2375E+04    4.5776E+26    3.0222E+27    4.1269E+27    5.8364E+27
    1.2425E+04    4.5839E+26    3.0256E+27    4.1255E+27    5.8248E+27
    1.2475E+04    4.5903E+26    3.0290E+27    4.1242E+27    5.8133E+27
    1.2525E+04    4.5967E+26    3.0323E+27    4.1230E+27    5.8018E+27
    1.2575E+04    4.6030E+26    3.0357E+27    4.1218E+27    5.7903E+27
    1.2625E+04    4.6093E+26    3.0390E+27    4.1203E+27    5.7776E+27
    1.2675E+04    4.6155E+26    3.0423E+27    4.1182E+27    5.7623E+27
    1.2725E+04    4.6215E+26    3.0454E+27    4.1147E+27    5.7402E+27
    1.2775E+04    4.6265E+26    3.0475E+27    4.1013E+27    5.6712E+27
    1.2825E+04    4.6275E+26    3.0463E+27    4.0613E+27    5.4694E+27
    1.2875E+04    4.6394E+26    3.0546E+27    4.1034E+27    5.6691E+27
    1.2925E+04    4.6466E+26    3.0590E+27    4.1120E+27    5.7022E+27
    1.2975E+04    4.6530E+26    3.0625E+27    4.1115E+27    5.6992E+27
    1.3025E+04    4.6594E+26    3.0659E+27    4.1133E+27    5.6949E+27
    1.3075E+04    4.6656E+26    3.0693E+27    4.1128E+27    5.6863E+27
    1.3125E+04    4.6718E+26    3.0727E+27    4.1122E+27    5.6765E+27
    1.3175E+04    4.6779E+26    3.0760E+27    4.1115E+27    5.6669E+27
    1.3225E+04    4.6841E+26    3.0793E+27    4.1109E+27    5.6575E+27
    1.3275E+04    4.6902E+26    3.0827E+27    4.1104E+27    5.6481E+27
    1.3325E+04    4.6964E+26    3.0860E+27    4.1099E+27    5.6389E+27
    1.3375E+04    4.7025E+26    3.0894E+27    4.1094E+27    5.6297E+27
    1.3425E+04    4.7086E+26    3.0927E+27    4.1090E+27    5.6206E+27
    1.3475E+04    4.7146E+26    3.0960E+27    4.1086E+27    5.6117E+27
    1.3525E+04    4.7207E+26    3.0993E+27    4.1083E+27    5.6029E+27
    1.3575E+04    4.7268E+26    3.1027E+27    4.1079E+27    5.5942E+27
    1.3625E+04    4.7328E+26    3.1060E+27    4.1076E+27    5.5856E+27
    1.3675E+04    4.7388E+26    3.1093E+27    4.1073E+27    5.5771E+27
    1.3725E+04    4.7448E+26    3.1126E+27    4.1071E+27    5.5687E+27
    1.3775E+04    4.7508E+26    3.1159E+27    4.1068E+27    5.5604E+27
    1.3825E+04    4.7568E+26    3.1192E+27    4.1067E+27    5.5522E+27
    1.3875E+04    4.7628E+26    3.1225E+27    4.1065E+27    5.5441E+27
    1.3925E+04    4.7687E+26    3.1258E+27    4.1064E+27    5.5361E+27
    1.3975E+04    4.7747E+26    3.1290E+27    4.1063E+27    5.5282E+27
    1.4025E+04    4.7806E+26    3.1323E+27    4.1063E+27    5.5204E+27
    1.4075E+04    4.7865E+26    3.1356E+27    4.1063E+27    5.5127E+27
    1.4125E+04    4.7924E+26    3.1389E+27    4.1063E+27    5.5051E+27
    1.4175E+04    4.7982E+26    3.1421E+27    4.1064E+27    5.4976E+27
    1.4225E+04    4.8041E+26    3.1454E+27    4.1064E+27    5.4901E+27
    1.4275E+04    4.8099E+26    3.1486E+27    4.1065E+27    5.4828E+27
    1.4325E+04    4.8158E+26    3.1519E+27    4.1066E+27    5.4755E+27
    1.4375E+04    4.8216E+26    3.1551E+27    4.1068E+27    5.4684E+27
    1.4425E+04    4.8274E+26    3.1584E+27    4.1069E+27    5.4612E+27
    1.4475E+04    4.8332E+26    3.1616E+27    4.1071E+27    5.4542E+27
    1.4525E+04    4.8389E+26    3.1648E+27    4.1073E+27    5.4473E+27
    1.4570E+04    4.8441E+26    3.1677E+27    4.1075E+27    5.4411E+27
    1.4620E+04    4.0775E+26    2.6798E+27    3.5745E+27    4.9053E+27
    1.4675E+04    4.0824E+26    2.6824E+27    3.5738E+27    4.8973E+27
    1.4725E+04    4.0868E+26    2.6848E+27    3.5733E+27    4.8901E+27
    1.4775E+04    4.0912E+26    2.6872E+27    3.5727E+27    4.8829E+27
    1.4825E+04    4.0956E+26    2.6895E+27    3.5722E+27    4.8757E+27
    1.4875E+04    4.1000E+26    2.6919E+27    3.5717E+27    4.8685E+27
    1.4925E+04    4.1044E+26    2.6943E+27    3.5711E+27    4.8611E+27
    1.4975E+04    4.1088E+26    2.6967E+27    3.5705E+27    4.8533E+27
    1.5025E+04    4.1131E+26    2.6990E+27    3.5699E+27    4.8457E+27
    1.5075E+04    4.1174E+26    2.7014E+27    3.5692E+27    4.8371E+27
    1.5125E+04    4.1218E+26    2.7037E+27    3.5684E+27    4.8279E+27
    1.5175E+04    4.1260E+26    2.7060E+27    3.5675E+27    4.8180E+27
    1.5225E+04    4.1303E+26    2.7083E+27    3.5667E+27    4.8089E+27
    1.5275E+04    4.1346E+26    2.7107E+27    3.5660E+27    4.8006E+27
    1.5325E+04    4.1388E+26    2.7129E+27    3.5648E+27    4.7895E+27
    1.5375E+04    4.1432E+26    2.7153E+27    3.5647E+27    4.7852E+27
    1.5425E+04    4.1473E+26    2.7175E+27    3.5629E+27    4.7697E+27
    1.5475E+04    4.1517E+26    2.7200E+27    3.5639E+27    4.7713E+27
    1.5525E+04    4.1559E+26    2.7223E+27    3.5628E+27    4.7613E+27
    1.5575E+04    4.1599E+26    2.7244E+27    3.5604E+27    4.7412E+27
    1.5625E+04    4.1647E+26    2.7272E+27    3.5654E+27    4.7661E+27
    1.5675E+04    4.1685E+26    2.7291E+27    3.5603E+27    4.7323E+27
    1.5725E+04    4.1723E+26    2.7311E+27    3.5582E+27    4.7156E+27
    1.5775E+04    4.1775E+26    2.7344E+27    3.5664E+27    4.7558E+27
    1.5825E+04    4.1816E+26    2.7366E+27    3.5648E+27    4.7421E+27
    1.5875E+04    4.1847E+26    2.7378E+27    3.5529E+27    4.6711E+27
    1.5925E+04    4.1898E+26    2.7410E+27    3.5618E+27    4.7145E+27
    1.5975E+04    4.1947E+26    2.7441E+27    3.5696E+27    4.7492E+27
    1.6050E+04    4.2005E+26    2.7471E+27    3.5642E+27    4.7139E+27
    1.6150E+04    4.2081E+26    2.7510E+27    3.5572E+27    4.6660E+27
    1.6250E+04    4.2177E+26    2.7569E+27    3.5700E+27    4.7210E+27
    1.6350E+04    4.2252E+26    2.7607E+27    3.5625E+27    4.6727E+27
    1.6450E+04    4.2327E+26    2.7647E+27    3.5560E+27    4.6268E+27
    1.6550E+04    4.2424E+26    2.7708E+27    3.5710E+27    4.6912E+27
    1.6650E+04    4.2505E+26    2.7754E+27    3.5716E+27    4.6822E+27
    1.6750E+04    4.2577E+26    2.7790E+27    3.5627E+27    4.6275E+27
    1.6850E+04    4.2651E+26    2.7828E+27    3.5559E+27    4.5808E+27
    1.6950E+04    4.2747E+26    2.7889E+27    3.5721E+27    4.6499E+27
    1.7050E+04    4.2828E+26    2.7936E+27    3.5738E+27    4.6459E+27
    1.7150E+04    4.2908E+26    2.7981E+27    3.5741E+27    4.6356E+27
    1.7250E+04    4.2984E+26    2.8023E+27    3.5724E+27    4.6154E+27
    1.7350E+04    4.3044E+26    2.8049E+27    3.5541E+27    4.5126E+27
    1.7450E+04    4.3139E+26    2.8110E+27    3.5706E+27    4.5831E+27
    1.7550E+04    4.3222E+26    2.8159E+27    3.5763E+27    4.5975E+27
    1.7650E+04    4.3300E+26    2.8204E+27    3.5777E+27    4.5919E+27
    1.7750E+04    4.3378E+26    2.8248E+27    3.5786E+27    4.5839E+27
    1.7850E+04    4.3455E+26    2.8292E+27    3.5793E+27    4.5750E+27
    1.7950E+04    4.3531E+26    2.8336E+27    3.5797E+27    4.5649E+27
    1.8050E+04    4.3605E+26    2.8377E+27    3.5789E+27    4.5487E+27
    1.8150E+04    4.3665E+26    2.8404E+27    3.5631E+27    4.4587E+27
    1.8250E+04    4.3752E+26    2.8459E+27    3.5755E+27    4.5080E+27
    1.8350E+04    4.3833E+26    2.8509E+27    3.5829E+27    4.5306E+27
    1.8450E+04    4.3909E+26    2.8553E+27    3.5846E+27    4.5263E+27
    1.8550E+04    4.3983E+26    2.8595E+27    3.5854E+27    4.5178E+27
    1.8650E+04    4.4055E+26    2.8636E+27    3.5844E+27    4.5004E+27
    1.8750E+04    4.4120E+26    2.8663E+27    3.5695E+27    4.4147E+27
    1.8850E+04    4.4202E+26    2.8720E+27    3.5862E+27    4.4839E+27
    1.8950E+04    4.4278E+26    2.8766E+27    3.5902E+27    4.4904E+27
    1.9050E+04    4.4351E+26    2.8808E+27    3.5919E+27    4.4857E+27
    1.9150E+04    4.4424E+26    2.8850E+27    3.5933E+27    4.4794E+27
    1.9250E+04    4.4496E+26    2.8892E+27    3.5940E+27    4.4708E+27
    1.9350E+04    4.4565E+26    2.8931E+27    3.5927E+27    4.4520E+27
    1.9450E+04    4.4635E+26    2.8968E+27    3.5675E+27    4.3525E+27
    1.9550E+04    4.4694E+26    2.8996E+27    3.5848E+27    4.4285E+27
    1.9650E+04    4.4781E+26    2.9058E+27    3.5998E+27    4.4476E+27
    1.9750E+04    4.4852E+26    2.9100E+27    3.6018E+27    4.4444E+27
    1.9850E+04    4.4923E+26    2.9141E+27    3.6033E+27    4.4391E+27
    1.9950E+04    4.4992E+26    2.9182E+27    3.6049E+27    4.4337E+27
    2.0050E+04    4.5062E+26    2.9222E+27    3.6064E+27    4.4285E+27
    2.0150E+04    4.5131E+26    2.9263E+27    3.6080E+27    4.4233E+27
    2.0250E+04    4.5200E+26    2.9303E+27    3.6096E+27    4.4183E+27
    2.0350E+04    4.5269E+26    2.9343E+27    3.6112E+27    4.4134E+27
    2.0450E+04    4.5337E+26    2.9383E+27    3.6128E+27    4.4085E+27
    2.0550E+04    4.5405E+26    2.9423E+27    3.6145E+27    4.4037E+27
    2.0650E+04    4.5473E+26    2.9463E+27    3.6162E+27    4.3992E+27
    2.0750E+04    4.5540E+26    2.9503E+27    3.6179E+27    4.3947E+27
    2.0850E+04    4.5607E+26    2.9542E+27    3.6196E+27    4.3903E+27
    2.0950E+04    4.5674E+26    2.9582E+27    3.6213E+27    4.3860E+27
    2.1050E+04    4.5741E+26    2.9621E+27    3.6231E+27    4.3818E+27
    2.1150E+04    4.5807E+26    2.9660E+27    3.6249E+27    4.3776E+27
    2.1250E+04    4.5873E+26    2.9699E+27    3.6267E+27    4.3736E+27
    2.1350E+04    4.5938E+26    2.9737E+27    3.6284E+27    4.3693E+27
    2.1450E+04    4.6003E+26    2.9776E+27    3.6297E+27    4.3634E+27
    2.1550E+04    4.6066E+26    2.9812E+27    3.6297E+27    4.3509E+27
    2.1650E+04    4.6119E+26    2.9838E+27    3.6199E+27    4.2899E+27
    2.1750E+04    4.6194E+26    2.9887E+27    3.6322E+27    4.3380E+27
    2.1850E+04    4.6261E+26    2.9928E+27    3.6371E+27    4.3483E+27
    2.1950E+04    4.6325E+26    2.9967E+27    3.6395E+27    4.3474E+27
    2.2050E+04    4.6389E+26    3.0005E+27    3.6415E+27    4.3444E+27
    2.2150E+04    4.6452E+26    3.0042E+27    3.6434E+27    4.3412E+27
    2.2250E+04    4.6515E+26    3.0080E+27    3.6454E+27    4.3380E+27
    2.2350E+04    4.6578E+26    3.0117E+27    3.6473E+27    4.3348E+27
    2.2450E+04    4.6640E+26    3.0154E+27    3.6493E+27    4.3318E+27
    2.2550E+04    4.6702E+26    3.0191E+27    3.6512E+27    4.3288E+27
    2.2650E+04    4.6764E+26    3.0228E+27    3.6532E+27    4.3259E+27
    2.2750E+04    4.6826E+26    3.0265E+27    3.6552E+27    4.3230E+27
    2.2850E+04    4.2932E+26    2.7784E+27    3.3823E+27    4.0460E+27
    2.2950E+04    4.2988E+26    2.7817E+27    3.3840E+27    4.0430E+27
    2.3050E+04    4.3043E+26    2.7850E+27    3.3856E+27    4.0400E+27
    2.3150E+04    4.3098E+26    2.7883E+27    3.3873E+27    4.0371E+27
    2.3250E+04    4.3153E+26    2.7916E+27    3.3889E+27    4.0342E+27
    2.3350E+04    4.3208E+26    2.7948E+27    3.3906E+27    4.0314E+27
    2.3450E+04    4.3262E+26    2.7981E+27    3.3923E+27    4.0287E+27
    2.3550E+04    4.3317E+26    2.8013E+27    3.3940E+27    4.0260E+27
    2.3650E+04    4.3371E+26    2.8045E+27    3.3957E+27    4.0233E+27
    2.3750E+04    4.3424E+26    2.8077E+27    3.3973E+27    4.0205E+27
    2.3850E+04    4.3478E+26    2.8109E+27    3.3990E+27    4.0177E+27
    2.3950E+04    4.3531E+26    2.8141E+27    3.4007E+27    4.0150E+27
    2.4050E+04    4.3584E+26    2.8172E+27    3.4024E+27    4.0122E+27
    2.4150E+04    4.3637E+26    2.8204E+27    3.4040E+27    4.0093E+27
    2.4250E+04    4.3690E+26    2.8235E+27    3.4056E+27    4.0064E+27
    2.4350E+04    4.3743E+26    2.8267E+27    3.4074E+27    4.0041E+27
    2.4450E+04    4.3795E+26    2.8298E+27    3.4090E+27    4.0010E+27
    2.4550E+04    4.3847E+26    2.8329E+27    3.4108E+27    3.9993E+27
    2.4650E+04    4.3899E+26    2.8360E+27    3.4124E+27    3.9959E+27
    2.4750E+04    4.3950E+26    2.8391E+27    3.4142E+27    3.9943E+27
    2.4850E+04    4.4002E+26    2.8422E+27    3.4162E+27    3.9935E+27
    2.4950E+04    4.4053E+26    2.8452E+27    3.4174E+27    3.9874E+27
    2.5050E+04    4.4106E+26    2.8485E+27    3.4211E+27    3.9964E+27
    2.5150E+04    4.4156E+26    2.8515E+27    3.4221E+27    3.9902E+27
    2.5250E+04    4.4205E+26    2.8543E+27    3.4223E+27    3.9791E+27
    2.5350E+04    4.4257E+26    2.8575E+27    3.4253E+27    3.9841E+27
    2.5450E+04    4.4307E+26    2.8606E+27    3.4278E+27    3.9859E+27
    2.5550E+04    4.4357E+26    2.8635E+27    3.4287E+27    3.9798E+27
    2.5650E+04    4.4405E+26    2.8663E+27    3.4288E+27    3.9681E+27
    2.5750E+04    4.4457E+26    2.8695E+27    3.4328E+27    3.9782E+27
    2.5850E+04    4.4507E+26    2.8726E+27    3.4353E+27    3.9805E+27
    2.5950E+04    4.4556E+26    2.8755E+27    3.4369E+27    3.9778E+27
    2.6050E+04    4.4604E+26    2.8783E+27    3.4371E+27    3.9675E+27
    2.6150E+04    4.4650E+26    2.8810E+27    3.4364E+27    3.9529E+27
    2.6250E+04    4.4697E+26    2.8838E+27    3.4339E+27    3.9299E+27
    2.6350E+04    4.4749E+26    2.8871E+27    3.4423E+27    3.9623E+27
    2.6450E+04    4.4800E+26    2.8902E+27    3.4463E+27    3.9709E+27
    2.6550E+04    4.4848E+26    2.8932E+27    3.4483E+27    3.9702E+27
    2.6650E+04    4.4895E+26    2.8960E+27    3.4491E+27    3.9631E+27
    2.6750E+04    4.4940E+26    2.8985E+27    3.4476E+27    3.9442E+27
    2.6850E+04    4.4991E+26    2.9017E+27    3.4528E+27    3.9609E+27
    2.6950E+04    4.5040E+26    2.9047E+27    3.4561E+27    3.9663E+27
    2.7050E+04    4.5087E+26    2.9076E+27    3.4583E+27    3.9668E+27
    2.7150E+04    4.5134E+26    2.9105E+27    3.4603E+27    3.9661E+27
    2.7250E+04    4.5181E+26    2.9133E+27    3.4621E+27    3.9648E+27
    2.7350E+04    4.5228E+26    2.9161E+27    3.4637E+27    3.9625E+27
    2.7450E+04    4.5274E+26    2.9189E+27    3.4648E+27    3.9573E+27
    2.7550E+04    4.5316E+26    2.9213E+27    3.4627E+27    3.9356E+27
    2.7650E+04    4.5364E+26    2.9243E+27    3.4667E+27    3.9456E+27
    2.7750E+04    4.5413E+26    2.9273E+27    3.4710E+27    3.9569E+27
    2.7850E+04    4.5459E+26    2.9302E+27    3.4734E+27    3.9585E+27
    2.7950E+04    4.5505E+26    2.9330E+27    3.4755E+27    3.9585E+27
    2.8050E+04    4.5551E+26    2.9358E+27    3.4775E+27    3.9577E+27
    2.8150E+04    4.5596E+26    2.9385E+27    3.4794E+27    3.9569E+27
    2.8250E+04    4.5642E+26    2.9413E+27    3.4813E+27    3.9561E+27
    2.8350E+04    4.5687E+26    2.9440E+27    3.4832E+27    3.9552E+27
    2.8450E+04    4.5731E+26    2.9467E+27    3.4849E+27    3.9536E+27
    2.8550E+04    4.5776E+26    2.9494E+27    3.4863E+27    3.9507E+27
    2.8650E+04    4.5818E+26    2.9519E+27    3.4862E+27    3.9401E+27
    2.8750E+04    4.5859E+26    2.9543E+27    3.4849E+27    3.9227E+27
    2.8850E+04    4.5908E+26    2.9574E+27    3.4913E+27    3.9452E+27
    2.8950E+04    4.5953E+26    2.9602E+27    3.4943E+27    3.9495E+27
    2.9050E+04    4.5998E+26    2.9629E+27    3.4965E+27    3.9503E+27
    2.9150E+04    4.6041E+26    2.9656E+27    3.4985E+27    3.9501E+27
    2.9250E+04    4.6085E+26    2.9683E+27    3.5004E+27    3.9495E+27
    2.9350E+04    4.6129E+26    2.9709E+27    3.5023E+27    3.9490E+27
    2.9450E+04    4.6172E+26    2.9736E+27    3.5042E+27    3.9485E+27
    2.9550E+04    4.6215E+26    2.9762E+27    3.5062E+27    3.9480E+27
    2.9650E+04    4.6258E+26    2.9788E+27    3.5081E+27    3.9476E+27
    2.9750E+04    4.6301E+26    2.9814E+27    3.5100E+27    3.9471E+27
    2.9850E+04    4.6344E+26    2.9840E+27    3.5119E+27    3.9467E+27
    2.9950E+04    4.6386E+26    2.9866E+27    3.5138E+27    3.9464E+27
    3.0050E+04    4.6429E+26    2.9892E+27    3.5157E+27    3.9457E+27
    3.0150E+04    4.6471E+26    2.9918E+27    3.5173E+27    3.9442E+27
    3.0250E+04    4.6512E+26    2.9943E+27    3.5185E+27    3.9406E+27
    3.0350E+04    4.6550E+26    2.9965E+27    3.5166E+27    3.9211E+27
    3.0450E+04    4.6593E+26    2.9991E+27    3.5198E+27    3.9270E+27
    3.0550E+04    4.6638E+26    3.0020E+27    3.5245E+27    3.9409E+27
    3.0650E+04    4.6680E+26    3.0046E+27    3.5270E+27    3.9432E+27
    3.0750E+04    4.6722E+26    3.0071E+27    3.5291E+27    3.9439E+27
    3.0850E+04    4.6763E+26    3.0097E+27    3.5311E+27    3.9438E+27
    3.0950E+04    4.6804E+26    3.0122E+27    3.5330E+27    3.9436E+27
    3.1050E+04    4.6845E+26    3.0147E+27    3.5349E+27    3.9435E+27
    3.1150E+04    4.6886E+26    3.0172E+27    3.5368E+27    3.9433E+27
    3.1250E+04    4.6927E+26    3.0197E+27    3.5387E+27    3.9432E+27
    3.1350E+04    4.6967E+26    3.0222E+27    3.5406E+27    3.9431E+27
    3.1450E+04    4.7008E+26    3.0247E+27    3.5425E+27    3.9430E+27
    3.1550E+04    4.7048E+26    3.0271E+27    3.5445E+27    3.9429E+27
    3.1650E+04    4.7088E+26    3.0296E+27    3.5464E+27    3.9428E+27
    3.1750E+04    4.7128E+26    3.0321E+27    3.5483E+27    3.9428E+27
    3.1850E+04    4.7168E+26    3.0345E+27    3.5502E+27    3.9428E+27
    3.1950E+04    4.7208E+26    3.0369E+27    3.5521E+27    3.9428E+27
    3.2100E+04    4.7267E+26    3.0406E+27    3.5549E+27    3.9428E+27
    3.2300E+04    4.7346E+26    3.0454E+27    3.5587E+27    3.9428E+27
    3.2500E+04    4.7424E+26    3.0502E+27    3.5625E+27    3.9429E+27
    3.2700E+04    4.7502E+26    3.0550E+27    3.5660E+27    3.9418E+27
    3.2900E+04    4.5287E+26    2.9138E+27    3.4073E+27    3.7671E+27
    3.3100E+04    4.5363E+26    2.9185E+27    3.4129E+27    3.7775E+27
    3.3300E+04    4.5437E+26    2.9231E+27    3.4176E+27    3.7832E+27
    3.3500E+04    4.5510E+26    2.9276E+27    3.4213E+27    3.7838E+27
    3.3700E+04    4.5583E+26    2.9321E+27    3.4249E+27    3.7842E+27
    3.3900E+04    4.5655E+26    2.9365E+27    3.4285E+27    3.7846E+27
    3.4100E+04    4.5726E+26    2.9409E+27    3.4320E+27    3.7850E+27
    3.4300E+04    4.5797E+26    2.9453E+27    3.4356E+27    3.7854E+27
    3.4500E+04    4.5868E+26    2.9496E+27    3.4391E+27    3.7858E+27
    3.4700E+04    4.5938E+26    2.9540E+27    3.4426E+27    3.7863E+27
    3.4900E+04    4.6008E+26    2.9583E+27    3.4462E+27    3.7869E+27
    3.5100E+04    4.6077E+26    2.9625E+27    3.4497E+27    3.7874E+27
    3.5300E+04    4.6146E+26    2.9668E+27    3.4532E+27    3.7880E+27
    3.5500E+04    4.6214E+26    2.9710E+27    3.4567E+27    3.7886E+27
    3.5700E+04    4.6282E+26    2.9752E+27    3.4602E+27    3.7892E+27
    3.5900E+04    4.6350E+26    2.9794E+27    3.4636E+27    3.7899E+27
    3.6100E+04    4.6417E+26    2.9836E+27    3.4671E+27    3.7905E+27
    3.6300E+04    4.6484E+26    2.9877E+27    3.4706E+27    3.7914E+27
    3.6500E+04    4.6551E+26    2.9918E+27    3.4740E+27    3.7919E+27
    3.6700E+04    4.6617E+26    2.9959E+27    3.4775E+27    3.7933E+27
    3.6900E+04    4.6683E+26    3.0000E+27    3.4808E+27    3.7931E+27
    3.7100E+04    4.6748E+26    3.0040E+27    3.4843E+27    3.7945E+27
    3.7300E+04    4.6812E+26    3.0079E+27    3.4864E+27    3.7890E+27
    3.7500E+04    4.6876E+26    3.0119E+27    3.4893E+27    3.7875E+27
    3.7700E+04    4.6942E+26    3.0160E+27    3.4946E+27    3.7977E+27
    3.7900E+04    4.7006E+26    3.0200E+27    3.4982E+27    3.7996E+27
    3.8100E+04    4.7070E+26    3.0239E+27    3.5013E+27    3.7987E+27
    3.8300E+04    4.7133E+26    3.0279E+27    3.5047E+27    3.8002E+27
    3.8500E+04    4.7196E+26    3.0318E+27    3.5085E+27    3.8033E+27
    3.8700E+04    4.7259E+26    3.0357E+27    3.5119E+27    3.8046E+27
    3.8900E+04    4.7321E+26    3.0395E+27    3.5150E+27    3.8044E+27
    3.9100E+04    4.7382E+26    3.0433E+27    3.5179E+27    3.8030E+27
    3.9300E+04    4.7444E+26    3.0472E+27    3.5219E+27    3.8075E+27
    3.9500E+04    4.7506E+26    3.0510E+27    3.5254E+27    3.8098E+27
    3.9700E+04    4.7567E+26    3.0548E+27    3.5288E+27    3.8112E+27
    3.9900E+04    4.7627E+26    3.0586E+27    3.5321E+27    3.8125E+27
    4.0100E+04    4.7687E+26    3.0623E+27    3.5347E+27    3.8100E+27
    4.0300E+04    4.7747E+26    3.0660E+27    3.5378E+27    3.8103E+27
    4.0500E+04    4.7805E+26    3.0695E+27    3.5399E+27    3.8060E+27
    4.0700E+04    4.7866E+26    3.0734E+27    3.5450E+27    3.8160E+27
    4.0900E+04    4.7926E+26    3.0771E+27    3.5486E+27    3.8189E+27
    4.1100E+04    4.7984E+26    3.0808E+27    3.5519E+27    3.8205E+27
    4.1300E+04    4.8043E+26    3.0844E+27    3.5551E+27    3.8216E+27
    4.1500E+04    4.8101E+26    3.0880E+27    3.5581E+27    3.8217E+27
    4.1700E+04    4.8157E+26    3.0915E+27    3.5604E+27    3.8184E+27
    4.1900E+04    4.8216E+26    3.0952E+27    3.5646E+27    3.8245E+27
    4.2100E+04    4.8273E+26    3.0988E+27    3.5681E+27    3.8275E+27
    4.2300E+04    4.8330E+26    3.1023E+27    3.5714E+27    3.8292E+27
    4.2500E+04    4.8387E+26    3.1059E+27    3.5746E+27    3.8307E+27
    4.2700E+04    4.8443E+26    3.1094E+27    3.5778E+27    3.8322E+27
    4.2900E+04    4.8500E+26    3.1129E+27    3.5810E+27    3.8337E+27
    4.3100E+04    4.8555E+26    3.1164E+27    3.5842E+27    3.8353E+27
    4.3300E+04    4.8611E+26    3.1198E+27    3.5873E+27    3.8367E+27
    4.3500E+04    4.8666E+26    3.1233E+27    3.5903E+27    3.8375E+27
    4.3700E+04    4.8720E+26    3.1266E+27    3.5925E+27    3.8339E+27
    4.3900E+04    4.8775E+26    3.1301E+27    3.5962E+27    3.8385E+27
    4.4100E+04    4.8831E+26    3.1335E+27    3.5999E+27    3.8427E+27
    4.4300E+04    4.8885E+26    3.1369E+27    3.6031E+27    3.8448E+27
    4.4500E+04    4.8939E+26    3.1403E+27    3.6062E+27    3.8464E+27
    4.4700E+04    4.7552E+26    3.0520E+27    3.5091E+27    3.7482E+27
    4.4900E+04    4.7605E+26    3.0553E+27    3.5121E+27    3.7498E+27
    4.5100E+04    4.7657E+26    3.0585E+27    3.5152E+27    3.7514E+27
    4.5300E+04    4.7709E+26    3.0618E+27    3.5182E+27    3.7530E+27
    4.5500E+04    4.7760E+26    3.0650E+27    3.5212E+27    3.7546E+27
    4.5700E+04    4.7812E+26    3.0682E+27    3.5242E+27    3.7562E+27
    4.5900E+04    4.7863E+26    3.0714E+27    3.5272E+27    3.7578E+27
    4.6100E+04    4.7914E+26    3.0746E+27    3.5301E+27    3.7591E+27
    4.6300E+04    4.7965E+26    3.0778E+27    3.5328E+27    3.7596E+27
    4.6500E+04    4.8014E+26    3.0808E+27    3.5343E+27    3.7540E+27
    4.6700E+04    4.8064E+26    3.0840E+27    3.5375E+27    3.7565E+27
    4.6900E+04    4.8116E+26    3.0872E+27    3.5415E+27    3.7637E+27
    4.7100E+04    4.8166E+26    3.0904E+27    3.5448E+27    3.7672E+27
    4.7300E+04    4.8216E+26    3.0935E+27    3.5479E+27    3.7693E+27
    4.7500E+04    4.8265E+26    3.0966E+27    3.5508E+27    3.7710E+27
    4.7700E+04    4.8314E+26    3.0997E+27    3.5537E+27    3.7727E+27
    4.7900E+04    4.8363E+26    3.1027E+27    3.5566E+27    3.7744E+27
    4.8100E+04    4.8412E+26    3.1058E+27    3.5595E+27    3.7761E+27
    4.8300E+04    4.8461E+26    3.1088E+27    3.5624E+27    3.7778E+27
    4.8500E+04    4.8509E+26    3.1119E+27    3.5653E+27    3.7795E+27
    4.8700E+04    4.8557E+26    3.1149E+27    3.5682E+27    3.7813E+27
    4.8900E+04    4.8605E+26    3.1179E+27    3.5711E+27    3.7830E+27
    4.9100E+04    4.8653E+26    3.1209E+27    3.5739E+27    3.7847E+27
    4.9300E+04    4.8701E+26    3.1239E+27    3.5768E+27    3.7865E+27
    4.9500E+04    4.8748E+26    3.1268E+27    3.5796E+27    3.7882E+27
    4.9700E+04    4.8795E+26    3.1298E+27    3.5825E+27    3.7900E+27
    4.9900E+04    4.8842E+26    3.1328E+27    3.5853E+27    3.7917E+27
    5.0100E+04    4.8889E+26    3.1357E+27    3.5881E+27    3.7935E+27
    5.0300E+04    4.8936E+26    3.1386E+27    3.5909E+27    3.7952E+27
    5.0500E+04    4.8982E+26    3.1415E+27    3.5937E+27    3.7970E+27
    5.0700E+04    4.9028E+26    3.1444E+27    3.5965E+27    3.7988E+27
    5.0900E+04    4.9074E+26    3.1473E+27    3.5993E+27    3.8003E+27
    5.1100E+04    4.9120E+26    3.1502E+27    3.6017E+27    3.8006E+27
    5.1300E+04    4.9165E+26    3.1529E+27    3.6036E+27    3.7978E+27
    5.1500E+04    4.9211E+26    3.1559E+27    3.6074E+27    3.8047E+27
    5.1700E+04    4.9257E+26    3.1588E+27    3.6104E+27    3.8075E+27
    5.1900E+04    4.9302E+26    3.1616E+27    3.6132E+27    3.8095E+27
    5.2100E+04    4.9347E+26    3.1644E+27    3.6159E+27    3.8113E+27
    5.2300E+04    4.9392E+26    3.1672E+27    3.6186E+27    3.8131E+27
    5.2500E+04    4.9436E+26    3.1700E+27    3.6214E+27    3.8149E+27
    5.2700E+04    4.9481E+26    3.1728E+27    3.6241E+27    3.8167E+27
    5.2900E+04    4.9525E+26    3.1756E+27    3.6268E+27    3.8185E+27
    5.3100E+04    4.9569E+26    3.1784E+27    3.6295E+27    3.8203E+27
    5.3300E+04    4.9613E+26    3.1811E+27    3.6322E+27    3.8221E+27
    5.3500E+04    4.9657E+26    3.1839E+27    3.6349E+27    3.8240E+27
    5.3700E+04    4.9700E+26    3.1866E+27    3.6376E+27    3.8258E+27
    5.3900E+04    4.9744E+26    3.1893E+27    3.6403E+27    3.8276E+27
    5.4100E+04    4.9787E+26    3.1921E+27    3.6429E+27    3.8294E+27
    5.4300E+04    4.9830E+26    3.1948E+27    3.6456E+27    3.8313E+27
    5.4500E+04    4.9873E+26    3.1975E+27    3.6483E+27    3.8331E+27
    5.4700E+04    4.9915E+26    3.2002E+27    3.6509E+27    3.8349E+27
    5.4900E+04    4.9958E+26    3.2028E+27    3.6535E+27    3.8367E+27
    5.5100E+04    5.0000E+26    3.2055E+27    3.6562E+27    3.8386E+27
    5.5300E+04    5.0043E+26    3.2082E+27    3.6588E+27    3.8404E+27
    5.5500E+04    5.0085E+26    3.2108E+27    3.6614E+27    3.8422E+27
    5.5700E+04    5.0127E+26    3.2135E+27    3.6640E+27    3.8441E+27
    5.5900E+04    5.0169E+26    3.2161E+27    3.6666E+27    3.8459E+27
    5.6100E+04    5.0210E+26    3.2187E+27    3.6692E+27    3.8478E+27
    5.6300E+04    5.0252E+26    3.2213E+27    3.6718E+27    3.8496E+27
    5.6500E+04    5.0293E+26    3.2239E+27    3.6744E+27    3.8514E+27
    5.6700E+04    5.0334E+26    3.2265E+27    3.6770E+27    3.8533E+27
    5.6900E+04    5.0375E+26    3.2291E+27    3.6796E+27    3.8551E+27
    5.7100E+04    5.0416E+26    3.2317E+27    3.6821E+27    3.8570E+27
    5.7300E+04    5.0457E+26    3.2342E+27    3.6847E+27    3.8588E+27
    5.7500E+04    5.0498E+26    3.2368E+27    3.6872E+27    3.8606E+27
    5.7700E+04    5.0538E+26    3.2393E+27    3.6898E+27    3.8625E+27
    5.7900E+04    5.0578E+26    3.2419E+27    3.6923E+27    3.8643E+27
    5.8100E+04    5.0619E+26    3.2444E+27    3.6948E+27    3.8662E+27
    5.8300E+04    5.0659E+26    3.2469E+27    3.6974E+27    3.8680E+27
    5.8500E+04    4.9733E+26    3.1880E+27    3.6327E+27    3.8028E+27
    5.8700E+04    4.9772E+26    3.1905E+27    3.6351E+27    3.8043E+27
    5.8900E+04    4.9811E+26    3.1929E+27    3.6373E+27    3.8050E+27
    5.9100E+04    4.9850E+26    3.1953E+27    3.6391E+27    3.8034E+27
    5.9300E+04    4.9890E+26    3.1979E+27    3.6423E+27    3.8090E+27
    5.9500E+04    4.9929E+26    3.2003E+27    3.6449E+27    3.8117E+27
    5.9700E+04    4.9967E+26    3.2028E+27    3.6474E+27    3.8137E+27
    5.9900E+04    5.0006E+26    3.2052E+27    3.6499E+27    3.8155E+27
    6.0100E+04    5.0044E+26    3.2076E+27    3.6523E+27    3.8173E+27
    6.0300E+04    5.0083E+26    3.2100E+27    3.6548E+27    3.8191E+27
    6.0500E+04    5.0121E+26    3.2124E+27    3.6572E+27    3.8209E+27
    6.0700E+04    5.0159E+26    3.2148E+27    3.6596E+27    3.8227E+27
    6.0900E+04    5.0197E+26    3.2172E+27    3.6620E+27    3.8246E+27
    6.1100E+04    5.0234E+26    3.2196E+27    3.6644E+27    3.8264E+27
    6.1300E+04    5.0272E+26    3.2220E+27    3.6668E+27    3.8282E+27
    6.1500E+04    5.0310E+26    3.2244E+27    3.6692E+27    3.8300E+27
    6.1700E+04    5.0347E+26    3.2267E+27    3.6716E+27    3.8318E+27
    6.1900E+04    5.0384E+26    3.2291E+27    3.6740E+27    3.8336E+27
    6.2100E+04    5.0422E+26    3.2314E+27    3.6763E+27    3.8354E+27
    6.2300E+04    5.0459E+26    3.2338E+27    3.6787E+27    3.8372E+27
    6.2500E+04    5.0496E+26    3.2361E+27    3.6811E+27    3.8391E+27
    6.2700E+04    5.0532E+26    3.2384E+27    3.6834E+27    3.8409E+27
    6.2900E+04    5.0569E+26    3.2407E+27    3.6858E+27    3.8427E+27
    6.3100E+04    5.0606E+26    3.2430E+27    3.6881E+27    3.8445E+27
    6.3300E+04    5.0642E+26    3.2453E+27    3.6905E+27    3.8463E+27
    6.3500E+04    5.0678E+26    3.2476E+27    3.6928E+27    3.8481E+27
    6.3700E+04    5.0715E+26    3.2499E+27    3.6951E+27    3.8499E+27
    6.3900E+04    5.0751E+26    3.2522E+27    3.6974E+27    3.8517E+27
    6.4200E+04    5.0805E+26    3.2556E+27    3.7009E+27    3.8544E+27
    6.4600E+04    5.0876E+26    3.2601E+27    3.7055E+27    3.8580E+27
    6.5000E+04    5.0947E+26    3.2646E+27    3.7101E+27    3.8616E+27
    6.5400E+04    5.1018E+26    3.2691E+27    3.7147E+27    3.8652E+27
    6.5800E+04    5.1088E+26    3.2735E+27    3.7192E+27    3.8688E+27
    6.6200E+04    5.1158E+26    3.2779E+27    3.7237E+27    3.8724E+27
    6.6600E+04    5.1228E+26    3.2823E+27    3.7282E+27    3.8760E+27
    6.7000E+04    5.1297E+26    3.2867E+27    3.7327E+27    3.8796E+27
    6.7400E+04    5.1365E+26    3.2910E+27    3.7371E+27    3.8831E+27
    6.7800E+04    5.1433E+26    3.2953E+27    3.7416E+27    3.8867E+27
    6.8200E+04    5.1501E+26    3.2996E+27    3.7460E+27    3.8903E+27
    6.8600E+04    5.1568E+26    3.3039E+27    3.7504E+27    3.8938E+27
    6.9000E+04    5.1635E+26    3.3081E+27    3.7547E+27    3.8974E+27
    6.9400E+04    5.1702E+26    3.3123E+27    3.7591E+27    3.9009E+27
    6.9800E+04    5.1768E+26    3.3165E+27    3.7634E+27    3.9044E+27
    7.0200E+04    5.1834E+26    3.3207E+27    3.7677E+27    3.9080E+27
    7.0600E+04    5.1900E+26    3.3248E+27    3.7720E+27    3.9115E+27
    7.1000E+04    5.1965E+26    3.3289E+27    3.7763E+27    3.9150E+27
    7.1400E+04    5.2029E+26    3.3330E+27    3.7805E+27    3.9185E+27
    7.1800E+04    5.2094E+26    3.3371E+27    3.7847E+27    3.9220E+27
    7.2200E+04    5.2158E+26    3.3412E+27    3.7889E+27    3.9255E+27
    7.2600E+04    5.2222E+26    3.3452E+27    3.7931E+27    3.9290E+27
    7.3000E+04    5.2285E+26    3.3492E+27    3.7973E+27    3.9325E+27
    7.3400E+04    5.2348E+26    3.3532E+27    3.8014E+27    3.9359E+27
    7.3800E+04    5.2411E+26    3.3572E+27    3.8056E+27    3.9394E+27
    7.4200E+04    5.1795E+26    3.3179E+27    3.7624E+27    3.8954E+27
    7.4600E+04    5.1880E+26    3.3252E+27    3.7753E+27    3.9077E+27
    7.5000E+04    5.1917E+26    3.3257E+27    3.7702E+27    3.9005E+27
    7.5400E+04    5.1979E+26    3.3296E+27    3.7745E+27    3.9056E+27
    7.5800E+04    5.2040E+26    3.3334E+27    3.7786E+27    3.9092E+27
    7.6200E+04    5.2100E+26    3.3373E+27    3.7826E+27    3.9126E+27
    7.6600E+04    5.2160E+26    3.3411E+27    3.7866E+27    3.9160E+27
    7.7000E+04    5.2220E+26    3.3449E+27    3.7906E+27    3.9194E+27
    7.7400E+04    5.2279E+26    3.3486E+27    3.7945E+27    3.9228E+27
    7.7800E+04    5.2338E+26    3.3524E+27    3.7984E+27    3.9261E+27
    7.8200E+04    5.2397E+26    3.3561E+27    3.8023E+27    3.9295E+27
    7.8600E+04    5.2456E+26    3.3598E+27    3.8062E+27    3.9328E+27
    7.9000E+04    5.2514E+26    3.3635E+27    3.8101E+27    3.9362E+27
    7.9400E+04    5.2572E+26    3.3672E+27    3.8140E+27    3.9395E+27
    7.9800E+04    5.2630E+26    3.3708E+27    3.8178E+27    3.9428E+27
    8.0200E+04    5.2687E+26    3.3745E+27    3.8217E+27    3.9461E+27
    8.0600E+04    5.2744E+26    3.3781E+27    3.8255E+27    3.9494E+27
    8.1000E+04    5.2801E+26    3.3817E+27    3.8293E+27    3.9527E+27
    8.1400E+04    5.2858E+26    3.3853E+27    3.8331E+27    3.9560E+27
    8.1800E+04    5.2914E+26    3.3889E+27    3.8368E+27    3.9593E+27
    8.2200E+04    5.2970E+26    3.3924E+27    3.8406E+27    3.9626E+27
    8.2600E+04    5.3026E+26    3.3960E+27    3.8443E+27    3.9659E+27
    8.3000E+04    5.3082E+26    3.3995E+27    3.8480E+27    3.9691E+27
    8.3400E+04    5.3137E+26    3.4030E+27    3.8517E+27    3.9724E+27
    8.3800E+04    5.3192E+26    3.4065E+27    3.8554E+27    3.9756E+27
    8.4200E+04    5.3247E+26    3.4100E+27    3.8591E+27    3.9788E+27
    8.4600E+04    5.3301E+26    3.4134E+27    3.8628E+27    3.9821E+27
    8.5000E+04    5.3355E+26    3.4169E+27    3.8664E+27    3.9853E+27
    8.5400E+04    5.3409E+26    3.4203E+27    3.8700E+27    3.9885E+27
    8.5800E+04    5.3463E+26    3.4237E+27    3.8737E+27    3.9917E+27
    8.6200E+04    5.3517E+26    3.4271E+27    3.8773E+27    3.9949E+27
    8.6600E+04    5.3570E+26    3.4305E+27    3.8808E+27    3.9980E+27
    8.7000E+04    5.3623E+26    3.4339E+27    3.8844E+27    4.0012E+27
    8.7400E+04    5.3676E+26    3.4372E+27    3.8880E+27    4.0044E+27
    8.7800E+04    5.3729E+26    3.4405E+27    3.8915E+27    4.0075E+27
    8.8200E+04    5.3781E+26    3.4439E+27    3.8951E+27    4.0107E+27
    8.8600E+04    5.3833E+26    3.4472E+27    3.8986E+27    4.0138E+27
    8.9000E+04    5.3885E+26    3.4505E+27    3.9021E+27    4.0170E+27
    8.9400E+04    5.3937E+26    3.4538E+27    3.9056E+27    4.0201E+27
    8.9800E+04    5.3988E+26    3.4570E+27    3.9091E+27    4.0232E+27
    9.0200E+04    5.4039E+26    3.4603E+27    3.9125E+27    4.0263E+27
    9.0600E+04    5.4090E+26    3.4635E+27    3.9160E+27    4.0294E+27
    9.1000E+04    5.4141E+26    3.4668E+27    3.9194E+27    4.0325E+27
    9.1400E+04    5.3698E+26    3.4385E+27    3.8884E+27    4.0012E+27
    9.1800E+04    5.3748E+26    3.4417E+27    3.8918E+27    4.0042E+27
    9.2200E+04    5.3798E+26    3.4449E+27    3.8952E+27    4.0073E+27
    9.2600E+04    5.3848E+26    3.4481E+27    3.8986E+27    4.0103E+27
    9.3000E+04    5.3897E+26    3.4512E+27    3.9020E+27    4.0134E+27
    9.3400E+04    5.3947E+26    3.4543E+27    3.9053E+27    4.0164E+27
    9.3800E+04    5.3996E+26    3.4575E+27    3.9087E+27    4.0194E+27
    9.4200E+04    5.4045E+26    3.4606E+27    3.9120E+27    4.0225E+27
    9.4600E+04    5.4094E+26    3.4637E+27    3.9153E+27    4.0255E+27
    9.5000E+04    5.4143E+26    3.4668E+27    3.9186E+27    4.0285E+27
    9.5400E+04    5.4191E+26    3.4698E+27    3.9219E+27    4.0314E+27
    9.5800E+04    5.4239E+26    3.4729E+27    3.9252E+27    4.0344E+27
    9.6200E+04    5.4287E+26    3.4760E+27    3.9284E+27    4.0374E+27
    9.6600E+04    5.4335E+26    3.4790E+27    3.9317E+27    4.0404E+27
    9.7000E+04    5.4383E+26    3.4820E+27    3.9349E+27    4.0433E+27
    9.7400E+04    5.4430E+26    3.4850E+27    3.9382E+27    4.0463E+27
    9.7800E+04    5.4477E+26    3.4880E+27    3.9414E+27    4.0492E+27
    9.8200E+04    5.4525E+26    3.4910E+27    3.9446E+27    4.0522E+27
    9.8600E+04    5.4572E+26    3.4940E+27    3.9478E+27    4.0551E+27
    9.9000E+04    5.4618E+26    3.4970E+27    3.9510E+27    4.0580E+27
    9.9400E+04    5.4665E+26    3.5000E+27    3.9542E+27    4.0610E+27
    9.9800E+04    5.4711E+26    3.5029E+27    3.9573E+27    4.0639E+27
    1.0020E+05    5.4757E+26    3.5058E+27    3.9605E+27    4.0668E+27
    2.0000E+05    6.1886E+26    3.9600E+27    4.4566E+27    4.5415E+27
    4.0000E+05    7.0135E+26    4.4864E+27    5.0401E+27    5.1244E+27
    6.0000E+05    7.5435E+26    4.8247E+27    5.4158E+27    5.5027E+27
    8.0000E+05    7.9395E+26    5.0774E+27    5.6965E+27    5.7856E+27
    1.0000E+06    8.2556E+26    5.2792E+27    5.9206E+27    6.0116E+27
    1.2000E+06    8.5205E+26    5.4482E+27    6.1083E+27    6.2009E+27
    1.4000E+06    8.7478E+26    5.5933E+27    6.2693E+27    6.3633E+27
    1.6000E+06    8.9478E+26    5.7209E+27    6.4110E+27    6.5062E+27
