    9.0900E+01    2.8324E+24    1.7003E+25    2.4788E+25    2.9233E+25
    9.3500E+01    2.9746E+24    1.7857E+25    2.6032E+25    3.0701E+25
    9.6100E+01    3.1161E+24    1.8706E+25    2.7271E+25    3.2162E+25
    9.7700E+01    3.2028E+24    1.9227E+25    2.8030E+25    3.3056E+25
    9.9600E+01    3.3053E+24    1.9842E+25    2.8926E+25    3.4114E+25
    1.0200E+02    3.4340E+24    2.0615E+25    3.0053E+25    3.5443E+25
    1.0380E+02    3.5300E+24    2.1191E+25    3.0893E+25    3.6433E+25
    1.0560E+02    3.6254E+24    2.1764E+25    3.1728E+25    3.7418E+25
    1.0770E+02    3.7361E+24    2.2428E+25    3.2696E+25    3.8560E+25
    1.1040E+02    3.8772E+24    2.3275E+25    3.3931E+25    4.0017E+25
    1.1400E+02    4.0632E+24    2.4392E+25    3.5559E+25    4.1937E+25
    1.1780E+02    4.2569E+24    2.5554E+25    3.7254E+25    4.3935E+25
    1.2130E+02    4.4327E+24    2.6609E+25    3.8792E+25    4.5750E+25
    1.2480E+02    4.6059E+24    2.7650E+25    4.0309E+25    4.7538E+25
    1.2710E+02    4.7184E+24    2.8325E+25    4.1294E+25    4.8699E+25
    1.2840E+02    4.7815E+24    2.8704E+25    4.1846E+25    4.9351E+25
    1.3050E+02    4.8827E+24    2.9311E+25    4.2731E+25    5.0395E+25
    1.3240E+02    4.9735E+24    2.9856E+25    4.3525E+25    5.1331E+25
    1.3390E+02    5.0446E+24    3.0283E+25    4.4148E+25    5.2065E+25
    1.3660E+02    5.1714E+24    3.1044E+25    4.5257E+25    5.3374E+25
    1.3980E+02    5.3197E+24    3.1934E+25    4.6555E+25    5.4905E+25
    1.4330E+02    5.4794E+24    3.2893E+25    4.7953E+25    5.6553E+25
    1.4720E+02    5.6544E+24    3.3944E+25    4.9485E+25    5.8360E+25
    1.5100E+02    5.8220E+24    3.4950E+25    5.0951E+25    6.0089E+25
    1.5520E+02    6.0037E+24    3.6041E+25    5.2542E+25    6.1965E+25
    1.5880E+02    6.1568E+24    3.6959E+25    5.3881E+25    6.3544E+25
    1.6200E+02    6.2906E+24    3.7763E+25    5.5053E+25    6.4926E+25
    1.6600E+02    6.4552E+24    3.8751E+25    5.6493E+25    6.6625E+25
    1.7030E+02    6.6288E+24    3.9793E+25    5.8012E+25    6.8416E+25
    1.7340E+02    6.7518E+24    4.0531E+25    5.9088E+25    6.9685E+25
    1.7680E+02    6.8847E+24    4.1329E+25    6.0251E+25    7.1057E+25
    1.8020E+02    7.0155E+24    4.2114E+25    6.1396E+25    7.2407E+25
    1.8170E+02    7.0726E+24    4.2457E+25    6.1896E+25    7.2996E+25
    1.8610E+02    7.2377E+24    4.3449E+25    6.3341E+25    7.4701E+25
    1.9100E+02    7.4179E+24    4.4530E+25    6.4918E+25    7.6560E+25
    1.9390E+02    7.5226E+24    4.5159E+25    6.5834E+25    7.7641E+25
    1.9840E+02    7.6825E+24    4.6118E+25    6.7234E+25    7.9292E+25
    2.0180E+02    7.8012E+24    4.6831E+25    6.8272E+25    8.0517E+25
    2.0500E+02    7.9113E+24    4.7492E+25    6.9236E+25    8.1653E+25
    2.1050E+02    8.0970E+24    4.8607E+25    7.0861E+25    8.3569E+25
    2.1620E+02    8.2848E+24    4.9734E+25    7.2505E+25    8.5508E+25
    2.1980E+02    8.4011E+24    5.0432E+25    7.3522E+25    8.6708E+25
    2.2300E+02    8.5030E+24    5.1044E+25    7.4414E+25    8.7760E+25
    2.2680E+02    8.6222E+24    5.1759E+25    7.5458E+25    8.8990E+25
    2.3000E+02    8.7212E+24    5.2353E+25    7.6323E+25    9.0012E+25
    2.3400E+02    8.8430E+24    5.3085E+25    7.7390E+25    9.1269E+25
    2.4000E+02    9.0221E+24    5.4160E+25    7.8957E+25    9.3118E+25
    2.4650E+02    9.2113E+24    5.5296E+25    8.0613E+25    9.5070E+25
    2.5240E+02    9.3788E+24    5.6301E+25    8.2079E+25    9.6799E+25
    2.5680E+02    9.5012E+24    5.7036E+25    8.3150E+25    9.8063E+25
    2.6000E+02    9.5890E+24    5.7563E+25    8.3918E+25    9.8968E+25
    2.6400E+02    9.6972E+24    5.8212E+25    8.4865E+25    1.0008E+26
    2.6850E+02    9.8169E+24    5.8931E+25    8.5913E+25    1.0132E+26
    2.7350E+02    9.9476E+24    5.9716E+25    8.7057E+25    1.0267E+26
    2.7850E+02    1.0076E+25    6.0486E+25    8.8179E+25    1.0399E+26
    2.8400E+02    1.0214E+25    6.1317E+25    8.9391E+25    1.0542E+26
    2.9000E+02    1.0362E+25    6.2205E+25    9.0685E+25    1.0695E+26
    2.9600E+02    1.0507E+25    6.3074E+25    9.1952E+25    1.0844E+26
    3.0100E+02    1.0625E+25    6.3784E+25    9.2988E+25    1.0966E+26
    3.0800E+02    1.0788E+25    6.4758E+25    9.4408E+25    1.1134E+26
    3.1800E+02    1.1013E+25    6.6110E+25    9.6379E+25    1.1366E+26
    3.2800E+02    1.1231E+25    6.7418E+25    9.8286E+25    1.1591E+26
    3.3800E+02    1.1442E+25    6.8684E+25    1.0013E+26    1.1809E+26
    3.4800E+02    1.1646E+25    6.9911E+25    1.0192E+26    1.2020E+26
    3.5700E+02    1.1824E+25    7.0983E+25    1.0348E+26    1.2204E+26
    3.6600E+02    1.1998E+25    7.2026E+25    1.0500E+26    1.2383E+26
    3.7500E+02    1.2167E+25    7.3041E+25    1.0648E+26    1.2558E+26
    3.8500E+02    1.2350E+25    7.4139E+25    1.0808E+26    1.2747E+26
    3.9500E+02    1.2528E+25    7.5206E+25    1.0964E+26    1.2930E+26
    4.0500E+02    1.2701E+25    7.6244E+25    1.1115E+26    1.3109E+26
    4.1400E+02    1.2852E+25    7.7154E+25    1.1248E+26    1.3265E+26
    4.2200E+02    1.2984E+25    7.7945E+25    1.1363E+26    1.3401E+26
    4.3000E+02    1.3113E+25    7.8719E+25    1.1476E+26    1.3534E+26
    4.4100E+02    1.3286E+25    7.9758E+25    1.1628E+26    1.3713E+26
    4.5100E+02    1.3440E+25    8.0678E+25    1.1762E+26    1.3871E+26
    4.6000E+02    1.3574E+25    8.1487E+25    1.1880E+26    1.4010E+26
    4.7000E+02    1.3721E+25    8.2365E+25    1.2008E+26    1.4161E+26
    4.8000E+02    1.3863E+25    8.3223E+25    1.2133E+26    1.4309E+26
    4.9000E+02    1.4003E+25    8.4061E+25    1.2255E+26    1.4453E+26
    5.0000E+02    1.4139E+25    8.4880E+25    1.2374E+26    1.4593E+26
    5.0600E+02    1.4220E+25    8.5363E+25    1.2445E+26    1.4676E+26
    5.1200E+02    1.4299E+25    8.5839E+25    1.2514E+26    1.4758E+26
    5.2000E+02    1.4403E+25    8.6464E+25    1.2605E+26    1.4866E+26
    5.3000E+02    1.4531E+25    8.7231E+25    1.2717E+26    1.4998E+26
    5.4000E+02    1.4656E+25    8.7982E+25    1.2826E+26    1.5127E+26
    5.5000E+02    1.4779E+25    8.8717E+25    1.2934E+26    1.5253E+26
    5.6000E+02    1.4899E+25    8.9437E+25    1.3039E+26    1.5377E+26
    5.7000E+02    1.5016E+25    9.0143E+25    1.3142E+26    1.5498E+26
    5.8000E+02    1.5132E+25    9.0835E+25    1.3242E+26    1.5617E+26
    5.9000E+02    1.5245E+25    9.1514E+25    1.3341E+26    1.5734E+26
    6.0000E+02    1.5356E+25    9.2180E+25    1.3438E+26    1.5849E+26
    6.1000E+02    1.5464E+25    9.2834E+25    1.3534E+26    1.5961E+26
    6.2000E+02    1.5571E+25    9.3475E+25    1.3627E+26    1.6071E+26
    6.3000E+02    1.5676E+25    9.4106E+25    1.3719E+26    1.6180E+26
    6.4000E+02    1.5779E+25    9.4724E+25    1.3809E+26    1.6286E+26
    6.5000E+02    1.5881E+25    9.5333E+25    1.3898E+26    1.6391E+26
    6.5800E+02    1.5961E+25    9.5812E+25    1.3968E+26    1.6473E+26
    6.6500E+02    1.6029E+25    9.6225E+25    1.4028E+26    1.6544E+26
    6.7500E+02    1.6126E+25    9.6808E+25    1.4113E+26    1.6644E+26
    6.8500E+02    1.6222E+25    9.7381E+25    1.4197E+26    1.6743E+26
    6.9500E+02    1.6316E+25    9.7944E+25    1.4279E+26    1.6840E+26
    7.0500E+02    1.6408E+25    9.8499E+25    1.4360E+26    1.6935E+26
    7.1600E+02    1.6508E+25    9.9099E+25    1.4447E+26    1.7038E+26
    7.2600E+02    1.6597E+25    9.9635E+25    1.4525E+26    1.7130E+26
    7.3500E+02    1.6677E+25    1.0011E+26    1.4595E+26    1.7212E+26
    7.4500E+02    1.6763E+25    1.0063E+26    1.4671E+26    1.7302E+26
    7.5500E+02    1.6849E+25    1.0114E+26    1.4745E+26    1.7390E+26
    7.6500E+02    1.6933E+25    1.0165E+26    1.4819E+26    1.7477E+26
    7.7500E+02    1.7016E+25    1.0215E+26    1.4892E+26    1.7562E+26
    7.8500E+02    1.7098E+25    1.0264E+26    1.4963E+26    1.7647E+26
    7.9500E+02    1.7179E+25    1.0312E+26    1.5034E+26    1.7730E+26
    8.0500E+02    1.7258E+25    1.0360E+26    1.5103E+26    1.7812E+26
    8.1500E+02    1.7336E+25    1.0407E+26    1.5172E+26    1.7893E+26
    8.2500E+02    1.7414E+25    1.0454E+26    1.5240E+26    1.7973E+26
    8.3500E+02    1.7490E+25    1.0499E+26    1.5306E+26    1.8052E+26
    8.4500E+02    1.7565E+25    1.0544E+26    1.5372E+26    1.8129E+26
    8.5500E+02    1.7639E+25    1.0589E+26    1.5437E+26    1.8206E+26
    8.6500E+02    1.7713E+25    1.0633E+26    1.5501E+26    1.8281E+26
    8.7500E+02    1.7785E+25    1.0676E+26    1.5565E+26    1.8356E+26
    8.8500E+02    1.7857E+25    1.0719E+26    1.5627E+26    1.8430E+26
    8.9500E+02    1.7927E+25    1.0762E+26    1.5689E+26    1.8503E+26
    9.0500E+02    1.7997E+25    1.0804E+26    1.5750E+26    1.8575E+26
    9.1500E+02    4.2997E+26    3.3089E+27    4.3031E+27    4.3365E+27
    9.2500E+02    5.5201E+26    4.4831E+27    6.4997E+27    6.5637E+27
    9.3500E+02    6.3888E+26    5.3605E+27    8.7379E+27    8.9035E+27
    9.4500E+02    6.8291E+26    5.8416E+27    1.0559E+28    1.0999E+28
    9.5500E+02    6.9438E+26    5.9803E+27    1.1395E+28    1.2162E+28
    9.6500E+02    7.0719E+26    6.1253E+27    1.2483E+28    1.3707E+28
    9.7500E+02    6.3681E+26    5.4169E+27    8.9905E+27    9.2383E+27
    9.8500E+02    7.0899E+26    6.1746E+27    1.3408E+28    1.5618E+28
    9.9500E+02    7.0219E+26    6.1174E+27    1.3609E+28    1.6516E+28
    1.0050E+03    7.0285E+26    6.1420E+27    1.3748E+28    1.6560E+28
    1.0150E+03    6.8762E+26    6.0026E+27    1.2854E+28    1.4696E+28
    1.0250E+03    4.3644E+26    3.5437E+27    5.0751E+27    5.1621E+27
    1.0350E+03    6.7224E+26    5.8738E+27    1.2390E+28    1.3975E+28
    1.0450E+03    6.7895E+26    5.9537E+27    1.3379E+28    1.6201E+28
    1.0550E+03    6.7679E+26    5.9440E+27    1.3633E+28    1.6946E+28
    1.0650E+03    6.7192E+26    5.9070E+27    1.3621E+28    1.7095E+28
    1.0750E+03    6.6644E+26    5.8630E+27    1.3554E+28    1.7105E+28
    1.0850E+03    2.5636E+26    1.8601E+27    4.6504E+27    7.5516E+27
    1.0950E+03    6.5547E+26    5.7739E+27    1.3384E+28    1.6986E+28
    1.1050E+03    6.5010E+26    5.7306E+27    1.3292E+28    1.6893E+28
    1.1150E+03    6.4472E+26    5.6857E+27    1.3197E+28    1.6795E+28
    1.1250E+03    6.3939E+26    5.6417E+27    1.3099E+28    1.6678E+28
    1.1350E+03    6.3413E+26    5.5976E+27    1.3003E+28    1.6569E+28
    1.1450E+03    6.2891E+26    5.5538E+27    1.2901E+28    1.6437E+28
    1.1550E+03    6.2377E+26    5.5108E+27    1.2801E+28    1.6296E+28
    1.1650E+03    6.1844E+26    5.4652E+27    1.2677E+28    1.6099E+28
    1.1750E+03    6.1307E+26    5.4188E+27    1.2534E+28    1.5829E+28
    1.1850E+03    6.0735E+26    5.3689E+27    1.2360E+28    1.5473E+28
    1.1950E+03    6.0033E+26    5.3051E+27    1.2045E+28    1.4737E+28
    1.2050E+03    5.8773E+26    5.1851E+27    1.1243E+28    1.2964E+28
    1.2150E+03    3.5314E+26    3.0301E+27    4.6460E+27    4.7801E+27
    1.2250E+03    6.1451E+26    5.3044E+27    1.1149E+28    1.2679E+28
    1.2350E+03    6.5482E+26    5.5651E+27    1.2134E+28    1.4728E+28
    1.2450E+03    6.8408E+26    5.7318E+27    1.2498E+28    1.5540E+28
    1.2550E+03    7.0841E+26    5.8635E+27    1.2693E+28    1.5943E+28
    1.2650E+03    7.2936E+26    5.9733E+27    1.2816E+28    1.6166E+28
    1.2750E+03    7.4761E+26    6.0670E+27    1.2907E+28    1.6328E+28
    1.2850E+03    7.6361E+26    6.1473E+27    1.2974E+28    1.6436E+28
    1.2950E+03    7.7762E+26    6.2160E+27    1.3020E+28    1.6502E+28
    1.3050E+03    7.8992E+26    6.2746E+27    1.3053E+28    1.6549E+28
    1.3150E+03    8.0072E+26    6.3247E+27    1.3075E+28    1.6589E+28
    1.3250E+03    8.1018E+26    6.3671E+27    1.3087E+28    1.6608E+28
    1.3350E+03    8.1840E+26    6.4021E+27    1.3084E+28    1.6582E+28
    1.3450E+03    8.2569E+26    6.4324E+27    1.3089E+28    1.6618E+28
    1.3550E+03    8.3202E+26    6.4569E+27    1.3081E+28    1.6612E+28
    1.3650E+03    8.3747E+26    6.4764E+27    1.3067E+28    1.6599E+28
    1.3750E+03    8.4218E+26    6.4918E+27    1.3049E+28    1.6580E+28
    1.3850E+03    8.4619E+26    6.5031E+27    1.3026E+28    1.6556E+28
    1.3950E+03    8.4958E+26    6.5110E+27    1.3000E+28    1.6527E+28
    1.4050E+03    8.5243E+26    6.5159E+27    1.2970E+28    1.6494E+28
    1.4150E+03    8.5492E+26    6.5188E+27    1.2939E+28    1.6463E+28
    1.4250E+03    8.5689E+26    6.5188E+27    1.2905E+28    1.6425E+28
    1.4350E+03    8.5844E+26    6.5164E+27    1.2869E+28    1.6385E+28
    1.4420E+03    8.5933E+26    6.5137E+27    1.2842E+28    1.6356E+28
    1.4470E+03    8.5987E+26    6.5113E+27    1.2822E+28    1.6333E+28
    1.4550E+03    8.6056E+26    6.5064E+27    1.2790E+28    1.6299E+28
    1.4650E+03    8.6117E+26    6.4989E+27    1.2748E+28    1.6251E+28
    1.4750E+03    8.6155E+26    6.4903E+27    1.2706E+28    1.6207E+28
    1.4850E+03    8.6168E+26    6.4802E+27    1.2662E+28    1.6158E+28
    1.4950E+03    8.6160E+26    6.4689E+27    1.2618E+28    1.6110E+28
    1.5050E+03    8.6136E+26    6.4569E+27    1.2572E+28    1.6060E+28
    1.5120E+03    8.6107E+26    6.4478E+27    1.2539E+28    1.6025E+28
    1.5170E+03    8.6082E+26    6.4411E+27    1.2516E+28    1.5996E+28
    1.5250E+03    8.6036E+26    6.4301E+27    1.2479E+28    1.5958E+28
    1.5350E+03    8.5969E+26    6.4159E+27    1.2432E+28    1.5907E+28
    1.5450E+03    8.5884E+26    6.4007E+27    1.2384E+28    1.5854E+28
    1.5550E+03    8.5794E+26    6.3854E+27    1.2338E+28    1.5806E+28
    1.5650E+03    8.5701E+26    6.3700E+27    1.2290E+28    1.5752E+28
    1.5750E+03    8.5595E+26    6.3539E+27    1.2243E+28    1.5704E+28
    1.5850E+03    8.5483E+26    6.3375E+27    1.2195E+28    1.5651E+28
    1.5950E+03    8.5364E+26    6.3207E+27    1.2148E+28    1.5599E+28
    1.6050E+03    8.5238E+26    6.3038E+27    1.2099E+28    1.5541E+28
    1.6150E+03    8.5112E+26    6.2868E+27    1.2051E+28    1.5493E+28
    1.6250E+03    8.4978E+26    6.2692E+27    1.2003E+28    1.5441E+28
    1.6350E+03    8.4754E+26    6.2426E+27    1.1931E+28    1.5364E+28
    1.6450E+03    8.4547E+26    6.2190E+27    1.1866E+28    1.5298E+28
    1.6550E+03    8.4574E+26    6.2177E+27    1.1862E+28    1.5287E+28
    1.6650E+03    8.4445E+26    6.2014E+27    1.1819E+28    1.5247E+28
    1.6720E+03    8.4347E+26    6.1892E+27    1.1785E+28    1.5202E+28
    1.6770E+03    8.4282E+26    6.1810E+27    1.1764E+28    1.5188E+28
    1.6850E+03    8.4172E+26    6.1675E+27    1.1728E+28    1.5148E+28
    1.6950E+03    8.4036E+26    6.1507E+27    1.1683E+28    1.5098E+28
    1.7050E+03    8.3899E+26    6.1339E+27    1.1638E+28    1.5049E+28
    1.7150E+03    8.3765E+26    6.1173E+27    1.1594E+28    1.5000E+28
    1.7250E+03    8.3632E+26    6.1009E+27    1.1549E+28    1.4951E+28
    1.7350E+03    8.3501E+26    6.0847E+27    1.1506E+28    1.4903E+28
    1.7450E+03    8.3371E+26    6.0686E+27    1.1462E+28    1.4855E+28
    1.7550E+03    8.3243E+26    6.0527E+27    1.1420E+28    1.4807E+28
    1.7650E+03    8.3117E+26    6.0370E+27    1.1377E+28    1.4760E+28
    1.7750E+03    8.2995E+26    6.0216E+27    1.1336E+28    1.4713E+28
    1.7850E+03    8.2876E+26    6.0065E+27    1.1294E+28    1.4667E+28
    1.7950E+03    8.2759E+26    5.9915E+27    1.1254E+28    1.4622E+28
    1.8050E+03    8.2647E+26    5.9770E+27    1.1214E+28    1.4581E+28
    1.8150E+03    8.2536E+26    5.9625E+27    1.1174E+28    1.4537E+28
    1.8250E+03    8.2429E+26    5.9483E+27    1.1135E+28    1.4492E+28
    1.8350E+03    8.2326E+26    5.9345E+27    1.1097E+28    1.4449E+28
    1.8450E+03    8.2226E+26    5.9209E+27    1.1058E+28    1.4407E+28
    1.8550E+03    8.2130E+26    5.9075E+27    1.1021E+28    1.4364E+28
    1.8650E+03    8.2038E+26    5.8946E+27    1.0984E+28    1.4323E+28
    1.8750E+03    8.1948E+26    5.8817E+27    1.0947E+28    1.4282E+28
    1.8850E+03    8.1865E+26    5.8695E+27    1.0911E+28    1.4242E+28
    1.8950E+03    8.1784E+26    5.8572E+27    1.0876E+28    1.4202E+28
    1.9050E+03    8.1707E+26    5.8454E+27    1.0841E+28    1.4163E+28
    1.9150E+03    8.1636E+26    5.8339E+27    1.0807E+28    1.4124E+28
    1.9250E+03    8.1568E+26    5.8227E+27    1.0773E+28    1.4086E+28
    1.9350E+03    8.1504E+26    5.8117E+27    1.0739E+28    1.4048E+28
    1.9450E+03    8.1443E+26    5.8011E+27    1.0707E+28    1.4011E+28
    1.9550E+03    8.1388E+26    5.7909E+27    1.0675E+28    1.3975E+28
    1.9670E+03    8.1327E+26    5.7789E+27    1.0637E+28    1.3932E+28
    1.9760E+03    8.1284E+26    5.7701E+27    1.0608E+28    1.3900E+28
    1.9840E+03    8.1250E+26    5.7627E+27    1.0584E+28    1.3873E+28
    1.9950E+03    8.1207E+26    5.7527E+27    1.0551E+28    1.3835E+28
    2.0050E+03    8.1173E+26    5.7438E+27    1.0521E+28    1.3801E+28
    2.0150E+03    8.1143E+26    5.7355E+27    1.0493E+28    1.3769E+28
    2.0250E+03    8.1118E+26    5.7274E+27    1.0464E+28    1.3736E+28
    2.0350E+03    8.1096E+26    5.7195E+27    1.0436E+28    1.3704E+28
    2.0450E+03    8.1080E+26    5.7120E+27    1.0409E+28    1.3673E+28
    2.0550E+03    8.1443E+26    5.7543E+27    1.0461E+28    1.3721E+28
    2.0650E+03    8.1461E+26    5.7488E+27    1.0437E+28    1.3694E+28
    2.0740E+03    8.1529E+26    5.7471E+27    1.0422E+28    1.3675E+28
    2.0780E+03    8.1537E+26    5.7451E+27    1.0412E+28    1.3664E+28
    2.0850E+03    8.1536E+26    5.7404E+27    1.0394E+28    1.3643E+28
    2.0950E+03    8.1450E+26    5.7229E+27    1.0352E+28    1.3597E+28
    2.1050E+03    8.1340E+26    5.7030E+27    1.0305E+28    1.3547E+28
    2.1150E+03    8.1227E+26    5.6803E+27    1.0253E+28    1.3491E+28
    2.1250E+03    8.0879E+26    5.6250E+27    1.0161E+28    1.3396E+28
    2.1350E+03    8.0940E+26    5.6310E+27    1.0147E+28    1.3377E+28
    2.1450E+03    8.1464E+26    5.6907E+27    1.0221E+28    1.3449E+28
    2.1550E+03    8.1586E+26    5.6950E+27    1.0213E+28    1.3436E+28
    2.1650E+03    8.0495E+26    5.5677E+27    9.9994E+27    1.3219E+28
    2.1750E+03    8.1687E+26    5.6921E+27    1.0177E+28    1.3394E+28
    2.1850E+03    8.1208E+26    5.6355E+27    1.0066E+28    1.3279E+28
    2.1950E+03    8.1760E+26    5.6836E+27    1.0133E+28    1.3342E+28
    2.2050E+03    8.1826E+26    5.6827E+27    1.0116E+28    1.3322E+28
    2.2150E+03    7.9167E+26    5.3791E+27    9.6498E+27    1.2852E+28
    2.2250E+03    8.1928E+26    5.6768E+27    1.0076E+28    1.3275E+28
    2.2350E+03    8.2001E+26    5.6758E+27    1.0059E+28    1.3255E+28
    2.2450E+03    8.2045E+26    5.6716E+27    1.0037E+28    1.3230E+28
    2.2550E+03    8.0992E+26    5.5564E+27    9.8301E+27    1.3020E+28
    2.2650E+03    8.2198E+26    5.6701E+27    1.0004E+28    1.3190E+28
    2.2750E+03    8.2279E+26    5.6693E+27    9.9870E+27    1.3170E+28
    2.2850E+03    8.2357E+26    5.6682E+27    9.9701E+27    1.3150E+28
    2.2950E+03    8.2434E+26    5.6673E+27    9.9532E+27    1.3130E+28
    2.3050E+03    8.1661E+26    5.5837E+27    9.7979E+27    1.2971E+28
    2.3150E+03    8.2594E+26    5.6645E+27    9.9180E+27    1.3088E+28
    2.3250E+03    8.2709E+26    5.6671E+27    9.9055E+27    1.3066E+28
    2.3350E+03    8.2809E+26    5.6677E+27    9.8921E+27    1.3055E+28
    2.3450E+03    8.2909E+26    5.6682E+27    9.8775E+27    1.3036E+28
    2.3550E+03    8.3016E+26    5.6692E+27    9.8643E+27    1.3022E+28
    2.3650E+03    8.3121E+26    5.6700E+27    9.8502E+27    1.3004E+28
    2.3750E+03    8.3226E+26    5.6706E+27    9.8359E+27    1.2988E+28
    2.3850E+03    8.1603E+26    5.5071E+27    9.5539E+27    1.2700E+28
    2.3950E+03    8.3453E+26    5.6732E+27    9.8092E+27    1.2954E+28
    2.4050E+03    8.3593E+26    5.6770E+27    9.8001E+27    1.2942E+28
    2.4150E+03    8.3721E+26    5.6797E+27    9.7891E+27    1.2928E+28
    2.4250E+03    8.3854E+26    5.6823E+27    9.7785E+27    1.2917E+28
    2.4350E+03    8.3984E+26    5.6852E+27    9.7676E+27    1.2903E+28
    2.4450E+03    8.4122E+26    5.6884E+27    9.7574E+27    1.2890E+28
    2.4550E+03    8.4262E+26    5.6916E+27    9.7474E+27    1.2877E+28
    2.4650E+03    8.4405E+26    5.6952E+27    9.7378E+27    1.2865E+28
    2.4750E+03    8.4552E+26    5.6991E+27    9.7287E+27    1.2853E+28
    2.4850E+03    8.4701E+26    5.7029E+27    9.7196E+27    1.2841E+28
    2.4950E+03    8.4852E+26    5.7068E+27    9.7105E+27    1.2829E+28
    2.5050E+03    8.4971E+26    5.7078E+27    9.6969E+27    1.2813E+28
    2.5130E+03    8.3094E+26    5.5268E+27    9.3952E+27    1.2509E+28
    2.5180E+03    8.5166E+26    5.7126E+27    9.6844E+27    1.2797E+28
    2.5250E+03    8.5321E+26    5.7202E+27    9.6861E+27    1.2797E+28
    2.5350E+03    8.5492E+26    5.7258E+27    9.6801E+27    1.2788E+28
    2.5450E+03    8.5663E+26    5.7313E+27    9.6736E+27    1.2780E+28
    2.5550E+03    8.5834E+26    5.7368E+27    9.6670E+27    1.2771E+28
    2.5650E+03    8.6010E+26    5.7426E+27    9.6611E+27    1.2762E+28
    2.5750E+03    8.6187E+26    5.7485E+27    9.6553E+27    1.2754E+28
    2.5850E+03    8.6368E+26    5.7547E+27    9.6498E+27    1.2746E+28
    2.5950E+03    8.6551E+26    5.7610E+27    9.6448E+27    1.2739E+28
    2.6050E+03    8.6755E+26    5.7693E+27    9.6530E+27    1.2749E+28
    2.6150E+03    8.6944E+26    5.7760E+27    9.6481E+27    1.2742E+28
    2.6250E+03    8.7136E+26    5.7830E+27    9.6441E+27    1.2737E+28
    2.6350E+03    8.7330E+26    5.7901E+27    9.6399E+27    1.2730E+28
    2.6450E+03    8.7528E+26    5.7974E+27    9.6368E+27    1.2727E+28
    2.6550E+03    8.7729E+26    5.8050E+27    9.6334E+27    1.2721E+28
    2.6650E+03    8.7931E+26    5.8126E+27    9.6301E+27    1.2715E+28
    2.6750E+03    8.8137E+26    5.8205E+27    9.6271E+27    1.2709E+28
    2.6850E+03    8.8345E+26    5.8286E+27    9.6253E+27    1.2707E+28
    2.6950E+03    8.8555E+26    5.8367E+27    9.6221E+27    1.2699E+28
    2.7050E+03    8.8768E+26    5.8452E+27    9.6209E+27    1.2698E+28
    2.7150E+03    8.8982E+26    5.8535E+27    9.6186E+27    1.2694E+28
    2.7250E+03    8.9184E+26    5.8606E+27    9.6138E+27    1.2683E+28
    2.7350E+03    8.7427E+26    5.6889E+27    9.3290E+27    1.2399E+28
    2.7450E+03    8.9634E+26    5.8794E+27    9.6134E+27    1.2680E+28
    2.7550E+03    8.9870E+26    5.8896E+27    9.6143E+27    1.2679E+28
    2.7650E+03    9.0099E+26    5.8992E+27    9.6135E+27    1.2674E+28
    2.7750E+03    9.0330E+26    5.9088E+27    9.6145E+27    1.2677E+28
    2.7850E+03    9.0563E+26    5.9187E+27    9.6148E+27    1.2675E+28
    2.7950E+03    9.0796E+26    5.9284E+27    9.6136E+27    1.2664E+28
    2.8050E+03    9.1034E+26    5.9385E+27    9.6148E+27    1.2666E+28
    2.8150E+03    9.1275E+26    5.9489E+27    9.6171E+27    1.2670E+28
    2.8250E+03    9.1515E+26    5.9592E+27    9.6169E+27    1.2665E+28
    2.8350E+03    9.1760E+26    5.9698E+27    9.6194E+27    1.2668E+28
    2.8450E+03    9.2006E+26    5.9806E+27    9.6213E+27    1.2669E+28
    2.8550E+03    9.2254E+26    5.9914E+27    9.6232E+27    1.2668E+28
    2.8650E+03    9.2505E+26    6.0024E+27    9.6257E+27    1.2669E+28
    2.8750E+03    9.2756E+26    6.0135E+27    9.6278E+27    1.2669E+28
    2.8850E+03    9.3011E+26    6.0248E+27    9.6306E+27    1.2670E+28
    2.8950E+03    9.3268E+26    6.0363E+27    9.6334E+27    1.2671E+28
    2.9100E+03    9.3656E+26    6.0536E+27    9.6381E+27    1.2673E+28
    2.9300E+03    9.4181E+26    6.0774E+27    9.6453E+27    1.2676E+28
    2.9500E+03    9.4713E+26    6.1016E+27    9.6525E+27    1.2676E+28
    2.9700E+03    9.5253E+26    6.1264E+27    9.6620E+27    1.2685E+28
    2.9900E+03    9.5801E+26    6.1517E+27    9.6717E+27    1.2691E+28
    3.0100E+03    9.6356E+26    6.1775E+27    9.6822E+27    1.2698E+28
    3.0300E+03    9.6917E+26    6.2038E+27    9.6935E+27    1.2705E+28
    3.0500E+03    9.7485E+26    6.2305E+27    9.7055E+27    1.2713E+28
    3.0700E+03    9.8060E+26    6.2578E+27    9.7185E+27    1.2723E+28
    3.0900E+03    9.8641E+26    6.2854E+27    9.7319E+27    1.2732E+28
    3.1100E+03    9.9228E+26    6.3136E+27    9.7464E+27    1.2743E+28
    3.1300E+03    9.9824E+26    6.3424E+27    9.7632E+27    1.2757E+28
    3.1500E+03    1.0042E+27    6.3713E+27    9.7790E+27    1.2769E+28
    3.1700E+03    1.0103E+27    6.4007E+27    9.7951E+27    1.2782E+28
    3.1900E+03    1.0162E+27    6.4285E+27    9.8015E+27    1.2780E+28
    3.2100E+03    1.0219E+27    6.4548E+27    9.8215E+27    1.2801E+28
    3.2300E+03    1.0287E+27    6.4910E+27    9.8479E+27    1.2824E+28
    3.2500E+03    1.0350E+27    6.5221E+27    9.8671E+27    1.2840E+28
    3.2700E+03    1.0413E+27    6.5534E+27    9.8865E+27    1.2856E+28
    3.2900E+03    1.0477E+27    6.5849E+27    9.9063E+27    1.2872E+28
    3.3100E+03    1.0541E+27    6.6169E+27    9.9271E+27    1.2890E+28
    3.3300E+03    1.0606E+27    6.6492E+27    9.9480E+27    1.2908E+28
    3.3500E+03    1.0671E+27    6.6818E+27    9.9697E+27    1.2926E+28
    3.3700E+03    1.0736E+27    6.7147E+27    9.9920E+27    1.2945E+28
    3.3900E+03    1.0802E+27    6.7478E+27    1.0015E+28    1.2964E+28
    3.4100E+03    1.0868E+27    6.7814E+27    1.0038E+28    1.2984E+28
    3.4300E+03    1.0937E+27    6.8174E+27    1.0077E+28    1.3023E+28
    3.4500E+03    1.1004E+27    6.8514E+27    1.0101E+28    1.3043E+28
    3.4700E+03    1.1071E+27    6.8857E+27    1.0126E+28    1.3066E+28
    3.4900E+03    1.1139E+27    6.9203E+27    1.0151E+28    1.3087E+28
    3.5100E+03    1.1207E+27    6.9551E+27    1.0176E+28    1.3109E+28
    3.5300E+03    1.1275E+27    6.9902E+27    1.0202E+28    1.3132E+28
    3.5500E+03    1.1343E+27    7.0255E+27    1.0228E+28    1.3155E+28
    3.5700E+03    1.1412E+27    7.0610E+27    1.0255E+28    1.3178E+28
    3.5900E+03    1.1482E+27    7.0968E+27    1.0281E+28    1.3200E+28
    3.6100E+03    1.1551E+27    7.1327E+27    1.0309E+28    1.3225E+28
    3.6300E+03    1.1621E+27    7.1689E+27    1.0337E+28    1.3248E+28
    3.6400E+03    1.1656E+27    7.1869E+27    1.0350E+28    1.3262E+28
    3.6500E+03    4.8435E+26    3.2657E+27    5.9569E+27    8.8868E+27
    3.6700E+03    4.8375E+26    3.2577E+27    5.9286E+27    8.8424E+27
    3.6900E+03    4.8403E+26    3.2607E+27    5.9399E+27    8.7614E+27
    3.7100E+03    4.8554E+26    3.2756E+27    6.0191E+27    8.9130E+27
    3.7300E+03    4.8663E+26    3.2844E+27    6.0672E+27    9.0036E+27
    3.7500E+03    4.8702E+26    3.2846E+27    6.1196E+27    9.4144E+27
    3.7700E+03    4.8588E+26    3.2688E+27    6.0469E+27    9.3825E+27
    3.7900E+03    4.8563E+26    3.2622E+27    6.0767E+27    9.8078E+27
    3.8100E+03    4.8568E+26    3.2585E+27    6.1271E+27    1.0278E+28
    3.8300E+03    4.8267E+26    3.2250E+27    5.9036E+27    9.4496E+27
    3.8500E+03    4.8081E+26    3.1982E+27    5.9777E+27    1.0425E+28
    3.8700E+03    4.9527E+26    3.3530E+27    6.7949E+27    1.2015E+28
    3.8900E+03    4.6206E+26    2.9921E+27    5.1263E+27    8.2228E+27
    3.9100E+03    4.9525E+26    3.3468E+27    6.7727E+27    1.2030E+28
    3.9300E+03    4.9634E+26    3.3542E+27    6.8953E+27    1.2498E+28
    3.9500E+03    4.9518E+26    3.3400E+27    6.7474E+27    1.2005E+28
    3.9700E+03    4.6541E+26    3.0326E+27    5.2552E+27    8.3954E+27
    3.9900E+03    4.9437E+26    3.3254E+27    6.6517E+27    1.1754E+28
    4.0100E+03    4.9666E+26    3.3452E+27    6.8370E+27    1.2408E+28
    4.0300E+03    4.9548E+26    3.3278E+27    6.8130E+27    1.2389E+28
    4.0500E+03    4.9687E+26    3.3406E+27    6.8203E+27    1.2408E+28
    4.0700E+03    4.9613E+26    3.3298E+27    6.7359E+27    1.2159E+28
    4.0900E+03    4.9103E+26    3.2745E+27    6.3033E+27    1.0740E+28
    4.1100E+03    4.8473E+26    3.2082E+27    5.8747E+27    9.4987E+27
    4.1300E+03    4.9560E+26    3.3139E+27    6.6259E+27    1.1871E+28
    4.1500E+03    4.9664E+26    3.3210E+27    6.6932E+27    1.2128E+28
    4.1700E+03    4.9694E+26    3.3205E+27    6.6960E+27    1.2163E+28
    4.1900E+03    4.9686E+26    3.3160E+27    6.6758E+27    1.2134E+28
    4.2100E+03    4.9677E+26    3.3115E+27    6.6525E+27    1.2089E+28
    4.2300E+03    4.9718E+26    3.3119E+27    6.6357E+27    1.2045E+28
    4.2500E+03    4.9723E+26    3.3087E+27    6.6113E+27    1.1988E+28
    4.2700E+03    4.9727E+26    3.3054E+27    6.5840E+27    1.1919E+28
    4.2900E+03    4.9720E+26    3.3009E+27    6.5470E+27    1.1816E+28
    4.3100E+03    4.9662E+26    3.2912E+27    6.4632E+27    1.1552E+28
    4.3300E+03    4.9121E+26    3.2330E+27    6.0078E+27    1.0065E+28
    4.3500E+03    4.8809E+26    3.1987E+27    5.7743E+27    9.3736E+27
    4.3700E+03    4.9689E+26    3.2823E+27    6.3845E+27    1.1352E+28
    4.3900E+03    4.9796E+26    3.2892E+27    6.4404E+27    1.1561E+28
    4.4100E+03    4.9842E+26    3.2900E+27    6.4453E+27    1.1606E+28
    4.4300E+03    4.9870E+26    3.2888E+27    6.4320E+27    1.1582E+28
    4.4500E+03    4.9899E+26    3.2878E+27    6.4185E+27    1.1557E+28
    4.4700E+03    4.9791E+26    3.2728E+27    6.2900E+27    1.1309E+28
    4.4900E+03    4.9952E+26    3.2851E+27    6.3849E+27    1.1479E+28
    4.5100E+03    4.9980E+26    3.2838E+27    6.3676E+27    1.1439E+28
    4.5300E+03    4.9998E+26    3.2816E+27    6.3486E+27    1.1398E+28
    4.5500E+03    4.9984E+26    3.2758E+27    6.3242E+27    1.1350E+28
    4.5700E+03    5.0069E+26    3.2804E+27    6.3165E+27    1.1318E+28
    4.5900E+03    5.0101E+26    3.2796E+27    6.2999E+27    1.1279E+28
    4.6100E+03    5.0133E+26    3.2787E+27    6.2835E+27    1.1239E+28
    4.6300E+03    5.0168E+26    3.2780E+27    6.2674E+27    1.1200E+28
    4.6500E+03    5.0202E+26    3.2773E+27    6.2514E+27    1.1161E+28
    4.6700E+03    5.0233E+26    3.2762E+27    6.2349E+27    1.1121E+28
    4.6900E+03    4.9991E+26    3.2498E+27    6.1803E+27    1.1044E+28
    4.7100E+03    5.0307E+26    3.2750E+27    6.1988E+27    1.1024E+28
    4.7300E+03    5.0352E+26    3.2753E+27    6.1887E+27    1.1005E+28
    4.7500E+03    5.0390E+26    3.2749E+27    6.1715E+27    1.0961E+28
    4.7700E+03    5.0427E+26    3.2744E+27    6.1535E+27    1.0912E+28
    4.7900E+03    5.0463E+26    3.2736E+27    6.1332E+27    1.0854E+28
    4.8100E+03    5.0488E+26    3.2718E+27    6.1033E+27    1.0762E+28
    4.8300E+03    5.0467E+26    3.2654E+27    6.0336E+27    1.0533E+28
    4.8500E+03    5.0081E+26    3.2224E+27    5.6903E+27    9.4114E+27
    4.8700E+03    4.9681E+26    3.1772E+27    5.4112E+27    8.5951E+27
    4.8900E+03    5.0566E+26    3.2623E+27    5.9608E+27    1.0320E+28
    4.9100E+03    5.0711E+26    3.2725E+27    6.0309E+27    1.0573E+28
    4.9300E+03    5.0778E+26    3.2748E+27    6.0334E+27    1.0586E+28
    4.9500E+03    5.0840E+26    3.2767E+27    6.0334E+27    1.0604E+28
    4.9700E+03    5.0894E+26    3.2777E+27    6.0249E+27    1.0585E+28
    4.9900E+03    5.0947E+26    3.2787E+27    6.0150E+27    1.0560E+28
    5.0100E+03    5.0996E+26    3.2792E+27    6.0000E+27    1.0514E+28
    5.0300E+03    5.1053E+26    3.2804E+27    5.9926E+27    1.0501E+28
    5.0500E+03    5.1086E+26    3.2793E+27    5.9645E+27    1.0443E+28
    5.0700E+03    5.1160E+26    3.2822E+27    5.9698E+27    1.0440E+28
    5.0900E+03    5.1214E+26    3.2832E+27    5.9586E+27    1.0409E+28
    5.1100E+03    5.1269E+26    3.2843E+27    5.9475E+27    1.0379E+28
    5.1300E+03    5.1325E+26    3.2854E+27    5.9367E+27    1.0349E+28
    5.1500E+03    5.1381E+26    3.2866E+27    5.9259E+27    1.0319E+28
    5.1700E+03    5.1438E+26    3.2878E+27    5.9154E+27    1.0290E+28
    5.1900E+03    5.1496E+26    3.2891E+27    5.9050E+27    1.0261E+28
    5.2100E+03    5.1554E+26    3.2904E+27    5.8947E+27    1.0232E+28
    5.2300E+03    5.1613E+26    3.2918E+27    5.8847E+27    1.0203E+28
    5.2500E+03    5.1672E+26    3.2933E+27    5.8747E+27    1.0175E+28
    5.2700E+03    5.1732E+26    3.2948E+27    5.8650E+27    1.0147E+28
    5.2900E+03    5.1792E+26    3.2963E+27    5.8554E+27    1.0120E+28
    5.3100E+03    5.1854E+26    3.2979E+27    5.8460E+27    1.0092E+28
    5.3300E+03    5.1915E+26    3.2996E+27    5.8367E+27    1.0065E+28
    5.3500E+03    5.1977E+26    3.3013E+27    5.8276E+27    1.0038E+28
    5.3700E+03    5.2040E+26    3.3030E+27    5.8185E+27    1.0012E+28
    5.3900E+03    5.2101E+26    3.3046E+27    5.8094E+27    9.9850E+27
    5.4100E+03    5.1953E+26    3.2861E+27    5.7701E+27    9.9283E+27
    5.4300E+03    5.2226E+26    3.3080E+27    5.7916E+27    9.9325E+27
    5.4500E+03    5.2295E+26    3.3104E+27    5.7839E+27    9.9078E+27
    5.4700E+03    5.2360E+26    3.3124E+27    5.7756E+27    9.8824E+27
    5.4900E+03    5.2425E+26    3.3144E+27    5.7675E+27    9.8574E+27
    5.5100E+03    5.2491E+26    3.3164E+27    5.7594E+27    9.8325E+27
    5.5300E+03    5.2558E+26    3.3185E+27    5.7516E+27    9.8081E+27
    5.5500E+03    5.2624E+26    3.3207E+27    5.7437E+27    9.7836E+27
    5.5700E+03    5.2691E+26    3.3228E+27    5.7362E+27    9.7596E+27
    5.5900E+03    5.2759E+26    3.3250E+27    5.7286E+27    9.7358E+27
    5.6100E+03    5.2827E+26    3.3273E+27    5.7212E+27    9.7121E+27
    5.6300E+03    5.2895E+26    3.3296E+27    5.7139E+27    9.6887E+27
    5.6500E+03    5.2964E+26    3.3319E+27    5.7067E+27    9.6655E+27
    5.6700E+03    5.3033E+26    3.3343E+27    5.6998E+27    9.6426E+27
    5.6900E+03    5.3101E+26    3.3365E+27    5.6927E+27    9.6197E+27
    5.7100E+03    5.3172E+26    3.3395E+27    5.6865E+27    9.5979E+27
    5.7300E+03    5.3243E+26    3.3420E+27    5.6798E+27    9.5755E+27
    5.7500E+03    5.3313E+26    3.3445E+27    5.6732E+27    9.5535E+27
    5.7700E+03    5.3384E+26    3.3470E+27    5.6667E+27    9.5315E+27
    5.7900E+03    5.3456E+26    3.3496E+27    5.6605E+27    9.5099E+27
    5.8100E+03    5.3529E+26    3.3523E+27    5.6545E+27    9.4887E+27
    5.8300E+03    5.3602E+26    3.3550E+27    5.6485E+27    9.4675E+27
    5.8500E+03    5.3675E+26    3.3577E+27    5.6425E+27    9.4466E+27
    5.8700E+03    5.3738E+26    3.3595E+27    5.6271E+27    9.3878E+27
    5.8900E+03    5.3819E+26    3.3631E+27    5.6304E+27    9.4038E+27
    5.9100E+03    5.3892E+26    3.3658E+27    5.6249E+27    9.3845E+27
    5.9300E+03    5.3966E+26    3.3686E+27    5.6193E+27    9.3642E+27
    5.9500E+03    5.4039E+26    3.3713E+27    5.6137E+27    9.3440E+27
    5.9700E+03    5.4112E+26    3.3741E+27    5.6082E+27    9.3240E+27
    5.9900E+03    5.4186E+26    3.3770E+27    5.6028E+27    9.3043E+27
    6.0100E+03    5.4260E+26    3.3798E+27    5.5976E+27    9.2848E+27
    6.0300E+03    5.4334E+26    3.3827E+27    5.5924E+27    9.2653E+27
    6.0500E+03    5.4408E+26    3.3856E+27    5.5873E+27    9.2462E+27
    6.0700E+03    5.4482E+26    3.3886E+27    5.5823E+27    9.2271E+27
    6.0900E+03    5.4558E+26    3.3915E+27    5.5775E+27    9.2084E+27
    6.1100E+03    5.4632E+26    3.3945E+27    5.5726E+27    9.1896E+27
    6.1300E+03    5.4708E+26    3.3975E+27    5.5679E+27    9.1712E+27
    6.1500E+03    5.4783E+26    3.4005E+27    5.5632E+27    9.1529E+27
    6.1700E+03    5.4858E+26    3.4035E+27    5.5587E+27    9.1346E+27
    6.1900E+03    5.4934E+26    3.4066E+27    5.5542E+27    9.1167E+27
    6.2100E+03    5.5010E+26    3.4097E+27    5.5498E+27    9.0988E+27
    6.2300E+03    5.5086E+26    3.4128E+27    5.5455E+27    9.0812E+27
    6.2500E+03    5.5163E+26    3.4159E+27    5.5413E+27    9.0638E+27
    6.2700E+03    5.5239E+26    3.4191E+27    5.5370E+27    9.0465E+27
    6.2900E+03    5.5316E+26    3.4222E+27    5.5330E+27    9.0293E+27
    6.3100E+03    5.5392E+26    3.4254E+27    5.5290E+27    9.0121E+27
    6.3300E+03    5.5469E+26    3.4286E+27    5.5251E+27    8.9953E+27
    6.3500E+03    5.5546E+26    3.4318E+27    5.5211E+27    8.9786E+27
    6.3700E+03    5.5623E+26    3.4351E+27    5.5173E+27    8.9617E+27
    6.3900E+03    5.5700E+26    3.4383E+27    5.5134E+27    8.9442E+27
    6.4100E+03    5.5777E+26    3.4415E+27    5.5093E+27    8.9264E+27
    6.4300E+03    5.5854E+26    3.4447E+27    5.5051E+27    8.9082E+27
    6.4500E+03    5.5930E+26    3.4479E+27    5.5004E+27    8.8882E+27
    6.4700E+03    5.6006E+26    3.4510E+27    5.4949E+27    8.8649E+27
    6.4900E+03    5.6079E+26    3.4539E+27    5.4882E+27    8.8361E+27
    6.5100E+03    5.6147E+26    3.4562E+27    5.4765E+27    8.7903E+27
    6.5300E+03    5.6192E+26    3.4563E+27    5.4465E+27    8.6807E+27
    6.5500E+03    5.6073E+26    3.4400E+27    5.3028E+27    8.1958E+27
    6.5700E+03    5.5637E+26    3.3939E+27    5.0682E+27    7.5236E+27
    6.5900E+03    5.6384E+26    3.4623E+27    5.4046E+27    8.5234E+27
    6.6100E+03    5.6531E+26    3.4724E+27    5.4546E+27    8.6917E+27
    6.6300E+03    5.6625E+26    3.4774E+27    5.4646E+27    8.7233E+27
    6.6500E+03    5.6709E+26    3.4815E+27    5.4667E+27    8.7264E+27
    6.6700E+03    5.6789E+26    3.4850E+27    5.4643E+27    8.7130E+27
    6.6900E+03    5.6869E+26    3.4886E+27    5.4630E+27    8.7032E+27
    6.7100E+03    5.6951E+26    3.4924E+27    5.4630E+27    8.6994E+27
    6.7300E+03    5.7030E+26    3.4959E+27    5.4609E+27    8.6868E+27
    6.7500E+03    5.7109E+26    3.4995E+27    5.4585E+27    8.6737E+27
    6.7700E+03    5.7188E+26    3.5030E+27    5.4560E+27    8.6599E+27
    6.7900E+03    5.7267E+26    3.5065E+27    5.4537E+27    8.6461E+27
    6.8100E+03    5.7346E+26    3.5101E+27    5.4512E+27    8.6324E+27
    6.8300E+03    5.7426E+26    3.5137E+27    5.4489E+27    8.6190E+27
    6.8500E+03    5.7505E+26    3.5172E+27    5.4466E+27    8.6055E+27
    6.8700E+03    5.7584E+26    3.5208E+27    5.4445E+27    8.5922E+27
    6.8900E+03    5.7663E+26    3.5243E+27    5.4422E+27    8.5789E+27
    6.9100E+03    5.7743E+26    3.5280E+27    5.4401E+27    8.5659E+27
    6.9300E+03    5.7822E+26    3.5316E+27    5.4381E+27    8.5529E+27
    6.9500E+03    5.7901E+26    3.5352E+27    5.4361E+27    8.5400E+27
    6.9700E+03    5.7980E+26    3.5388E+27    5.4341E+27    8.5274E+27
    6.9900E+03    5.8060E+26    3.5424E+27    5.4322E+27    8.5146E+27
    7.0100E+03    5.8139E+26    3.5460E+27    5.4303E+27    8.5022E+27
    7.0300E+03    5.8219E+26    3.5497E+27    5.4286E+27    8.4898E+27
    7.0500E+03    5.8298E+26    3.5533E+27    5.4268E+27    8.4774E+27
    7.0700E+03    5.8374E+26    3.5566E+27    5.4214E+27    8.4545E+27
    7.0900E+03    5.8457E+26    3.5607E+27    5.4234E+27    8.4531E+27
    7.1100E+03    5.8537E+26    3.5643E+27    5.4217E+27    8.4410E+27
    7.1300E+03    5.8616E+26    3.5680E+27    5.4202E+27    8.4291E+27
    7.1500E+03    5.8696E+26    3.5717E+27    5.4187E+27    8.4173E+27
    7.1700E+03    5.8775E+26    3.5754E+27    5.4171E+27    8.4056E+27
    7.1900E+03    5.8855E+26    3.5791E+27    5.4157E+27    8.3939E+27
    7.2100E+03    5.8934E+26    3.5828E+27    5.4143E+27    8.3825E+27
    7.2300E+03    5.9014E+26    3.5865E+27    5.4129E+27    8.3711E+27
    7.2500E+03    5.9093E+26    3.5902E+27    5.4116E+27    8.3597E+27
    7.2700E+03    5.9173E+26    3.5939E+27    5.4103E+27    8.3486E+27
    7.2900E+03    5.9252E+26    3.5976E+27    5.4084E+27    8.3344E+27
    7.3100E+03    5.9332E+26    3.6014E+27    5.4078E+27    8.3264E+27
    7.3300E+03    5.9411E+26    3.6052E+27    5.4067E+27    8.3154E+27
    7.3500E+03    5.9491E+26    3.6089E+27    5.4056E+27    8.3045E+27
    7.3700E+03    5.9570E+26    3.6126E+27    5.4045E+27    8.2938E+27
    7.3900E+03    5.9650E+26    3.6164E+27    5.4035E+27    8.2831E+27
    7.4100E+03    5.9729E+26    3.6202E+27    5.4025E+27    8.2725E+27
    7.4300E+03    5.9808E+26    3.6239E+27    5.4015E+27    8.2620E+27
    7.4500E+03    5.9888E+26    3.6277E+27    5.4007E+27    8.2517E+27
    7.4700E+03    5.9967E+26    3.6315E+27    5.3998E+27    8.2413E+27
    7.4900E+03    6.0046E+26    3.6352E+27    5.3989E+27    8.2310E+27
    7.5100E+03    6.0126E+26    3.6390E+27    5.3981E+27    8.2209E+27
    7.5300E+03    6.0205E+26    3.6428E+27    5.3973E+27    8.2109E+27
    7.5500E+03    6.0284E+26    3.6466E+27    5.3966E+27    8.2008E+27
    7.5700E+03    6.0363E+26    3.6504E+27    5.3958E+27    8.1909E+27
    7.5900E+03    6.0442E+26    3.6541E+27    5.3951E+27    8.1810E+27
    7.6100E+03    6.0521E+26    3.6580E+27    5.3945E+27    8.1714E+27
    7.6300E+03    6.0600E+26    3.6618E+27    5.3939E+27    8.1617E+27
    7.6500E+03    6.0679E+26    3.6656E+27    5.3933E+27    8.1521E+27
    7.6700E+03    6.0758E+26    3.6694E+27    5.3928E+27    8.1425E+27
    7.6900E+03    6.0837E+26    3.6732E+27    5.3922E+27    8.1330E+27
    7.7100E+03    6.0916E+26    3.6770E+27    5.3918E+27    8.1237E+27
    7.7300E+03    6.0995E+26    3.6808E+27    5.3913E+27    8.1145E+27
    7.7500E+03    6.1073E+26    3.6846E+27    5.3909E+27    8.1053E+27
    7.7700E+03    6.1152E+26    3.6884E+27    5.3905E+27    8.0961E+27
    7.7900E+03    6.1231E+26    3.6922E+27    5.3901E+27    8.0871E+27
    7.8100E+03    6.1309E+26    3.6960E+27    5.3898E+27    8.0781E+27
    7.8300E+03    6.1388E+26    3.6999E+27    5.3895E+27    8.0691E+27
    7.8500E+03    6.1467E+26    3.7038E+27    5.3898E+27    8.0613E+27
    7.8700E+03    6.1546E+26    3.7076E+27    5.3896E+27    8.0525E+27
    7.8900E+03    6.1624E+26    3.7114E+27    5.3893E+27    8.0436E+27
    7.9100E+03    6.1702E+26    3.7152E+27    5.3892E+27    8.0350E+27
    7.9300E+03    6.1780E+26    3.7191E+27    5.3890E+27    8.0263E+27
    7.9500E+03    6.1859E+26    3.7229E+27    5.3889E+27    8.0180E+27
    7.9700E+03    6.1937E+26    3.7267E+27    5.3887E+27    8.0095E+27
    7.9900E+03    6.2015E+26    3.7305E+27    5.3887E+27    8.0011E+27
    8.0100E+03    6.2093E+26    3.7344E+27    5.3886E+27    7.9928E+27
    8.0300E+03    6.2171E+26    3.7382E+27    5.3886E+27    7.9846E+27
    8.0500E+03    6.2249E+26    3.7420E+27    5.3886E+27    7.9764E+27
    8.0700E+03    6.2326E+26    3.7458E+27    5.3886E+27    7.9685E+27
    8.0900E+03    6.2404E+26    3.7497E+27    5.3886E+27    7.9603E+27
    8.1100E+03    6.2482E+26    3.7535E+27    5.3887E+27    7.9522E+27
    8.1300E+03    6.2559E+26    3.7573E+27    5.3888E+27    7.9445E+27
    8.1500E+03    6.2637E+26    3.7612E+27    5.3889E+27    7.9365E+27
    8.1700E+03    6.2714E+26    3.7650E+27    5.3891E+27    7.9289E+27
    8.1900E+03    6.2791E+26    3.7688E+27    5.3892E+27    7.9212E+27
    8.2100E+03    4.2659E+26    2.6121E+27    4.1217E+27    6.6758E+27
    8.2300E+03    4.2693E+26    2.6134E+27    4.1193E+27    6.6669E+27
    8.2500E+03    4.2728E+26    2.6148E+27    4.1169E+27    6.6577E+27
    8.2700E+03    4.2762E+26    2.6162E+27    4.1145E+27    6.6480E+27
    8.2900E+03    4.2796E+26    2.6175E+27    4.1121E+27    6.6390E+27
    8.3100E+03    4.2830E+26    2.6189E+27    4.1095E+27    6.6283E+27
    8.3300E+03    4.2864E+26    2.6202E+27    4.1064E+27    6.6158E+27
    8.3500E+03    4.2897E+26    2.6214E+27    4.1027E+27    6.5987E+27
    8.3700E+03    4.2930E+26    2.6227E+27    4.0989E+27    6.5816E+27
    8.3900E+03    4.2961E+26    2.6238E+27    4.0935E+27    6.5556E+27
    8.4100E+03    4.2993E+26    2.6249E+27    4.0887E+27    6.5326E+27
    8.4300E+03    4.3023E+26    2.6259E+27    4.0816E+27    6.5009E+27
    8.4500E+03    4.3057E+26    2.6272E+27    4.0783E+27    6.4894E+27
    8.4700E+03    4.3085E+26    2.6280E+27    4.0701E+27    6.4463E+27
    8.4900E+03    4.3123E+26    2.6297E+27    4.0710E+27    6.4625E+27
    8.5100E+03    4.3150E+26    2.6303E+27    4.0605E+27    6.4040E+27
    8.5300E+03    4.3196E+26    2.6329E+27    4.0703E+27    6.4696E+27
    8.5500E+03    4.3205E+26    2.6318E+27    4.0423E+27    6.3169E+27
    8.5700E+03    4.3276E+26    2.6369E+27    4.0779E+27    6.5135E+27
    8.5900E+03    4.3281E+26    2.6354E+27    4.0451E+27    6.3465E+27
    8.6100E+03    4.3312E+26    2.6365E+27    4.0396E+27    6.3175E+27
    8.6300E+03    4.3393E+26    2.6426E+27    4.0856E+27    6.5568E+27
    8.6500E+03    4.3403E+26    2.6416E+27    4.0585E+27    6.4251E+27
    8.6700E+03    4.3385E+26    2.6377E+27    4.0024E+27    6.1388E+27
    8.6900E+03    4.3490E+26    2.6463E+27    4.0729E+27    6.4974E+27
    8.7100E+03    4.3547E+26    2.6500E+27    4.0939E+27    6.5985E+27
    8.7300E+03    4.3557E+26    2.6489E+27    4.0662E+27    6.4690E+27
    8.7500E+03    4.3512E+26    2.6424E+27    3.9823E+27    6.0526E+27
    8.7700E+03    4.3608E+26    2.6501E+27    4.0442E+27    6.3629E+27
    8.7900E+03    4.3690E+26    2.6562E+27    4.0900E+27    6.5804E+27
    8.8100E+03    4.3733E+26    2.6586E+27    4.0975E+27    6.6145E+27
    8.8300E+03    4.3755E+26    2.6588E+27    4.0822E+27    6.5458E+27
    8.8500E+03    4.3734E+26    2.6547E+27    4.0237E+27    6.2697E+27
    8.8700E+03    4.3716E+26    2.6508E+27    3.9670E+27    5.9896E+27
    8.8900E+03    4.3839E+26    2.6612E+27    4.0565E+27    6.4268E+27
    8.9100E+03    4.3906E+26    2.6659E+27    4.0873E+27    6.5667E+27
    8.9300E+03    4.3950E+26    2.6683E+27    4.0947E+27    6.5985E+27
    8.9500E+03    4.3984E+26    2.6699E+27    4.0930E+27    6.5905E+27
    8.9700E+03    4.4011E+26    2.6705E+27    4.0826E+27    6.5445E+27
    8.9900E+03    4.4017E+26    2.6691E+27    4.0518E+27    6.4051E+27
    9.0100E+03    4.3964E+26    2.6618E+27    3.9604E+27    5.9649E+27
    9.0300E+03    4.4031E+26    2.6666E+27    3.9919E+27    6.1196E+27
    9.0500E+03    4.4133E+26    2.6748E+27    4.0583E+27    6.4332E+27
    9.0700E+03    4.4188E+26    2.6784E+27    4.0777E+27    6.5178E+27
    9.0900E+03    4.4230E+26    2.6806E+27    4.0833E+27    6.5413E+27
    9.1100E+03    4.4266E+26    2.6823E+27    4.0840E+27    6.5429E+27
    9.1300E+03    4.4302E+26    2.6839E+27    4.0825E+27    6.5350E+27
    9.1500E+03    4.4335E+26    2.6852E+27    4.0790E+27    6.5188E+27
    9.1700E+03    4.4364E+26    2.6862E+27    4.0722E+27    6.4883E+27
    9.1900E+03    4.4385E+26    2.6864E+27    4.0572E+27    6.4216E+27
    9.2100E+03    4.4381E+26    2.6840E+27    4.0154E+27    6.2296E+27
    9.2300E+03    4.4330E+26    2.6769E+27    3.9261E+27    5.7978E+27
    9.2500E+03    4.4440E+26    2.6860E+27    4.0018E+27    6.1640E+27
    9.2700E+03    4.4521E+26    2.6922E+27    4.0475E+27    6.3737E+27
    9.2900E+03    4.4571E+26    2.6953E+27    4.0614E+27    6.4330E+27
    9.3100E+03    4.4611E+26    2.6974E+27    4.0652E+27    6.4479E+27
    9.3300E+03    4.4648E+26    2.6992E+27    4.0661E+27    6.4501E+27
    9.3500E+03    4.4683E+26    2.7008E+27    4.0655E+27    6.4460E+27
    9.3700E+03    4.4682E+26    2.6972E+27    4.0572E+27    6.4323E+27
    9.3900E+03    4.4753E+26    2.7039E+27    4.0628E+27    6.4314E+27
    9.4100E+03    4.4787E+26    2.7054E+27    4.0610E+27    6.4214E+27
    9.4300E+03    4.4821E+26    2.7069E+27    4.0588E+27    6.4101E+27
    9.4500E+03    4.4854E+26    2.7083E+27    4.0560E+27    6.3961E+27
    9.4700E+03    4.4886E+26    2.7096E+27    4.0516E+27    6.3753E+27
    9.4900E+03    4.4915E+26    2.7105E+27    4.0446E+27    6.3431E+27
    9.5100E+03    4.4934E+26    2.7106E+27    4.0278E+27    6.2677E+27
    9.5300E+03    4.4926E+26    2.7078E+27    3.9823E+27    6.0567E+27
    9.5500E+03    4.4772E+26    2.6894E+27    3.8665E+27    5.6435E+27
    9.5700E+03    4.5005E+26    2.7119E+27    3.9901E+27    6.0903E+27
    9.5900E+03    4.5076E+26    2.7172E+27    4.0263E+27    6.2535E+27
    9.6100E+03    4.5123E+26    2.7200E+27    4.0375E+27    6.3009E+27
    9.6300E+03    4.5162E+26    2.7221E+27    4.0410E+27    6.3136E+27
    9.6500E+03    4.5199E+26    2.7238E+27    4.0420E+27    6.3157E+27
    9.6700E+03    4.5234E+26    2.7255E+27    4.0417E+27    6.3130E+27
    9.6900E+03    4.5269E+26    2.7271E+27    4.0410E+27    6.3080E+27
    9.7100E+03    4.5304E+26    2.7287E+27    4.0402E+27    6.3016E+27
    9.7300E+03    4.5339E+26    2.7304E+27    4.0394E+27    6.2953E+27
    9.7500E+03    4.5374E+26    2.7319E+27    4.0382E+27    6.2879E+27
    9.7700E+03    4.5408E+26    2.7335E+27    4.0369E+27    6.2804E+27
    9.7900E+03    4.5442E+26    2.7351E+27    4.0357E+27    6.2729E+27
    9.8100E+03    4.5477E+26    2.7366E+27    4.0344E+27    6.2647E+27
    9.8300E+03    4.5511E+26    2.7382E+27    4.0331E+27    6.2569E+27
    9.8500E+03    4.5545E+26    2.7398E+27    4.0318E+27    6.2487E+27
    9.8700E+03    4.5579E+26    2.7413E+27    4.0303E+27    6.2402E+27
    9.8900E+03    4.5613E+26    2.7429E+27    4.0287E+27    6.2313E+27
    9.9100E+03    4.5646E+26    2.7444E+27    4.0269E+27    6.2215E+27
    9.9300E+03    4.5680E+26    2.7459E+27    4.0251E+27    6.2102E+27
    9.9500E+03    4.5713E+26    2.7473E+27    4.0227E+27    6.1973E+27
    9.9700E+03    4.5745E+26    2.7487E+27    4.0194E+27    6.1803E+27
    9.9900E+03    4.5774E+26    2.7498E+27    4.0134E+27    6.1523E+27
    1.0025E+04    4.5792E+26    2.7483E+27    3.9687E+27    5.9435E+27
    1.0075E+04    4.5865E+26    2.7511E+27    3.9543E+27    5.8693E+27
    1.0125E+04    4.5825E+26    2.7436E+27    3.9852E+27    6.0914E+27
    1.0175E+04    4.6097E+26    2.7653E+27    4.0123E+27    6.1229E+27
    1.0225E+04    4.6184E+26    2.7694E+27    4.0116E+27    6.1120E+27
    1.0275E+04    4.6269E+26    2.7734E+27    4.0097E+27    6.0968E+27
    1.0325E+04    4.6354E+26    2.7774E+27    4.0074E+27    6.0794E+27
    1.0375E+04    4.6439E+26    2.7815E+27    4.0055E+27    6.0636E+27
    1.0425E+04    4.6523E+26    2.7855E+27    4.0034E+27    6.0473E+27
    1.0475E+04    4.6607E+26    2.7894E+27    4.0015E+27    6.0311E+27
    1.0525E+04    4.6691E+26    2.7935E+27    3.9997E+27    6.0154E+27
    1.0575E+04    4.6775E+26    2.7975E+27    3.9978E+27    5.9997E+27
    1.0625E+04    4.6859E+26    2.8015E+27    3.9962E+27    5.9844E+27
    1.0675E+04    4.6943E+26    2.8055E+27    3.9945E+27    5.9689E+27
    1.0725E+04    4.7026E+26    2.8095E+27    3.9927E+27    5.9531E+27
    1.0775E+04    4.7109E+26    2.8134E+27    3.9904E+27    5.9352E+27
    1.0825E+04    4.7189E+26    2.8171E+27    3.9861E+27    5.9078E+27
    1.0875E+04    4.7266E+26    2.8205E+27    3.9781E+27    5.8642E+27
    1.0925E+04    4.7242E+26    2.8144E+27    3.8778E+27    5.5178E+27
    1.0975E+04    4.7408E+26    2.8262E+27    3.9521E+27    5.7290E+27
    1.1025E+04    4.7518E+26    2.8330E+27    3.9792E+27    5.8431E+27
    1.1075E+04    4.7605E+26    2.8374E+27    3.9822E+27    5.8478E+27
    1.1125E+04    4.7688E+26    2.8416E+27    3.9826E+27    5.8401E+27
    1.1175E+04    4.7771E+26    2.8457E+27    3.9822E+27    5.8288E+27
    1.1225E+04    4.7853E+26    2.8497E+27    3.9813E+27    5.8160E+27
    1.1275E+04    4.7934E+26    2.8537E+27    3.9804E+27    5.8032E+27
    1.1325E+04    4.8016E+26    2.8577E+27    3.9796E+27    5.7906E+27
    1.1375E+04    4.8097E+26    2.8617E+27    3.9789E+27    5.7782E+27
    1.1425E+04    4.8178E+26    2.8657E+27    3.9782E+27    5.7660E+27
    1.1475E+04    4.8259E+26    2.8696E+27    3.9776E+27    5.7538E+27
    1.1525E+04    4.8339E+26    2.8736E+27    3.9771E+27    5.7420E+27
    1.1575E+04    4.8420E+26    2.8776E+27    3.9766E+27    5.7302E+27
    1.1625E+04    4.8500E+26    2.8816E+27    3.9761E+27    5.7186E+27
    1.1675E+04    4.8580E+26    2.8856E+27    3.9757E+27    5.7072E+27
    1.1725E+04    4.8660E+26    2.8896E+27    3.9753E+27    5.6959E+27
    1.1775E+04    4.8740E+26    2.8935E+27    3.9750E+27    5.6848E+27
    1.1825E+04    4.8819E+26    2.8975E+27    3.9747E+27    5.6738E+27
    1.1875E+04    4.8898E+26    2.9015E+27    3.9745E+27    5.6630E+27
    1.1925E+04    4.8977E+26    2.9054E+27    3.9742E+27    5.6523E+27
    1.1975E+04    4.9056E+26    2.9093E+27    3.9740E+27    5.6411E+27
    1.2025E+04    4.9135E+26    2.9133E+27    3.9740E+27    5.6314E+27
    1.2075E+04    4.9213E+26    2.9172E+27    3.9740E+27    5.6212E+27
    1.2125E+04    4.9291E+26    2.9212E+27    3.9740E+27    5.6111E+27
    1.2175E+04    4.9369E+26    2.9251E+27    3.9740E+27    5.6011E+27
    1.2225E+04    4.9447E+26    2.9290E+27    3.9741E+27    5.5913E+27
    1.2275E+04    4.9525E+26    2.9329E+27    3.9742E+27    5.5816E+27
    1.2325E+04    4.9602E+26    2.9368E+27    3.9743E+27    5.5720E+27
    1.2375E+04    4.9679E+26    2.9407E+27    3.9745E+27    5.5626E+27
    1.2425E+04    4.9756E+26    2.9446E+27    3.9747E+27    5.5532E+27
    1.2475E+04    4.9833E+26    2.9485E+27    3.9749E+27    5.5441E+27
    1.2525E+04    4.9909E+26    2.9524E+27    3.9752E+27    5.5348E+27
    1.2575E+04    4.9986E+26    2.9563E+27    3.9755E+27    5.5256E+27
    1.2625E+04    5.0061E+26    2.9601E+27    3.9754E+27    5.5151E+27
    1.2675E+04    5.0136E+26    2.9639E+27    3.9748E+27    5.5021E+27
    1.2725E+04    5.0209E+26    2.9675E+27    3.9728E+27    5.4826E+27
    1.2775E+04    5.0273E+26    2.9701E+27    3.9609E+27    5.4184E+27
    1.2825E+04    5.0294E+26    2.9695E+27    3.9220E+27    5.2272E+27
    1.2875E+04    5.0427E+26    2.9782E+27    3.9657E+27    5.4196E+27
    1.2925E+04    5.0511E+26    2.9829E+27    3.9756E+27    5.4531E+27
    1.2975E+04    5.0586E+26    2.9870E+27    3.9771E+27    5.4523E+27
    1.3025E+04    5.0662E+26    2.9908E+27    3.9795E+27    5.4494E+27
    1.3075E+04    5.0737E+26    2.9947E+27    3.9804E+27    5.4428E+27
    1.3125E+04    5.0811E+26    2.9985E+27    3.9811E+27    5.4351E+27
    1.3175E+04    5.0884E+26    3.0023E+27    3.9818E+27    5.4275E+27
    1.3225E+04    5.0958E+26    3.0060E+27    3.9824E+27    5.4199E+27
    1.3275E+04    5.1031E+26    3.0098E+27    3.9832E+27    5.4125E+27
    1.3325E+04    5.1104E+26    3.0136E+27    3.9839E+27    5.4052E+27
    1.3375E+04    5.1177E+26    3.0173E+27    3.9847E+27    5.3979E+27
    1.3425E+04    5.1249E+26    3.0211E+27    3.9855E+27    5.3908E+27
    1.3475E+04    5.1322E+26    3.0248E+27    3.9864E+27    5.3838E+27
    1.3525E+04    5.1394E+26    3.0286E+27    3.9872E+27    5.3768E+27
    1.3575E+04    5.1466E+26    3.0323E+27    3.9880E+27    5.3700E+27
    1.3625E+04    5.1538E+26    3.0360E+27    3.9890E+27    5.3632E+27
    1.3675E+04    5.1609E+26    3.0397E+27    3.9899E+27    5.3564E+27
    1.3725E+04    5.1681E+26    3.0434E+27    3.9908E+27    5.3498E+27
    1.3775E+04    5.1752E+26    3.0471E+27    3.9917E+27    5.3433E+27
    1.3825E+04    5.1823E+26    3.0508E+27    3.9927E+27    5.3368E+27
    1.3875E+04    5.1893E+26    3.0545E+27    3.9937E+27    5.3305E+27
    1.3925E+04    5.1964E+26    3.0582E+27    3.9947E+27    5.3242E+27
    1.3975E+04    5.2034E+26    3.0618E+27    3.9958E+27    5.3181E+27
    1.4025E+04    5.2104E+26    3.0655E+27    3.9968E+27    5.3119E+27
    1.4075E+04    5.2174E+26    3.0691E+27    3.9979E+27    5.3059E+27
    1.4125E+04    5.2244E+26    3.0727E+27    3.9990E+27    5.2999E+27
    1.4175E+04    5.2313E+26    3.0764E+27    4.0001E+27    5.2940E+27
    1.4225E+04    5.2382E+26    3.0800E+27    4.0012E+27    5.2883E+27
    1.4275E+04    5.2451E+26    3.0836E+27    4.0024E+27    5.2825E+27
    1.4325E+04    5.2520E+26    3.0872E+27    4.0035E+27    5.2768E+27
    1.4375E+04    5.2588E+26    3.0908E+27    4.0047E+27    5.2712E+27
    1.4425E+04    5.2657E+26    3.0944E+27    4.0059E+27    5.2657E+27
    1.4475E+04    5.2725E+26    3.0979E+27    4.0071E+27    5.2602E+27
    1.4525E+04    5.2793E+26    3.1015E+27    4.0083E+27    5.2548E+27
    1.4570E+04    5.2854E+26    3.1047E+27    4.0094E+27    5.2500E+27
    1.4620E+04    4.4375E+26    2.6166E+27    3.4634E+27    4.7012E+27
    1.4675E+04    4.4433E+26    2.6195E+27    3.4638E+27    4.6948E+27
    1.4725E+04    4.4486E+26    2.6223E+27    3.4642E+27    4.6890E+27
    1.4775E+04    4.4539E+26    2.6250E+27    3.4646E+27    4.6833E+27
    1.4825E+04    4.4591E+26    2.6277E+27    3.4650E+27    4.6775E+27
    1.4875E+04    4.4644E+26    2.6304E+27    3.4654E+27    4.6718E+27
    1.4925E+04    4.4696E+26    2.6330E+27    3.4657E+27    4.6659E+27
    1.4975E+04    4.4748E+26    2.6357E+27    3.4661E+27    4.6595E+27
    1.5025E+04    4.4800E+26    2.6384E+27    3.4664E+27    4.6532E+27
    1.5075E+04    4.4851E+26    2.6410E+27    3.4665E+27    4.6460E+27
    1.5125E+04    4.4903E+26    2.6437E+27    3.4666E+27    4.6384E+27
    1.5175E+04    4.4954E+26    2.6463E+27    3.4666E+27    4.6299E+27
    1.5225E+04    4.5005E+26    2.6489E+27    3.4666E+27    4.6223E+27
    1.5275E+04    4.5056E+26    2.6515E+27    3.4668E+27    4.6154E+27
    1.5325E+04    4.5106E+26    2.6541E+27    3.4665E+27    4.6058E+27
    1.5375E+04    4.5158E+26    2.6568E+27    3.4673E+27    4.6028E+27
    1.5425E+04    4.5207E+26    2.6592E+27    3.4663E+27    4.5889E+27
    1.5475E+04    4.5259E+26    2.6620E+27    3.4682E+27    4.5916E+27
    1.5525E+04    4.5309E+26    2.6645E+27    3.4680E+27    4.5830E+27
    1.5575E+04    4.5357E+26    2.6669E+27    3.4662E+27    4.5646E+27
    1.5625E+04    4.5413E+26    2.6701E+27    3.4724E+27    4.5897E+27
    1.5675E+04    4.5458E+26    2.6722E+27    3.4678E+27    4.5582E+27
    1.5725E+04    4.5507E+26    2.6745E+27    3.4666E+27    4.5431E+27
    1.5775E+04    4.5565E+26    2.6781E+27    3.4758E+27    4.5827E+27
    1.5825E+04    4.5614E+26    2.6805E+27    3.4749E+27    4.5707E+27
    1.5875E+04    4.5651E+26    2.6819E+27    3.4635E+27    4.5032E+27
    1.5925E+04    4.5710E+26    2.6854E+27    3.4734E+27    4.5460E+27
    1.5975E+04    4.5767E+26    2.6888E+27    3.4821E+27    4.5805E+27
    1.6050E+04    4.5836E+26    2.6921E+27    3.4778E+27    4.5479E+27
    1.6150E+04    4.5928E+26    2.6966E+27    3.4722E+27    4.5036E+27
    1.6250E+04    4.6038E+26    2.7030E+27    3.4867E+27    4.5585E+27
    1.6350E+04    4.6128E+26    2.7073E+27    3.4806E+27    4.5139E+27
    1.6450E+04    4.6218E+26    2.7117E+27    3.4754E+27    4.4715E+27
    1.6550E+04    4.6329E+26    2.7182E+27    3.4919E+27    4.5351E+27
    1.6650E+04    4.6425E+26    2.7233E+27    3.4939E+27    4.5284E+27
    1.6750E+04    4.6511E+26    2.7274E+27    3.4864E+27    4.4774E+27
    1.6850E+04    4.6598E+26    2.7317E+27    3.4808E+27    4.4343E+27
    1.6950E+04    4.6708E+26    2.7382E+27    3.4985E+27    4.5024E+27
    1.7050E+04    4.6803E+26    2.7433E+27    3.5014E+27    4.5001E+27
    1.7150E+04    4.6896E+26    2.7482E+27    3.5031E+27    4.4918E+27
    1.7250E+04    4.6986E+26    2.7528E+27    3.5026E+27    4.4740E+27
    1.7350E+04    4.7060E+26    2.7559E+27    3.4855E+27    4.3770E+27
    1.7450E+04    4.7167E+26    2.7623E+27    3.5033E+27    4.4461E+27
    1.7550E+04    4.7263E+26    2.7676E+27    3.5101E+27    4.4615E+27
    1.7650E+04    4.7355E+26    2.7725E+27    3.5128E+27    4.4576E+27
    1.7750E+04    4.7445E+26    2.7773E+27    3.5148E+27    4.4514E+27
    1.7850E+04    4.7535E+26    2.7821E+27    3.5167E+27    4.4444E+27
    1.7950E+04    4.7624E+26    2.7868E+27    3.5182E+27    4.4361E+27
    1.8050E+04    4.7711E+26    2.7913E+27    3.5185E+27    4.4220E+27
    1.8150E+04    4.7783E+26    2.7944E+27    3.5038E+27    4.3369E+27
    1.8250E+04    4.7882E+26    2.8002E+27    3.5174E+27    4.3856E+27
    1.8350E+04    4.7976E+26    2.8055E+27    3.5258E+27    4.4088E+27
    1.8450E+04    4.8064E+26    2.8102E+27    3.5286E+27    4.4060E+27
    1.8550E+04    4.8150E+26    2.8148E+27    3.5304E+27    4.3991E+27
    1.8650E+04    4.8234E+26    2.8192E+27    3.5304E+27    4.3836E+27
    1.8750E+04    4.8322E+26    2.8227E+27    3.5171E+27    4.3032E+27
    1.8850E+04    4.8404E+26    2.8283E+27    3.5342E+27    4.3704E+27
    1.8950E+04    4.8492E+26    2.8332E+27    3.5392E+27    4.3779E+27
    1.9050E+04    4.8577E+26    2.8377E+27    3.5419E+27    4.3747E+27
    1.9150E+04    4.8661E+26    2.8422E+27    3.5441E+27    4.3699E+27
    1.9250E+04    4.8744E+26    2.8467E+27    3.5459E+27    4.3629E+27
    1.9350E+04    4.8824E+26    2.8509E+27    3.5454E+27    4.3459E+27
    1.9450E+04    4.8899E+26    2.8544E+27    3.5252E+27    4.2560E+27
    1.9550E+04    4.8980E+26    2.8588E+27    3.5437E+27    4.3291E+27
    1.9650E+04    4.9074E+26    2.8644E+27    3.5552E+27    4.3453E+27
    1.9750E+04    4.9156E+26    2.8689E+27    3.5581E+27    4.3434E+27
    1.9850E+04    4.9237E+26    2.8733E+27    3.5605E+27    4.3395E+27
    1.9950E+04    4.9318E+26    2.8776E+27    3.5629E+27    4.3354E+27
    2.0050E+04    4.9398E+26    2.8820E+27    3.5653E+27    4.3315E+27
    2.0150E+04    4.9478E+26    2.8863E+27    3.5677E+27    4.3276E+27
    2.0250E+04    4.9557E+26    2.8906E+27    3.5701E+27    4.3239E+27
    2.0350E+04    4.9636E+26    2.8948E+27    3.5726E+27    4.3202E+27
    2.0450E+04    4.9715E+26    2.8991E+27    3.5750E+27    4.3166E+27
    2.0550E+04    4.9793E+26    2.9033E+27    3.5774E+27    4.3130E+27
    2.0650E+04    4.9871E+26    2.9076E+27    3.5799E+27    4.3098E+27
    2.0750E+04    4.9949E+26    2.9118E+27    3.5824E+27    4.3065E+27
    2.0850E+04    5.0026E+26    2.9160E+27    3.5849E+27    4.3032E+27
    2.0950E+04    5.0102E+26    2.9201E+27    3.5874E+27    4.3001E+27
    2.1050E+04    5.0179E+26    2.9243E+27    3.5898E+27    4.2970E+27
    2.1150E+04    5.0255E+26    2.9284E+27    3.5923E+27    4.2939E+27
    2.1250E+04    5.0330E+26    2.9325E+27    3.5949E+27    4.2911E+27
    2.1350E+04    5.0406E+26    2.9366E+27    3.5973E+27    4.2880E+27
    2.1450E+04    5.0480E+26    2.9406E+27    3.5994E+27    4.2832E+27
    2.1550E+04    5.0553E+26    2.9445E+27    3.6000E+27    4.2721E+27
    2.1650E+04    5.0615E+26    2.9474E+27    3.5909E+27    4.2144E+27
    2.1750E+04    5.0699E+26    2.9524E+27    3.6039E+27    4.2616E+27
    2.1850E+04    5.0776E+26    2.9567E+27    3.6094E+27    4.2724E+27
    2.1950E+04    5.0849E+26    2.9608E+27    3.6125E+27    4.2724E+27
    2.2050E+04    5.0922E+26    2.9648E+27    3.6152E+27    4.2705E+27
    2.2150E+04    5.0995E+26    2.9687E+27    3.6178E+27    4.2682E+27
    2.2250E+04    5.1067E+26    2.9727E+27    3.6203E+27    4.2660E+27
    2.2350E+04    5.1139E+26    2.9766E+27    3.6229E+27    4.2638E+27
    2.2450E+04    5.1210E+26    2.9805E+27    3.6255E+27    4.2617E+27
    2.2550E+04    5.1281E+26    2.9844E+27    3.6281E+27    4.2597E+27
    2.2650E+04    5.1352E+26    2.9882E+27    3.6307E+27    4.2577E+27
    2.2750E+04    5.1422E+26    2.9921E+27    3.6332E+27    4.2558E+27
    2.2850E+04    4.7116E+26    2.7441E+27    3.3544E+27    3.9730E+27
    2.2950E+04    4.7180E+26    2.7476E+27    3.3566E+27    3.9709E+27
    2.3050E+04    4.7243E+26    2.7510E+27    3.3588E+27    3.9688E+27
    2.3150E+04    4.7307E+26    2.7545E+27    3.3610E+27    3.9668E+27
    2.3250E+04    4.7369E+26    2.7579E+27    3.3632E+27    3.9648E+27
    2.3350E+04    4.7432E+26    2.7613E+27    3.3655E+27    3.9629E+27
    2.3450E+04    4.7494E+26    2.7648E+27    3.3677E+27    3.9610E+27
    2.3550E+04    4.7556E+26    2.7681E+27    3.3699E+27    3.9591E+27
    2.3650E+04    4.7618E+26    2.7715E+27    3.3722E+27    3.9573E+27
    2.3750E+04    4.7680E+26    2.7749E+27    3.3744E+27    3.9553E+27
    2.3850E+04    4.7741E+26    2.7782E+27    3.3766E+27    3.9534E+27
    2.3950E+04    4.7802E+26    2.7816E+27    3.3788E+27    3.9514E+27
    2.4050E+04    4.7863E+26    2.7849E+27    3.3810E+27    3.9495E+27
    2.4150E+04    4.7923E+26    2.7882E+27    3.3831E+27    3.9474E+27
    2.4250E+04    4.7983E+26    2.7915E+27    3.3852E+27    3.9453E+27
    2.4350E+04    4.8043E+26    2.7948E+27    3.3875E+27    3.9438E+27
    2.4450E+04    4.8103E+26    2.7980E+27    3.3896E+27    3.9415E+27
    2.4550E+04    4.8162E+26    2.8013E+27    3.3919E+27    3.9405E+27
    2.4650E+04    4.8221E+26    2.8045E+27    3.3939E+27    3.9379E+27
    2.4750E+04    4.8280E+26    2.8078E+27    3.3963E+27    3.9370E+27
    2.4850E+04    4.8339E+26    2.8110E+27    3.3988E+27    3.9370E+27
    2.4950E+04    4.8397E+26    2.8142E+27    3.4003E+27    3.9317E+27
    2.5050E+04    4.8457E+26    2.8176E+27    3.4046E+27    3.9410E+27
    2.5150E+04    4.8514E+26    2.8207E+27    3.4060E+27    3.9357E+27
    2.5250E+04    4.8570E+26    2.8237E+27    3.4066E+27    3.9256E+27
    2.5350E+04    4.8629E+26    2.8270E+27    3.4101E+27    3.9311E+27
    2.5450E+04    4.8687E+26    2.8302E+27    3.4130E+27    3.9335E+27
    2.5550E+04    4.8743E+26    2.8333E+27    3.4144E+27    3.9282E+27
    2.5650E+04    4.8798E+26    2.8362E+27    3.4148E+27    3.9175E+27
    2.5750E+04    4.8857E+26    2.8395E+27    3.4193E+27    3.9278E+27
    2.5850E+04    4.8914E+26    2.8427E+27    3.4223E+27    3.9306E+27
    2.5950E+04    4.8970E+26    2.8458E+27    3.4244E+27    3.9286E+27
    2.6050E+04    4.9024E+26    2.8487E+27    3.4249E+27    3.9193E+27
    2.6150E+04    4.9077E+26    2.8515E+27    3.4246E+27    3.9058E+27
    2.6250E+04    4.9131E+26    2.8544E+27    3.4225E+27    3.8843E+27
    2.6350E+04    4.9190E+26    2.8579E+27    3.4314E+27    3.9161E+27
    2.6450E+04    4.9247E+26    2.8611E+27    3.4358E+27    3.9249E+27
    2.6550E+04    4.9302E+26    2.8641E+27    3.4382E+27    3.9248E+27
    2.6650E+04    4.9355E+26    2.8670E+27    3.4393E+27    3.9186E+27
    2.6750E+04    4.9406E+26    2.8697E+27    3.4382E+27    3.9009E+27
    2.6850E+04    4.9464E+26    2.8730E+27    3.4438E+27    3.9175E+27
    2.6950E+04    4.9519E+26    2.8762E+27    3.4474E+27    3.9232E+27
    2.7050E+04    4.9573E+26    2.8792E+27    3.4500E+27    3.9243E+27
    2.7150E+04    4.9626E+26    2.8821E+27    3.4524E+27    3.9242E+27
    2.7250E+04    4.9680E+26    2.8851E+27    3.4546E+27    3.9234E+27
    2.7350E+04    4.9732E+26    2.8880E+27    3.4566E+27    3.9218E+27
    2.7450E+04    4.9784E+26    2.8908E+27    3.4580E+27    3.9173E+27
    2.7550E+04    4.9833E+26    2.8933E+27    3.4562E+27    3.8969E+27
    2.7650E+04    4.9888E+26    2.8965E+27    3.4606E+27    3.9071E+27
    2.7750E+04    4.9942E+26    2.8996E+27    3.4653E+27    3.9184E+27
    2.7850E+04    4.9995E+26    2.9025E+27    3.4681E+27    3.9204E+27
    2.7950E+04    5.0047E+26    2.9054E+27    3.4705E+27    3.9209E+27
    2.8050E+04    5.0098E+26    2.9083E+27    3.4728E+27    3.9207E+27
    2.8150E+04    5.0150E+26    2.9112E+27    3.4750E+27    3.9204E+27
    2.8250E+04    5.0201E+26    2.9140E+27    3.4773E+27    3.9201E+27
    2.8350E+04    5.0252E+26    2.9168E+27    3.4795E+27    3.9197E+27
    2.8450E+04    5.0303E+26    2.9196E+27    3.4815E+27    3.9187E+27
    2.8550E+04    5.0353E+26    2.9224E+27    3.4833E+27    3.9164E+27
    2.8650E+04    5.0401E+26    2.9250E+27    3.4835E+27    3.9067E+27
    2.8750E+04    5.0449E+26    2.9275E+27    3.4825E+27    3.8903E+27
    2.8850E+04    5.0503E+26    2.9307E+27    3.4893E+27    3.9125E+27
    2.8950E+04    5.0554E+26    2.9336E+27    3.4925E+27    3.9171E+27
    2.9050E+04    5.0604E+26    2.9364E+27    3.4951E+27    3.9183E+27
    2.9150E+04    5.0654E+26    2.9391E+27    3.4974E+27    3.9186E+27
    2.9250E+04    5.0703E+26    2.9419E+27    3.4996E+27    3.9185E+27
    2.9350E+04    5.0752E+26    2.9446E+27    3.5018E+27    3.9185E+27
    2.9450E+04    5.0801E+26    2.9474E+27    3.5041E+27    3.9184E+27
    2.9550E+04    5.0850E+26    2.9501E+27    3.5063E+27    3.9184E+27
    2.9650E+04    5.0898E+26    2.9528E+27    3.5085E+27    3.9184E+27
    2.9750E+04    5.0947E+26    2.9555E+27    3.5107E+27    3.9184E+27
    2.9850E+04    5.0995E+26    2.9582E+27    3.5129E+27    3.9185E+27
    2.9950E+04    5.1043E+26    2.9608E+27    3.5151E+27    3.9185E+27
    3.0050E+04    5.1091E+26    2.9635E+27    3.5172E+27    3.9183E+27
    3.0150E+04    5.1139E+26    2.9661E+27    3.5192E+27    3.9173E+27
    3.0250E+04    5.1186E+26    2.9687E+27    3.5207E+27    3.9143E+27
    3.0350E+04    5.1229E+26    2.9710E+27    3.5190E+27    3.8959E+27
    3.0450E+04    5.1278E+26    2.9737E+27    3.5225E+27    3.9021E+27
    3.0550E+04    5.1327E+26    2.9767E+27    3.5275E+27    3.9158E+27
    3.0650E+04    5.1375E+26    2.9793E+27    3.5302E+27    3.9185E+27
    3.0750E+04    5.1422E+26    2.9820E+27    3.5326E+27    3.9195E+27
    3.0850E+04    5.1468E+26    2.9846E+27    3.5348E+27    3.9198E+27
    3.0950E+04    5.1515E+26    2.9871E+27    3.5370E+27    3.9201E+27
    3.1050E+04    5.1561E+26    2.9897E+27    3.5392E+27    3.9203E+27
    3.1150E+04    5.1607E+26    2.9923E+27    3.5414E+27    3.9205E+27
    3.1250E+04    5.1653E+26    2.9949E+27    3.5435E+27    3.9208E+27
    3.1350E+04    5.1699E+26    2.9974E+27    3.5457E+27    3.9211E+27
    3.1450E+04    5.1744E+26    3.0000E+27    3.5479E+27    3.9214E+27
    3.1550E+04    5.1790E+26    3.0025E+27    3.5500E+27    3.9217E+27
    3.1650E+04    5.1835E+26    3.0050E+27    3.5522E+27    3.9220E+27
    3.1750E+04    5.1880E+26    3.0076E+27    3.5543E+27    3.9223E+27
    3.1850E+04    5.1925E+26    3.0101E+27    3.5565E+27    3.9227E+27
    3.1950E+04    5.1970E+26    3.0126E+27    3.5586E+27    3.9230E+27
    3.2100E+04    5.2037E+26    3.0163E+27    3.5619E+27    3.9236E+27
    3.2300E+04    5.2126E+26    3.0213E+27    3.5661E+27    3.9244E+27
    3.2500E+04    5.2214E+26    3.0262E+27    3.5704E+27    3.9253E+27
    3.2700E+04    5.2301E+26    3.0311E+27    3.5744E+27    3.9249E+27
    3.2900E+04    4.9853E+26    2.8899E+27    3.4123E+27    3.7477E+27
    3.3100E+04    4.9938E+26    2.8948E+27    3.4184E+27    3.7583E+27
    3.3300E+04    5.0022E+26    2.8995E+27    3.4236E+27    3.7645E+27
    3.3500E+04    5.0104E+26    2.9041E+27    3.4277E+27    3.7658E+27
    3.3700E+04    5.0185E+26    2.9087E+27    3.4317E+27    3.7668E+27
    3.3900E+04    5.0266E+26    2.9132E+27    3.4357E+27    3.7678E+27
    3.4100E+04    5.0346E+26    2.9177E+27    3.4396E+27    3.7688E+27
    3.4300E+04    5.0426E+26    2.9222E+27    3.4436E+27    3.7699E+27
    3.4500E+04    5.0506E+26    2.9267E+27    3.4475E+27    3.7709E+27
    3.4700E+04    5.0585E+26    2.9311E+27    3.4515E+27    3.7720E+27
    3.4900E+04    5.0663E+26    2.9355E+27    3.4554E+27    3.7732E+27
    3.5100E+04    5.0741E+26    2.9399E+27    3.4593E+27    3.7743E+27
    3.5300E+04    5.0818E+26    2.9442E+27    3.4632E+27    3.7754E+27
    3.5500E+04    5.0895E+26    2.9485E+27    3.4670E+27    3.7766E+27
    3.5700E+04    5.0972E+26    2.9528E+27    3.4709E+27    3.7778E+27
    3.5900E+04    5.1048E+26    2.9571E+27    3.4747E+27    3.7790E+27
    3.6100E+04    5.1123E+26    2.9614E+27    3.4785E+27    3.7802E+27
    3.6300E+04    5.1199E+26    2.9656E+27    3.4824E+27    3.7816E+27
    3.6500E+04    5.1273E+26    2.9698E+27    3.4861E+27    3.7826E+27
    3.6700E+04    5.1348E+26    2.9740E+27    3.4900E+27    3.7845E+27
    3.6900E+04    5.1421E+26    2.9781E+27    3.4936E+27    3.7848E+27
    3.7100E+04    5.1495E+26    2.9822E+27    3.4974E+27    3.7868E+27
    3.7300E+04    5.1566E+26    2.9862E+27    3.4999E+27    3.7821E+27
    3.7500E+04    5.1638E+26    2.9903E+27    3.5031E+27    3.7811E+27
    3.7700E+04    5.1712E+26    2.9945E+27    3.5087E+27    3.7914E+27
    3.7900E+04    5.1784E+26    2.9986E+27    3.5126E+27    3.7937E+27
    3.8100E+04    5.1855E+26    3.0025E+27    3.5160E+27    3.7934E+27
    3.8300E+04    5.1926E+26    3.0065E+27    3.5198E+27    3.7953E+27
    3.8500E+04    5.1997E+26    3.0106E+27    3.5238E+27    3.7988E+27
    3.8700E+04    5.2067E+26    3.0145E+27    3.5276E+27    3.8006E+27
    3.8900E+04    5.2137E+26    3.0184E+27    3.5310E+27    3.8009E+27
    3.9100E+04    5.2206E+26    3.0223E+27    3.5341E+27    3.7999E+27
    3.9300E+04    5.2275E+26    3.0262E+27    3.5384E+27    3.8049E+27
    3.9500E+04    5.2344E+26    3.0301E+27    3.5423E+27    3.8075E+27
    3.9700E+04    5.2412E+26    3.0340E+27    3.5459E+27    3.8093E+27
    3.9900E+04    5.2480E+26    3.0378E+27    3.5495E+27    3.8110E+27
    4.0100E+04    5.2547E+26    3.0416E+27    3.5523E+27    3.8091E+27
    4.0300E+04    5.2614E+26    3.0453E+27    3.5557E+27    3.8099E+27
    4.0500E+04    5.2679E+26    3.0490E+27    3.5581E+27    3.8062E+27
    4.0700E+04    5.2747E+26    3.0529E+27    3.5634E+27    3.8162E+27
    4.0900E+04    5.2814E+26    3.0567E+27    3.5673E+27    3.8194E+27
    4.1100E+04    5.2880E+26    3.0604E+27    3.5709E+27    3.8214E+27
    4.1300E+04    5.2945E+26    3.0641E+27    3.5743E+27    3.8229E+27
    4.1500E+04    5.3010E+26    3.0677E+27    3.5776E+27    3.8235E+27
    4.1700E+04    5.3073E+26    3.0713E+27    3.5801E+27    3.8206E+27
    4.1900E+04    5.3139E+26    3.0750E+27    3.5845E+27    3.8270E+27
    4.2100E+04    5.3203E+26    3.0787E+27    3.5883E+27    3.8302E+27
    4.2300E+04    5.3267E+26    3.0823E+27    3.5918E+27    3.8323E+27
    4.2500E+04    5.3330E+26    3.0859E+27    3.5953E+27    3.8341E+27
    4.2700E+04    5.3393E+26    3.0894E+27    3.5987E+27    3.8360E+27
    4.2900E+04    5.3456E+26    3.0930E+27    3.6021E+27    3.8379E+27
    4.3100E+04    5.3518E+26    3.0965E+27    3.6056E+27    3.8398E+27
    4.3300E+04    5.3580E+26    3.1000E+27    3.6089E+27    3.8416E+27
    4.3500E+04    5.3642E+26    3.1035E+27    3.6121E+27    3.8426E+27
    4.3700E+04    5.3703E+26    3.1069E+27    3.6145E+27    3.8396E+27
    4.3900E+04    5.3764E+26    3.1104E+27    3.6185E+27    3.8444E+27
    4.4100E+04    5.3826E+26    3.1139E+27    3.6224E+27    3.8489E+27
    4.4300E+04    5.3886E+26    3.1174E+27    3.6258E+27    3.8512E+27
    4.4500E+04    5.3947E+26    3.1208E+27    3.6292E+27    3.8532E+27
    4.4700E+04    5.2413E+26    3.0325E+27    3.5299E+27    3.7529E+27
    4.4900E+04    5.2472E+26    3.0358E+27    3.5331E+27    3.7548E+27
    4.5100E+04    5.2530E+26    3.0391E+27    3.5364E+27    3.7567E+27
    4.5300E+04    5.2588E+26    3.0424E+27    3.5396E+27    3.7586E+27
    4.5500E+04    5.2646E+26    3.0457E+27    3.5428E+27    3.7605E+27
    4.5700E+04    5.2703E+26    3.0489E+27    3.5460E+27    3.7624E+27
    4.5900E+04    5.2761E+26    3.0522E+27    3.5492E+27    3.7643E+27
    4.6100E+04    5.2817E+26    3.0554E+27    3.5523E+27    3.7659E+27
    4.6300E+04    5.2874E+26    3.0586E+27    3.5552E+27    3.7668E+27
    4.6500E+04    5.2929E+26    3.0616E+27    3.5569E+27    3.7617E+27
    4.6700E+04    5.2985E+26    3.0649E+27    3.5602E+27    3.7644E+27
    4.6900E+04    5.3042E+26    3.0681E+27    3.5645E+27    3.7717E+27
    4.7100E+04    5.3098E+26    3.0713E+27    3.5680E+27    3.7754E+27
    4.7300E+04    5.3154E+26    3.0745E+27    3.5712E+27    3.7777E+27
    4.7500E+04    5.3209E+26    3.0776E+27    3.5743E+27    3.7797E+27
    4.7700E+04    5.3264E+26    3.0807E+27    3.5774E+27    3.7817E+27
    4.7900E+04    5.3319E+26    3.0839E+27    3.5805E+27    3.7836E+27
    4.8100E+04    5.3373E+26    3.0869E+27    3.5836E+27    3.7856E+27
    4.8300E+04    5.3427E+26    3.0900E+27    3.5866E+27    3.7875E+27
    4.8500E+04    5.3481E+26    3.0931E+27    3.5897E+27    3.7895E+27
    4.8700E+04    5.3535E+26    3.0961E+27    3.5927E+27    3.7915E+27
    4.8900E+04    5.3589E+26    3.0992E+27    3.5958E+27    3.7934E+27
    4.9100E+04    5.3642E+26    3.1022E+27    3.5988E+27    3.7954E+27
    4.9300E+04    5.3695E+26    3.1052E+27    3.6018E+27    3.7974E+27
    4.9500E+04    5.3748E+26    3.1082E+27    3.6048E+27    3.7994E+27
    4.9700E+04    5.3801E+26    3.1112E+27    3.6078E+27    3.8014E+27
    4.9900E+04    5.3853E+26    3.1142E+27    3.6108E+27    3.8033E+27
    5.0100E+04    5.3905E+26    3.1172E+27    3.6138E+27    3.8053E+27
    5.0300E+04    5.3957E+26    3.1201E+27    3.6168E+27    3.8073E+27
    5.0500E+04    5.4009E+26    3.1231E+27    3.6197E+27    3.8093E+27
    5.0700E+04    5.4060E+26    3.1260E+27    3.6227E+27    3.8113E+27
    5.0900E+04    5.4112E+26    3.1289E+27    3.6256E+27    3.8130E+27
    5.1100E+04    5.4162E+26    3.1318E+27    3.6282E+27    3.8137E+27
    5.1300E+04    5.4212E+26    3.1346E+27    3.6302E+27    3.8112E+27
    5.1500E+04    5.4264E+26    3.1376E+27    3.6342E+27    3.8181E+27
    5.1700E+04    5.4315E+26    3.1405E+27    3.6373E+27    3.8211E+27
    5.1900E+04    5.4365E+26    3.1433E+27    3.6402E+27    3.8233E+27
    5.2100E+04    5.4415E+26    3.1462E+27    3.6431E+27    3.8253E+27
    5.2300E+04    5.4465E+26    3.1490E+27    3.6460E+27    3.8273E+27
    5.2500E+04    5.4515E+26    3.1519E+27    3.6489E+27    3.8294E+27
    5.2700E+04    5.4564E+26    3.1547E+27    3.6517E+27    3.8314E+27
    5.2900E+04    5.4613E+26    3.1575E+27    3.6546E+27    3.8334E+27
    5.3100E+04    5.4662E+26    3.1603E+27    3.6574E+27    3.8354E+27
    5.3300E+04    5.4711E+26    3.1631E+27    3.6603E+27    3.8374E+27
    5.3500E+04    5.4760E+26    3.1658E+27    3.6631E+27    3.8394E+27
    5.3700E+04    5.4809E+26    3.1686E+27    3.6659E+27    3.8414E+27
    5.3900E+04    5.4857E+26    3.1713E+27    3.6687E+27    3.8434E+27
    5.4100E+04    5.4905E+26    3.1741E+27    3.6715E+27    3.8455E+27
    5.4300E+04    5.4953E+26    3.1768E+27    3.6743E+27    3.8475E+27
    5.4500E+04    5.5001E+26    3.1795E+27    3.6771E+27    3.8495E+27
    5.4700E+04    5.5048E+26    3.1822E+27    3.6799E+27    3.8515E+27
    5.4900E+04    5.5096E+26    3.1849E+27    3.6827E+27    3.8535E+27
    5.5100E+04    5.5143E+26    3.1876E+27    3.6854E+27    3.8555E+27
    5.5300E+04    5.5190E+26    3.1903E+27    3.6882E+27    3.8575E+27
    5.5500E+04    5.5237E+26    3.1930E+27    3.6909E+27    3.8596E+27
    5.5700E+04    5.5284E+26    3.1957E+27    3.6937E+27    3.8616E+27
    5.5900E+04    5.5330E+26    3.1983E+27    3.6964E+27    3.8636E+27
    5.6100E+04    5.5376E+26    3.2009E+27    3.6991E+27    3.8656E+27
    5.6300E+04    5.5423E+26    3.2036E+27    3.7018E+27    3.8676E+27
    5.6500E+04    5.5469E+26    3.2062E+27    3.7045E+27    3.8696E+27
    5.6700E+04    5.5514E+26    3.2088E+27    3.7072E+27    3.8716E+27
    5.6900E+04    5.5560E+26    3.2114E+27    3.7099E+27    3.8736E+27
    5.7100E+04    5.5606E+26    3.2140E+27    3.7126E+27    3.8756E+27
    5.7300E+04    5.5651E+26    3.2166E+27    3.7153E+27    3.8776E+27
    5.7500E+04    5.5696E+26    3.2192E+27    3.7180E+27    3.8796E+27
    5.7700E+04    5.5741E+26    3.2217E+27    3.7206E+27    3.8817E+27
    5.7900E+04    5.5786E+26    3.2243E+27    3.7233E+27    3.8837E+27
    5.8100E+04    5.5831E+26    3.2269E+27    3.7259E+27    3.8857E+27
    5.8300E+04    5.5875E+26    3.2294E+27    3.7285E+27    3.8877E+27
    5.8500E+04    5.4852E+26    3.1705E+27    3.6624E+27    3.8210E+27
    5.8700E+04    5.4895E+26    3.1730E+27    3.6649E+27    3.8227E+27
    5.8900E+04    5.4939E+26    3.1754E+27    3.6673E+27    3.8236E+27
    5.9100E+04    5.4982E+26    3.1778E+27    3.6691E+27    3.8223E+27
    5.9300E+04    5.5026E+26    3.1804E+27    3.6725E+27    3.8279E+27
    5.9500E+04    5.5069E+26    3.1829E+27    3.6752E+27    3.8307E+27
    5.9700E+04    5.5112E+26    3.1853E+27    3.6778E+27    3.8328E+27
    5.9900E+04    5.5155E+26    3.1878E+27    3.6804E+27    3.8348E+27
    6.0100E+04    5.5198E+26    3.1902E+27    3.6829E+27    3.8367E+27
    6.0300E+04    5.5240E+26    3.1926E+27    3.6855E+27    3.8387E+27
    6.0500E+04    5.5283E+26    3.1951E+27    3.6880E+27    3.8407E+27
    6.0700E+04    5.5325E+26    3.1975E+27    3.6905E+27    3.8426E+27
    6.0900E+04    5.5367E+26    3.1999E+27    3.6930E+27    3.8446E+27
    6.1100E+04    5.5409E+26    3.2023E+27    3.6955E+27    3.8465E+27
    6.1300E+04    5.5451E+26    3.2047E+27    3.6980E+27    3.8485E+27
    6.1500E+04    5.5493E+26    3.2071E+27    3.7005E+27    3.8504E+27
    6.1700E+04    5.5534E+26    3.2094E+27    3.7030E+27    3.8524E+27
    6.1900E+04    5.5576E+26    3.2118E+27    3.7055E+27    3.8543E+27
    6.2100E+04    5.5617E+26    3.2142E+27    3.7079E+27    3.8563E+27
    6.2300E+04    5.5658E+26    3.2165E+27    3.7104E+27    3.8582E+27
    6.2500E+04    5.5699E+26    3.2189E+27    3.7129E+27    3.8602E+27
    6.2700E+04    5.5740E+26    3.2212E+27    3.7153E+27    3.8621E+27
    6.2900E+04    5.5781E+26    3.2235E+27    3.7178E+27    3.8641E+27
    6.3100E+04    5.5822E+26    3.2258E+27    3.7202E+27    3.8660E+27
    6.3300E+04    5.5862E+26    3.2282E+27    3.7226E+27    3.8679E+27
    6.3500E+04    5.5902E+26    3.2305E+27    3.7251E+27    3.8699E+27
    6.3700E+04    5.5943E+26    3.2328E+27    3.7275E+27    3.8718E+27
    6.3900E+04    5.5983E+26    3.2351E+27    3.7299E+27    3.8737E+27
    6.4200E+04    5.6043E+26    3.2385E+27    3.7335E+27    3.8766E+27
    6.4600E+04    5.6122E+26    3.2430E+27    3.7383E+27    3.8805E+27
    6.5000E+04    5.6201E+26    3.2475E+27    3.7431E+27    3.8843E+27
    6.5400E+04    5.6280E+26    3.2520E+27    3.7478E+27    3.8882E+27
    6.5800E+04    5.6358E+26    3.2565E+27    3.7525E+27    3.8920E+27
    6.6200E+04    5.6435E+26    3.2609E+27    3.7572E+27    3.8958E+27
    6.6600E+04    5.6512E+26    3.2653E+27    3.7619E+27    3.8996E+27
    6.7000E+04    5.6589E+26    3.2697E+27    3.7665E+27    3.9034E+27
    6.7400E+04    5.6665E+26    3.2741E+27    3.7711E+27    3.9072E+27
    6.7800E+04    5.6741E+26    3.2784E+27    3.7757E+27    3.9110E+27
    6.8200E+04    5.6816E+26    3.2827E+27    3.7803E+27    3.9148E+27
    6.8600E+04    5.6891E+26    3.2870E+27    3.7848E+27    3.9186E+27
    6.9000E+04    5.6965E+26    3.2913E+27    3.7894E+27    3.9223E+27
    6.9400E+04    5.7039E+26    3.2955E+27    3.7939E+27    3.9261E+27
    6.9800E+04    5.7113E+26    3.2997E+27    3.7983E+27    3.9298E+27
    7.0200E+04    5.7186E+26    3.3039E+27    3.8028E+27    3.9335E+27
    7.0600E+04    5.7259E+26    3.3080E+27    3.8072E+27    3.9373E+27
    7.1000E+04    5.7331E+26    3.3122E+27    3.8117E+27    3.9410E+27
    7.1400E+04    5.7403E+26    3.3163E+27    3.8161E+27    3.9447E+27
    7.1800E+04    5.7474E+26    3.3204E+27    3.8204E+27    3.9484E+27
    7.2200E+04    5.7545E+26    3.3244E+27    3.8248E+27    3.9521E+27
    7.2600E+04    5.7616E+26    3.3285E+27    3.8291E+27    3.9557E+27
    7.3000E+04    5.7686E+26    3.3325E+27    3.8334E+27    3.9594E+27
    7.3400E+04    5.7756E+26    3.3365E+27    3.8377E+27    3.9631E+27
    7.3800E+04    5.7826E+26    3.3405E+27    3.8420E+27    3.9667E+27
    7.4200E+04    5.7145E+26    3.3013E+27    3.7978E+27    3.9218E+27
    7.4600E+04    5.7227E+26    3.3070E+27    3.8073E+27    3.9306E+27
    7.5000E+04    5.7281E+26    3.3091E+27    3.8059E+27    3.9273E+27
    7.5400E+04    5.7349E+26    3.3130E+27    3.8104E+27    3.9325E+27
    7.5800E+04    5.7416E+26    3.3168E+27    3.8146E+27    3.9363E+27
    7.6200E+04    5.7483E+26    3.3207E+27    3.8187E+27    3.9399E+27
    7.6600E+04    5.7550E+26    3.3245E+27    3.8228E+27    3.9435E+27
    7.7000E+04    5.7616E+26    3.3283E+27    3.8269E+27    3.9470E+27
    7.7400E+04    5.7682E+26    3.3321E+27    3.8310E+27    3.9505E+27
    7.7800E+04    5.7748E+26    3.3358E+27    3.8350E+27    3.9541E+27
    7.8200E+04    5.7813E+26    3.3396E+27    3.8391E+27    3.9576E+27
    7.8600E+04    5.7878E+26    3.3433E+27    3.8431E+27    3.9611E+27
    7.9000E+04    5.7942E+26    3.3470E+27    3.8471E+27    3.9646E+27
    7.9400E+04    5.8007E+26    3.3507E+27    3.8511E+27    3.9681E+27
    7.9800E+04    5.8071E+26    3.3543E+27    3.8550E+27    3.9715E+27
    8.0200E+04    5.8134E+26    3.3580E+27    3.8590E+27    3.9750E+27
    8.0600E+04    5.8198E+26    3.3616E+27    3.8629E+27    3.9784E+27
    8.1000E+04    5.8261E+26    3.3652E+27    3.8668E+27    3.9819E+27
    8.1400E+04    5.8324E+26    3.3688E+27    3.8707E+27    3.9853E+27
    8.1800E+04    5.8386E+26    3.3724E+27    3.8746E+27    3.9888E+27
    8.2200E+04    5.8448E+26    3.3760E+27    3.8785E+27    3.9922E+27
    8.2600E+04    5.8510E+26    3.3795E+27    3.8823E+27    3.9956E+27
    8.3000E+04    5.8572E+26    3.3831E+27    3.8861E+27    3.9990E+27
    8.3400E+04    5.8633E+26    3.3866E+27    3.8900E+27    4.0024E+27
    8.3800E+04    5.8694E+26    3.3901E+27    3.8938E+27    4.0057E+27
    8.4200E+04    5.8755E+26    3.3936E+27    3.8975E+27    4.0091E+27
    8.4600E+04    5.8815E+26    3.3970E+27    3.9013E+27    4.0125E+27
    8.5000E+04    5.8875E+26    3.4005E+27    3.9051E+27    4.0158E+27
    8.5400E+04    5.8935E+26    3.4039E+27    3.9088E+27    4.0192E+27
    8.5800E+04    5.8995E+26    3.4073E+27    3.9125E+27    4.0225E+27
    8.6200E+04    5.9054E+26    3.4107E+27    3.9162E+27    4.0258E+27
    8.6600E+04    5.9113E+26    3.4141E+27    3.9199E+27    4.0291E+27
    8.7000E+04    5.9172E+26    3.4175E+27    3.9236E+27    4.0324E+27
    8.7400E+04    5.9230E+26    3.4209E+27    3.9273E+27    4.0357E+27
    8.7800E+04    5.9289E+26    3.4242E+27    3.9309E+27    4.0390E+27
    8.8200E+04    5.9347E+26    3.4275E+27    3.9345E+27    4.0423E+27
    8.8600E+04    5.9405E+26    3.4309E+27    3.9381E+27    4.0455E+27
    8.9000E+04    5.9462E+26    3.4342E+27    3.9418E+27    4.0488E+27
    8.9400E+04    5.9519E+26    3.4374E+27    3.9453E+27    4.0520E+27
    8.9800E+04    5.9576E+26    3.4407E+27    3.9489E+27    4.0553E+27
    9.0200E+04    5.9633E+26    3.4440E+27    3.9525E+27    4.0585E+27
    9.0600E+04    5.9690E+26    3.4472E+27    3.9560E+27    4.0617E+27
    9.1000E+04    5.9746E+26    3.4505E+27    3.9596E+27    4.0649E+27
    9.1400E+04    5.9256E+26    3.4222E+27    3.9278E+27    4.0329E+27
    9.1800E+04    5.9311E+26    3.4254E+27    3.9313E+27    4.0361E+27
    9.2200E+04    5.9367E+26    3.4286E+27    3.9348E+27    4.0392E+27
    9.2600E+04    5.9422E+26    3.4318E+27    3.9383E+27    4.0424E+27
    9.3000E+04    5.9477E+26    3.4349E+27    3.9418E+27    4.0456E+27
    9.3400E+04    5.9532E+26    3.4381E+27    3.9452E+27    4.0487E+27
    9.3800E+04    5.9586E+26    3.4412E+27    3.9486E+27    4.0518E+27
    9.4200E+04    5.9640E+26    3.4443E+27    3.9520E+27    4.0550E+27
    9.4600E+04    5.9694E+26    3.4474E+27    3.9554E+27    4.0581E+27
    9.5000E+04    5.9748E+26    3.4505E+27    3.9588E+27    4.0612E+27
    9.5400E+04    5.9802E+26    3.4536E+27    3.9622E+27    4.0643E+27
    9.5800E+04    5.9855E+26    3.4566E+27    3.9656E+27    4.0674E+27
    9.6200E+04    5.9908E+26    3.4597E+27    3.9689E+27    4.0704E+27
    9.6600E+04    5.9961E+26    3.4627E+27    3.9723E+27    4.0735E+27
    9.7000E+04    6.0014E+26    3.4658E+27    3.9756E+27    4.0766E+27
    9.7400E+04    6.0067E+26    3.4688E+27    3.9789E+27    4.0796E+27
    9.7800E+04    6.0119E+26    3.4718E+27    3.9822E+27    4.0827E+27
    9.8200E+04    6.0171E+26    3.4748E+27    3.9855E+27    4.0857E+27
    9.8600E+04    6.0223E+26    3.4778E+27    3.9888E+27    4.0888E+27
    9.9000E+04    6.0275E+26    3.4808E+27    3.9921E+27    4.0918E+27
    9.9400E+04    6.0327E+26    3.4837E+27    3.9953E+27    4.0948E+27
    9.9800E+04    6.0378E+26    3.4867E+27    3.9986E+27    4.0978E+27
    1.0020E+05    6.0429E+26    3.4896E+27    4.0018E+27    4.1008E+27
    2.0000E+05    6.8316E+26    3.9434E+27    4.5080E+27    4.5870E+27
    4.0000E+05    7.7432E+26    4.4688E+27    5.1014E+27    5.1799E+27
    6.0000E+05    8.3289E+26    4.8064E+27    5.4834E+27    5.5642E+27
    8.0000E+05    8.7664E+26    5.0586E+27    5.7689E+27    5.8518E+27
    1.0000E+06    9.1158E+26    5.2600E+27    5.9968E+27    6.0814E+27
    1.2000E+06    9.4084E+26    5.4287E+27    6.1876E+27    6.2738E+27
    1.4000E+06    9.6597E+26    5.5735E+27    6.3514E+27    6.4389E+27
    1.6000E+06    9.8807E+26    5.7009E+27    6.4956E+27    6.5842E+27
