    9.0900E+01    0.0000E+00    0.0000E+00    0.0000E+00    0.0000E+00
    9.3500E+01    0.0000E+00    0.0000E+00    0.0000E+00    0.0000E+00
    9.6100E+01    0.0000E+00    0.0000E+00    0.0000E+00    0.0000E+00
    9.7700E+01    0.0000E+00    0.0000E+00    0.0000E+00    0.0000E+00
    9.9600E+01    0.0000E+00    0.0000E+00    0.0000E+00    0.0000E+00
    1.0200E+02    0.0000E+00    0.0000E+00    0.0000E+00    0.0000E+00
    1.0380E+02    0.0000E+00    0.0000E+00    0.0000E+00    0.0000E+00
    1.0560E+02    0.0000E+00    0.0000E+00    0.0000E+00    0.0000E+00
    1.0770E+02    0.0000E+00    0.0000E+00    0.0000E+00    0.0000E+00
    1.1040E+02    0.0000E+00    0.0000E+00    0.0000E+00    0.0000E+00
    1.1400E+02    0.0000E+00    0.0000E+00    0.0000E+00    0.0000E+00
    1.1780E+02    0.0000E+00    0.0000E+00    0.0000E+00    0.0000E+00
    1.2130E+02    0.0000E+00    0.0000E+00    0.0000E+00    0.0000E+00
    1.2480E+02    0.0000E+00    0.0000E+00    0.0000E+00    0.0000E+00
    1.2710E+02    0.0000E+00    0.0000E+00    0.0000E+00    0.0000E+00
    1.2840E+02    0.0000E+00    0.0000E+00    0.0000E+00    0.0000E+00
    1.3050E+02    0.0000E+00    0.0000E+00    0.0000E+00    0.0000E+00
    1.3240E+02    0.0000E+00    0.0000E+00    0.0000E+00    0.0000E+00
    1.3390E+02    0.0000E+00    0.0000E+00    0.0000E+00    0.0000E+00
    1.3660E+02    0.0000E+00    0.0000E+00    0.0000E+00    0.0000E+00
    1.3980E+02    0.0000E+00    0.0000E+00    0.0000E+00    0.0000E+00
    1.4330E+02    0.0000E+00    0.0000E+00    0.0000E+00    0.0000E+00
    1.4720E+02    0.0000E+00    0.0000E+00    0.0000E+00    0.0000E+00
    1.5100E+02    0.0000E+00    0.0000E+00    0.0000E+00    0.0000E+00
    1.5520E+02    0.0000E+00    0.0000E+00    0.0000E+00    0.0000E+00
    1.5880E+02    0.0000E+00    0.0000E+00    0.0000E+00    0.0000E+00
    1.6200E+02    0.0000E+00    0.0000E+00    0.0000E+00    0.0000E+00
    1.6600E+02    0.0000E+00    0.0000E+00    0.0000E+00    0.0000E+00
    1.7030E+02    0.0000E+00    0.0000E+00    0.0000E+00    0.0000E+00
    1.7340E+02    0.0000E+00    0.0000E+00    0.0000E+00    0.0000E+00
    1.7680E+02    0.0000E+00    0.0000E+00    0.0000E+00    0.0000E+00
    1.8020E+02    0.0000E+00    0.0000E+00    0.0000E+00    0.0000E+00
    1.8170E+02    0.0000E+00    0.0000E+00    0.0000E+00    0.0000E+00
    1.8610E+02    0.0000E+00    0.0000E+00    0.0000E+00    0.0000E+00
    1.9100E+02    0.0000E+00    0.0000E+00    0.0000E+00    0.0000E+00
    1.9390E+02    0.0000E+00    0.0000E+00    0.0000E+00    0.0000E+00
    1.9840E+02    0.0000E+00    0.0000E+00    0.0000E+00    0.0000E+00
    2.0180E+02    0.0000E+00    0.0000E+00    0.0000E+00    0.0000E+00
    2.0500E+02    0.0000E+00    0.0000E+00    0.0000E+00    0.0000E+00
    2.1050E+02    0.0000E+00    0.0000E+00    0.0000E+00    0.0000E+00
    2.1620E+02    0.0000E+00    0.0000E+00    0.0000E+00    0.0000E+00
    2.1980E+02    0.0000E+00    0.0000E+00    0.0000E+00    0.0000E+00
    2.2300E+02    0.0000E+00    0.0000E+00    0.0000E+00    0.0000E+00
    2.2680E+02    0.0000E+00    0.0000E+00    0.0000E+00    0.0000E+00
    2.3000E+02    0.0000E+00    0.0000E+00    0.0000E+00    0.0000E+00
    2.3400E+02    0.0000E+00    0.0000E+00    0.0000E+00    0.0000E+00
    2.4000E+02    0.0000E+00    0.0000E+00    0.0000E+00    0.0000E+00
    2.4650E+02    0.0000E+00    0.0000E+00    0.0000E+00    0.0000E+00
    2.5240E+02    0.0000E+00    0.0000E+00    0.0000E+00    0.0000E+00
    2.5680E+02    0.0000E+00    0.0000E+00    0.0000E+00    0.0000E+00
    2.6000E+02    0.0000E+00    0.0000E+00    0.0000E+00    0.0000E+00
    2.6400E+02    0.0000E+00    0.0000E+00    0.0000E+00    0.0000E+00
    2.6850E+02    0.0000E+00    0.0000E+00    0.0000E+00    0.0000E+00
    2.7350E+02    0.0000E+00    0.0000E+00    0.0000E+00    0.0000E+00
    2.7850E+02    0.0000E+00    0.0000E+00    0.0000E+00    0.0000E+00
    2.8400E+02    0.0000E+00    0.0000E+00    0.0000E+00    0.0000E+00
    2.9000E+02    0.0000E+00    0.0000E+00    0.0000E+00    0.0000E+00
    2.9600E+02    0.0000E+00    0.0000E+00    0.0000E+00    0.0000E+00
    3.0100E+02    0.0000E+00    0.0000E+00    0.0000E+00    0.0000E+00
    3.0800E+02    0.0000E+00    0.0000E+00    0.0000E+00    0.0000E+00
    3.1800E+02    0.0000E+00    0.0000E+00    0.0000E+00    0.0000E+00
    3.2800E+02    0.0000E+00    0.0000E+00    0.0000E+00    0.0000E+00
    3.3800E+02    0.0000E+00    0.0000E+00    0.0000E+00    0.0000E+00
    3.4800E+02    0.0000E+00    0.0000E+00    0.0000E+00    0.0000E+00
    3.5700E+02    0.0000E+00    0.0000E+00    0.0000E+00    0.0000E+00
    3.6600E+02    0.0000E+00    0.0000E+00    0.0000E+00    0.0000E+00
    3.7500E+02    0.0000E+00    0.0000E+00    0.0000E+00    0.0000E+00
    3.8500E+02    0.0000E+00    0.0000E+00    0.0000E+00    0.0000E+00
    3.9500E+02    0.0000E+00    0.0000E+00    0.0000E+00    0.0000E+00
    4.0500E+02    0.0000E+00    0.0000E+00    0.0000E+00    0.0000E+00
    4.1400E+02    0.0000E+00    0.0000E+00    0.0000E+00    0.0000E+00
    4.2200E+02    0.0000E+00    0.0000E+00    0.0000E+00    0.0000E+00
    4.3000E+02    0.0000E+00    0.0000E+00    0.0000E+00    0.0000E+00
    4.4100E+02    0.0000E+00    0.0000E+00    0.0000E+00    0.0000E+00
    4.5100E+02    0.0000E+00    0.0000E+00    0.0000E+00    0.0000E+00
    4.6000E+02    0.0000E+00    0.0000E+00    0.0000E+00    0.0000E+00
    4.7000E+02    0.0000E+00    0.0000E+00    0.0000E+00    0.0000E+00
    4.8000E+02    0.0000E+00    0.0000E+00    0.0000E+00    0.0000E+00
    4.9000E+02    0.0000E+00    0.0000E+00    0.0000E+00    0.0000E+00
    5.0000E+02    0.0000E+00    0.0000E+00    0.0000E+00    0.0000E+00
    5.0600E+02    0.0000E+00    0.0000E+00    0.0000E+00    0.0000E+00
    5.1200E+02    0.0000E+00    0.0000E+00    0.0000E+00    0.0000E+00
    5.2000E+02    0.0000E+00    0.0000E+00    0.0000E+00    0.0000E+00
    5.3000E+02    0.0000E+00    0.0000E+00    0.0000E+00    0.0000E+00
    5.4000E+02    0.0000E+00    0.0000E+00    0.0000E+00    0.0000E+00
    5.5000E+02    0.0000E+00    0.0000E+00    0.0000E+00    0.0000E+00
    5.6000E+02    0.0000E+00    0.0000E+00    0.0000E+00    0.0000E+00
    5.7000E+02    0.0000E+00    0.0000E+00    0.0000E+00    0.0000E+00
    5.8000E+02    0.0000E+00    0.0000E+00    0.0000E+00    0.0000E+00
    5.9000E+02    0.0000E+00    0.0000E+00    0.0000E+00    0.0000E+00
    6.0000E+02    0.0000E+00    0.0000E+00    0.0000E+00    0.0000E+00
    6.1000E+02    0.0000E+00    0.0000E+00    0.0000E+00    0.0000E+00
    6.2000E+02    0.0000E+00    0.0000E+00    0.0000E+00    0.0000E+00
    6.3000E+02    0.0000E+00    0.0000E+00    0.0000E+00    0.0000E+00
    6.4000E+02    0.0000E+00    0.0000E+00    0.0000E+00    0.0000E+00
    6.5000E+02    0.0000E+00    0.0000E+00    0.0000E+00    0.0000E+00
    6.5800E+02    0.0000E+00    0.0000E+00    0.0000E+00    0.0000E+00
    6.6500E+02    0.0000E+00    0.0000E+00    0.0000E+00    0.0000E+00
    6.7500E+02    0.0000E+00    0.0000E+00    0.0000E+00    0.0000E+00
    6.8500E+02    0.0000E+00    0.0000E+00    0.0000E+00    0.0000E+00
    6.9500E+02    0.0000E+00    0.0000E+00    0.0000E+00    0.0000E+00
    7.0500E+02    0.0000E+00    0.0000E+00    0.0000E+00    0.0000E+00
    7.1600E+02    0.0000E+00    0.0000E+00    0.0000E+00    0.0000E+00
    7.2600E+02    0.0000E+00    0.0000E+00    0.0000E+00    0.0000E+00
    7.3500E+02    0.0000E+00    0.0000E+00    0.0000E+00    0.0000E+00
    7.4500E+02    0.0000E+00    0.0000E+00    0.0000E+00    0.0000E+00
    7.5500E+02    0.0000E+00    0.0000E+00    0.0000E+00    0.0000E+00
    7.6500E+02    0.0000E+00    0.0000E+00    0.0000E+00    0.0000E+00
    7.7500E+02    0.0000E+00    0.0000E+00    0.0000E+00    0.0000E+00
    7.8500E+02    0.0000E+00    0.0000E+00    0.0000E+00    0.0000E+00
    7.9500E+02    0.0000E+00    0.0000E+00    0.0000E+00    0.0000E+00
    8.0500E+02    0.0000E+00    0.0000E+00    0.0000E+00    0.0000E+00
    8.1500E+02    0.0000E+00    0.0000E+00    0.0000E+00    0.0000E+00
    8.2500E+02    0.0000E+00    0.0000E+00    0.0000E+00    0.0000E+00
    8.3500E+02    0.0000E+00    0.0000E+00    0.0000E+00    0.0000E+00
    8.4500E+02    0.0000E+00    0.0000E+00    0.0000E+00    0.0000E+00
    8.5500E+02    0.0000E+00    0.0000E+00    0.0000E+00    0.0000E+00
    8.6500E+02    0.0000E+00    0.0000E+00    0.0000E+00    0.0000E+00
    8.7500E+02    0.0000E+00    0.0000E+00    0.0000E+00    0.0000E+00
    8.8500E+02    0.0000E+00    0.0000E+00    0.0000E+00    0.0000E+00
    8.9500E+02    0.0000E+00    0.0000E+00    0.0000E+00    0.0000E+00
    9.0500E+02    0.0000E+00    0.0000E+00    0.0000E+00    0.0000E+00
    9.1500E+02    5.1777E+20    1.3002E+20    2.2535E+17    4.7857E+14
    9.2500E+02    7.0794E+20    2.3021E+20    1.0903E+18    1.3556E+15
    9.3500E+02    8.6834E+20    3.1822E+20    4.0428E+18    2.3402E+15
    9.4500E+02    9.5422E+20    3.7288E+20    9.8957E+18    1.0304E+16
    9.5500E+02    9.7645E+20    3.9232E+20    1.4080E+19    9.9797E+16
    9.6500E+02    9.9709E+20    4.1387E+20    2.0093E+19    1.7473E+17
    9.7500E+02    8.8118E+20    3.3124E+20    4.5378E+18    2.8747E+16
    9.8500E+02    1.0001E+21    4.2712E+20    2.7776E+19    9.1362E+17
    9.9500E+02    9.8658E+20    4.2373E+20    3.2281E+19    1.8460E+18
    1.0050E+03    9.9153E+20    4.2987E+20    3.1912E+19    1.6544E+18
    1.0150E+03    9.7114E+20    4.1603E+20    2.5186E+19    5.4320E+17
    1.0250E+03    5.4607E+20    1.7592E+20    8.2919E+17    1.0928E+16
    1.0350E+03    9.4991E+20    4.0685E+20    2.2666E+19    4.1594E+17
    1.0450E+03    9.5820E+20    4.1981E+20    3.1393E+19    1.7623E+18
    1.0550E+03    9.5443E+20    4.2159E+20    3.4544E+19    2.5801E+18
    1.0650E+03    9.4736E+20    4.2003E+20    3.5070E+19    2.9683E+18
    1.0750E+03    9.3945E+20    4.1768E+20    3.5206E+19    3.1732E+18
    1.0850E+03    2.7960E+20    8.9827E+19    2.1028E+19    3.2578E+18
    1.0950E+03    9.2375E+20    4.1254E+20    3.5098E+19    3.3491E+18
    1.1050E+03    9.1620E+20    4.0994E+20    3.4949E+19    3.3738E+18
    1.1150E+03    9.0846E+20    4.0726E+20    3.4789E+19    3.3898E+18
    1.1250E+03    9.0077E+20    4.0454E+20    3.4584E+19    3.3729E+18
    1.1350E+03    8.9319E+20    4.0184E+20    3.4389E+19    3.3634E+18
    1.1450E+03    8.8566E+20    3.9908E+20    3.4143E+19    3.3149E+18
    1.1550E+03    8.7824E+20    3.9635E+20    3.3900E+19    3.2325E+18
    1.1650E+03    8.7060E+20    3.9331E+20    3.3418E+19    3.0966E+18
    1.1750E+03    8.6288E+20    3.9008E+20    3.2729E+19    2.8560E+18
    1.1850E+03    8.5481E+20    3.8646E+20    3.1764E+19    2.4624E+18
    1.1950E+03    8.4509E+20    3.8112E+20    2.9430E+19    1.6763E+18
    1.2050E+03    8.2795E+20    3.6870E+20    2.3047E+19    4.9485E+17
    1.2150E+03    4.6234E+20    1.6638E+20    1.4992E+18    2.8860E+16
    1.2250E+03    8.4827E+20    3.6494E+20    2.1392E+19    3.8189E+17
    1.2350E+03    8.8822E+20    3.7802E+20    2.8432E+19    1.5701E+18
    1.2450E+03    9.1478E+20    3.8173E+20    3.0641E+19    2.4450E+18
    1.2550E+03    9.3618E+20    3.8326E+20    3.1438E+19    2.9265E+18
    1.2650E+03    9.5421E+20    3.8388E+20    3.1740E+19    3.1787E+18
    1.2750E+03    9.6964E+20    3.8405E+20    3.1888E+19    3.3625E+18
    1.2850E+03    9.8290E+20    3.8388E+20    3.1929E+19    3.4795E+18
    1.2950E+03    9.9425E+20    3.8342E+20    3.1865E+19    3.5579E+18
    1.3050E+03    1.0040E+21    3.8275E+20    3.1776E+19    3.6163E+18
    1.3150E+03    1.0122E+21    3.8193E+20    3.1689E+19    3.6796E+18
    1.3250E+03    1.0192E+21    3.8095E+20    3.1580E+19    3.7217E+18
    1.3350E+03    1.0251E+21    3.7978E+20    3.1386E+19    3.7048E+18
    1.3450E+03    1.0300E+21    3.7866E+20    3.1345E+19    3.7860E+18
    1.3550E+03    1.0341E+21    3.7739E+20    3.1224E+19    3.8109E+18
    1.3650E+03    1.0373E+21    3.7601E+20    3.1102E+19    3.8361E+18
    1.3750E+03    1.0398E+21    3.7458E+20    3.0978E+19    3.8570E+18
    1.3850E+03    1.0417E+21    3.7308E+20    3.0851E+19    3.8750E+18
    1.3950E+03    1.0430E+21    3.7152E+20    3.0724E+19    3.8915E+18
    1.4050E+03    1.0437E+21    3.6992E+20    3.0596E+19    3.9042E+18
    1.4150E+03    1.0442E+21    3.6832E+20    3.0475E+19    3.9232E+18
    1.4250E+03    1.0442E+21    3.6666E+20    3.0347E+19    3.9342E+18
    1.4350E+03    1.0438E+21    3.6496E+20    3.0223E+19    3.9475E+18
    1.4420E+03    1.0433E+21    3.6377E+20    3.0136E+19    3.9558E+18
    1.4470E+03    1.0429E+21    3.6291E+20    3.0072E+19    3.9573E+18
    1.4550E+03    1.0421E+21    3.6152E+20    2.9979E+19    3.9712E+18
    1.4650E+03    1.0408E+21    3.5976E+20    2.9850E+19    3.9744E+18
    1.4750E+03    1.0393E+21    3.5801E+20    2.9733E+19    3.9894E+18
    1.4850E+03    1.0377E+21    3.5623E+20    2.9610E+19    3.9966E+18
    1.4950E+03    1.0358E+21    3.5445E+20    2.9491E+19    4.0058E+18
    1.5050E+03    1.0338E+21    3.5267E+20    2.9374E+19    4.0152E+18
    1.5120E+03    1.0323E+21    3.5140E+20    2.9292E+19    4.0226E+18
    1.5170E+03    1.0312E+21    3.5050E+20    2.9226E+19    4.0187E+18
    1.5250E+03    1.0293E+21    3.4907E+20    2.9139E+19    4.0311E+18
    1.5350E+03    1.0270E+21    3.4729E+20    2.9023E+19    4.0391E+18
    1.5450E+03    1.0244E+21    3.4547E+20    2.8909E+19    4.0457E+18
    1.5550E+03    1.0219E+21    3.4369E+20    2.8803E+19    4.0614E+18
    1.5650E+03    1.0193E+21    3.4194E+20    2.8685E+19    4.0621E+18
    1.5750E+03    1.0167E+21    3.4016E+20    2.8581E+19    4.0767E+18
    1.5850E+03    1.0139E+21    3.3839E+20    2.8469E+19    4.0828E+18
    1.5950E+03    1.0112E+21    3.3662E+20    2.8361E+19    4.0912E+18
    1.6050E+03    1.0084E+21    3.3486E+20    2.8241E+19    4.0867E+18
    1.6150E+03    1.0056E+21    3.3311E+20    2.8142E+19    4.1009E+18
    1.6250E+03    1.0027E+21    3.3133E+20    2.8037E+19    4.1093E+18
    1.6350E+03    9.9804E+20    3.2867E+20    2.7925E+19    4.1144E+18
    1.6450E+03    9.9398E+20    3.2621E+20    2.7823E+19    4.1310E+18
    1.6550E+03    9.9415E+20    3.2618E+20    2.7723E+19    4.1286E+18
    1.6650E+03    9.9147E+20    3.2457E+20    2.7638E+19    4.1519E+18
    1.6720E+03    9.8948E+20    3.2339E+20    2.7546E+19    4.1350E+18
    1.6770E+03    9.8811E+20    3.2258E+20    2.7518E+19    4.1615E+18
    1.6850E+03    9.8589E+20    3.2125E+20    2.7436E+19    4.1650E+18
    1.6950E+03    9.8312E+20    3.1960E+20    2.7337E+19    4.1720E+18
    1.7050E+03    9.8036E+20    3.1796E+20    2.7237E+19    4.1766E+18
    1.7150E+03    9.7766E+20    3.1634E+20    2.7138E+19    4.1814E+18
    1.7250E+03    9.7495E+20    3.1473E+20    2.7039E+19    4.1852E+18
    1.7350E+03    9.7230E+20    3.1314E+20    2.6941E+19    4.1901E+18
    1.7450E+03    9.6966E+20    3.1156E+20    2.6843E+19    4.1933E+18
    1.7550E+03    9.6705E+20    3.0999E+20    2.6747E+19    4.1974E+18
    1.7650E+03    9.6449E+20    3.0844E+20    2.6650E+19    4.2007E+18
    1.7750E+03    9.6198E+20    3.0691E+20    2.6555E+19    4.2046E+18
    1.7850E+03    9.5951E+20    3.0538E+20    2.6460E+19    4.2076E+18
    1.7950E+03    9.5706E+20    3.0388E+20    2.6367E+19    4.2115E+18
    1.8050E+03    9.5469E+20    3.0240E+20    2.6283E+19    4.2234E+18
    1.8150E+03    9.5233E+20    3.0092E+20    2.6190E+19    4.2267E+18
    1.8250E+03    9.5003E+20    2.9946E+20    2.6098E+19    4.2297E+18
    1.8350E+03    9.4778E+20    2.9802E+20    2.6008E+19    4.2334E+18
    1.8450E+03    9.4557E+20    2.9659E+20    2.5919E+19    4.2368E+18
    1.8550E+03    9.4341E+20    2.9517E+20    2.5829E+19    4.2397E+18
    1.8650E+03    9.4130E+20    2.9378E+20    2.5741E+19    4.2434E+18
    1.8750E+03    9.3922E+20    2.9239E+20    2.5654E+19    4.2473E+18
    1.8850E+03    9.3724E+20    2.9103E+20    2.5568E+19    4.2508E+18
    1.8950E+03    9.3526E+20    2.8967E+20    2.5482E+19    4.2541E+18
    1.9050E+03    9.3335E+20    2.8833E+20    2.5396E+19    4.2576E+18
    1.9150E+03    9.3151E+20    2.8701E+20    2.5311E+19    4.2608E+18
    1.9250E+03    9.2969E+20    2.8571E+20    2.5227E+19    4.2643E+18
    1.9350E+03    9.2794E+20    2.8441E+20    2.5143E+19    4.2669E+18
    1.9450E+03    9.2623E+20    2.8313E+20    2.5061E+19    4.2710E+18
    1.9550E+03    9.2460E+20    2.8188E+20    2.4980E+19    4.2743E+18
    1.9670E+03    9.2268E+20    2.8038E+20    2.4882E+19    4.2783E+18
    1.9760E+03    9.2127E+20    2.7926E+20    2.4809E+19    4.2813E+18
    1.9840E+03    9.2010E+20    2.7830E+20    2.4745E+19    4.2841E+18
    1.9950E+03    9.1849E+20    2.7696E+20    2.4657E+19    4.2878E+18
    2.0050E+03    9.1710E+20    2.7577E+20    2.4579E+19    4.2911E+18
    2.0150E+03    9.1577E+20    2.7460E+20    2.4501E+19    4.2944E+18
    2.0250E+03    9.1448E+20    2.7344E+20    2.4423E+19    4.2977E+18
    2.0350E+03    9.1325E+20    2.7230E+20    2.4346E+19    4.3012E+18
    2.0450E+03    9.1206E+20    2.7116E+20    2.4270E+19    4.3046E+18
    2.0550E+03    9.1882E+20    2.7447E+20    2.4194E+19    4.3076E+18
    2.0650E+03    9.1800E+20    2.7342E+20    2.4119E+19    4.3111E+18
    2.0740E+03    9.1789E+20    2.7270E+20    2.4052E+19    4.3143E+18
    2.0780E+03    9.1757E+20    2.7230E+20    2.4022E+19    4.3155E+18
    2.0850E+03    9.1684E+20    2.7151E+20    2.3971E+19    4.3180E+18
    2.0950E+03    9.1409E+20    2.6948E+20    2.3897E+19    4.3213E+18
    2.1050E+03    9.1093E+20    2.6682E+20    2.3823E+19    4.3247E+18
    2.1150E+03    9.0744E+20    2.6437E+20    2.3751E+19    4.3281E+18
    2.1250E+03    9.0059E+20    2.5870E+20    2.3679E+19    4.3314E+18
    2.1350E+03    8.9966E+20    2.5925E+20    2.3607E+19    4.3348E+18
    2.1450E+03    9.0860E+20    2.6400E+20    2.3536E+19    4.3383E+18
    2.1550E+03    9.0951E+20    2.6359E+20    2.3466E+19    4.3417E+18
    2.1650E+03    8.8915E+20    2.5254E+20    2.3395E+19    4.3447E+18
    2.1750E+03    9.0935E+20    2.6193E+20    2.3326E+19    4.3482E+18
    2.1850E+03    8.9920E+20    2.5708E+20    2.3257E+19    4.3519E+18
    2.1950E+03    9.0807E+20    2.5986E+20    2.3188E+19    4.3553E+18
    2.2050E+03    9.0804E+20    2.5907E+20    2.3121E+19    4.3586E+18
    2.2150E+03    8.6147E+20    2.3559E+20    2.3052E+19    4.3617E+18
    2.2250E+03    9.0718E+20    2.5714E+20    2.2985E+19    4.3653E+18
    2.2350E+03    9.0711E+20    2.5627E+20    2.2919E+19    4.3691E+18
    2.2450E+03    9.0645E+20    2.5523E+20    2.2853E+19    4.3726E+18
    2.2550E+03    8.8577E+20    2.4599E+20    2.2787E+19    4.3759E+18
    2.2650E+03    9.0637E+20    2.5356E+20    2.2722E+19    4.3793E+18
    2.2750E+03    9.0633E+20    2.5269E+20    2.2658E+19    4.3828E+18
    2.2850E+03    9.0624E+20    2.5182E+20    2.2593E+19    4.3866E+18
    2.2950E+03    9.0612E+20    2.5096E+20    2.2529E+19    4.3898E+18
    2.3050E+03    8.9023E+20    2.4505E+20    2.2466E+19    4.3937E+18
    2.3150E+03    9.0577E+20    2.4914E+20    2.2403E+19    4.3972E+18
    2.3250E+03    9.0632E+20    2.4846E+20    2.2325E+19    4.3866E+18
    2.3350E+03    9.0648E+20    2.4767E+20    2.2276E+19    4.4020E+18
    2.3450E+03    9.0665E+20    2.4687E+20    2.2211E+19    4.4021E+18
    2.3550E+03    9.0688E+20    2.4609E+20    2.2155E+19    4.4110E+18
    2.3650E+03    9.0711E+20    2.4531E+20    2.2091E+19    4.4108E+18
    2.3750E+03    9.0726E+20    2.4449E+20    2.2033E+19    4.4172E+18
    2.3850E+03    8.7783E+20    2.3252E+20    2.1965E+19    4.4152E+18
    2.3950E+03    9.0782E+20    2.4295E+20    2.1910E+19    4.4207E+18
    2.4050E+03    9.0856E+20    2.4232E+20    2.1852E+19    4.4251E+18
    2.4150E+03    9.0909E+20    2.4162E+20    2.1793E+19    4.4295E+18
    2.4250E+03    9.0962E+20    2.4092E+20    2.1739E+19    4.4371E+18
    2.4350E+03    9.1015E+20    2.4022E+20    2.1681E+19    4.4406E+18
    2.4450E+03    9.1075E+20    2.3954E+20    2.1623E+19    4.4442E+18
    2.4550E+03    9.1137E+20    2.3886E+20    2.1566E+19    4.4482E+18
    2.4650E+03    9.1205E+20    2.3820E+20    2.1509E+19    4.4517E+18
    2.4750E+03    9.1275E+20    2.3754E+20    2.1453E+19    4.4555E+18
    2.4850E+03    9.1348E+20    2.3689E+20    2.1396E+19    4.4588E+18
    2.4950E+03    9.1419E+20    2.3623E+20    2.1340E+19    4.4620E+18
    2.5050E+03    9.1436E+20    2.3538E+20    2.1286E+19    4.4668E+18
    2.5130E+03    8.8175E+20    2.2300E+20    2.1241E+19    4.4691E+18
    2.5180E+03    9.1522E+20    2.3451E+20    2.1214E+19    4.4711E+18
    2.5250E+03    9.1662E+20    2.3435E+20    2.1176E+19    4.4736E+18
    2.5350E+03    9.1765E+20    2.3380E+20    2.1121E+19    4.4774E+18
    2.5450E+03    9.1864E+20    2.3322E+20    2.1068E+19    4.4821E+18
    2.5550E+03    9.1963E+20    2.3263E+20    2.1015E+19    4.4864E+18
    2.5650E+03    9.2068E+20    2.3207E+20    2.0962E+19    4.4892E+18
    2.5750E+03    9.2173E+20    2.3151E+20    2.0909E+19    4.4940E+18
    2.5850E+03    9.2284E+20    2.3096E+20    2.0857E+19    4.4976E+18
    2.5950E+03    9.2396E+20    2.3041E+20    2.0804E+19    4.5011E+18
    2.6050E+03    9.2538E+20    2.3018E+20    2.0839E+19    4.5020E+18
    2.6150E+03    9.2657E+20    2.2965E+20    2.0786E+19    4.5072E+18
    2.6250E+03    9.2780E+20    2.2913E+20    2.0736E+19    4.5127E+18
    2.6350E+03    9.2906E+20    2.2862E+20    2.0682E+19    4.5158E+18
    2.6450E+03    9.3036E+20    2.2812E+20    2.0637E+19    4.5242E+18
    2.6550E+03    9.3169E+20    2.2763E+20    2.0585E+19    4.5279E+18
    2.6650E+03    9.3304E+20    2.2714E+20    2.0533E+19    4.5314E+18
    2.6750E+03    9.3443E+20    2.2666E+20    2.0481E+19    4.5353E+18
    2.6850E+03    9.3585E+20    2.2620E+20    2.0437E+19    4.5410E+18
    2.6950E+03    9.3728E+20    2.2573E+20    2.0378E+19    4.5427E+18
    2.7050E+03    9.3875E+20    2.2528E+20    2.0336E+19    4.5489E+18
    2.7150E+03    9.4021E+20    2.2482E+20    2.0287E+19    4.5526E+18
    2.7250E+03    9.4144E+20    2.2428E+20    2.0228E+19    4.5537E+18
    2.7350E+03    9.1148E+20    2.1199E+20    2.0186E+19    4.5602E+18
    2.7450E+03    9.4473E+20    2.2347E+20    2.0136E+19    4.5604E+18
    2.7550E+03    9.4653E+20    2.2311E+20    2.0087E+19    4.5642E+18
    2.7650E+03    9.4820E+20    2.2271E+20    2.0031E+19    4.5690E+18
    2.7750E+03    9.4989E+20    2.2232E+20    1.9995E+19    4.5764E+18
    2.7850E+03    9.5160E+20    2.2193E+20    1.9948E+19    4.5802E+18
    2.7950E+03    9.5331E+20    2.2153E+20    1.9882E+19    4.5655E+18
    2.8050E+03    9.5507E+20    2.2115E+20    1.9841E+19    4.5755E+18
    2.8150E+03    9.5686E+20    2.2079E+20    1.9807E+19    4.5920E+18
    2.8250E+03    9.5865E+20    2.2041E+20    1.9750E+19    4.5927E+18
    2.8350E+03    9.6049E+20    2.2007E+20    1.9712E+19    4.5991E+18
    2.8450E+03    9.6235E+20    2.1972E+20    1.9668E+19    4.6035E+18
    2.8550E+03    9.6423E+20    2.1937E+20    1.9622E+19    4.6068E+18
    2.8650E+03    9.6614E+20    2.1904E+20    1.9578E+19    4.6111E+18
    2.8750E+03    9.6806E+20    2.1870E+20    1.9532E+19    4.6149E+18
    2.8850E+03    9.7002E+20    2.1838E+20    1.9487E+19    4.6187E+18
    2.8950E+03    9.7200E+20    2.1807E+20    1.9443E+19    4.6226E+18
    2.9100E+03    9.7500E+20    2.1760E+20    1.9376E+19    4.6282E+18
    2.9300E+03    9.7911E+20    2.1701E+20    1.9289E+19    4.6356E+18
    2.9500E+03    9.8328E+20    2.1642E+20    1.9194E+19    4.6409E+18
    2.9700E+03    9.8755E+20    2.1589E+20    1.9116E+19    4.6504E+18
    2.9900E+03    9.9191E+20    2.1536E+20    1.9031E+19    4.6577E+18
    3.0100E+03    9.9635E+20    2.1486E+20    1.8948E+19    4.6650E+18
    3.0300E+03    1.0009E+21    2.1439E+20    1.8864E+19    4.6721E+18
    3.0500E+03    1.0055E+21    2.1393E+20    1.8782E+19    4.6792E+18
    3.0700E+03    1.0102E+21    2.1350E+20    1.8701E+19    4.6862E+18
    3.0900E+03    1.0149E+21    2.1309E+20    1.8620E+19    4.6931E+18
    3.1100E+03    1.0197E+21    2.1269E+20    1.8541E+19    4.6999E+18
    3.1300E+03    1.0247E+21    2.1237E+20    1.8474E+19    4.7068E+18
    3.1500E+03    1.0296E+21    2.1202E+20    1.8396E+19    4.7134E+18
    3.1700E+03    1.0347E+21    2.1169E+20    1.8318E+19    4.7201E+18
    3.1900E+03    1.0394E+21    2.1112E+20    1.8196E+19    4.7243E+18
    3.2100E+03    1.0438E+21    2.1080E+20    1.8166E+19    4.7333E+18
    3.2300E+03    1.0501E+21    2.1080E+20    1.8090E+19    4.7397E+18
    3.2500E+03    1.0554E+21    2.1055E+20    1.8016E+19    4.7460E+18
    3.2700E+03    1.0608E+21    2.1031E+20    1.7943E+19    4.7524E+18
    3.2900E+03    1.0662E+21    2.1009E+20    1.7869E+19    4.7583E+18
    3.3100E+03    1.0716E+21    2.0988E+20    1.7797E+19    4.7645E+18
    3.3300E+03    1.0771E+21    2.0969E+20    1.7725E+19    4.7704E+18
    3.3500E+03    1.0827E+21    2.0952E+20    1.7653E+19    4.7759E+18
    3.3700E+03    1.0883E+21    2.0936E+20    1.7583E+19    4.7817E+18
    3.3900E+03    1.0940E+21    2.0922E+20    1.7513E+19    4.7873E+18
    3.4100E+03    1.0997E+21    2.0909E+20    1.7444E+19    4.7928E+18
    3.4300E+03    1.1058E+21    2.0942E+20    1.7458E+19    4.7984E+18
    3.4500E+03    1.1116E+21    2.0932E+20    1.7387E+19    4.8030E+18
    3.4700E+03    1.1174E+21    2.0924E+20    1.7323E+19    4.8083E+18
    3.4900E+03    1.1233E+21    2.0916E+20    1.7255E+19    4.8133E+18
    3.5100E+03    1.1293E+21    2.0910E+20    1.7188E+19    4.8183E+18
    3.5300E+03    1.1352E+21    2.0906E+20    1.7120E+19    4.8230E+18
    3.5500E+03    1.1413E+21    2.0902E+20    1.7053E+19    4.8276E+18
    3.5700E+03    1.1473E+21    2.0900E+20    1.6989E+19    4.8325E+18
    3.5900E+03    1.1534E+21    2.0899E+20    1.6920E+19    4.8364E+18
    3.6100E+03    1.1595E+21    2.0899E+20    1.6856E+19    4.8409E+18
    3.6300E+03    1.1657E+21    2.0901E+20    1.6790E+19    4.8447E+18
    3.6400E+03    1.1687E+21    2.0901E+20    1.6762E+19    4.8474E+18
    3.6500E+03    5.0957E+20    1.3727E+20    1.6757E+19    4.9090E+18
    3.6700E+03    5.0826E+20    1.3637E+20    1.6691E+19    4.8696E+18
    3.6900E+03    5.0838E+20    1.3711E+20    1.6933E+19    4.5507E+18
    3.7100E+03    5.1021E+20    1.3903E+20    1.7602E+19    4.6533E+18
    3.7300E+03    5.1148E+20    1.3996E+20    1.7918E+19    4.7318E+18
    3.7500E+03    5.1128E+20    1.3954E+20    1.8468E+19    5.6603E+18
    3.7700E+03    5.0909E+20    1.3719E+20    1.7914E+19    5.8961E+18
    3.7900E+03    5.0778E+20    1.3592E+20    1.8456E+19    6.9289E+18
    3.8100E+03    5.0683E+20    1.3486E+20    1.9215E+19    7.9922E+18
    3.8300E+03    5.0257E+20    1.3137E+20    1.7312E+19    6.6397E+18
    3.8500E+03    4.9798E+20    1.2772E+20    1.8982E+19    8.8804E+18
    3.8700E+03    5.1866E+20    1.4669E+20    2.5213E+19    9.9235E+18
    3.8900E+03    4.7047E+20    1.0635E+20    1.3626E+19    5.9966E+18
    3.9100E+03    5.1772E+20    1.4549E+20    2.5177E+19    1.0036E+19
    3.9300E+03    5.1825E+20    1.4633E+20    2.6414E+19    1.0840E+19
    3.9500E+03    5.1664E+20    1.4432E+20    2.5090E+19    1.0062E+19
    3.9700E+03    4.7399E+20    1.1156E+20    1.4468E+19    5.9760E+18
    3.9900E+03    5.1468E+20    1.4225E+20    2.4371E+19    9.7484E+18
    4.0100E+03    5.1698E+20    1.4425E+20    2.6095E+19    1.0825E+19
    4.0300E+03    5.1421E+20    1.4260E+20    2.6147E+19    1.0865E+19
    4.0500E+03    5.1629E+20    1.4322E+20    2.6081E+19    1.0875E+19
    4.0700E+03    5.1490E+20    1.4172E+20    2.5370E+19    1.0528E+19
    4.0900E+03    5.0778E+20    1.3531E+20    2.1658E+19    8.3456E+18
    4.1100E+03    4.9851E+20    1.2780E+20    1.8252E+19    6.6719E+18
    4.1300E+03    5.1277E+20    1.3910E+20    2.4573E+19    1.0170E+19
    4.1500E+03    5.1356E+20    1.3959E+20    2.5237E+19    1.0615E+19
    4.1700E+03    5.1345E+20    1.3925E+20    2.5312E+19    1.0695E+19
    4.1900E+03    5.1273E+20    1.3853E+20    2.5214E+19    1.0687E+19
    4.2100E+03    5.1203E+20    1.3779E+20    2.5079E+19    1.0655E+19
    4.2300E+03    5.1229E+20    1.3735E+20    2.4930E+19    1.0606E+19
    4.2500E+03    5.1188E+20    1.3667E+20    2.4757E+19    1.0544E+19
    4.2700E+03    5.1145E+20    1.3596E+20    2.4557E+19    1.0465E+19
    4.2900E+03    5.1089E+20    1.3513E+20    2.4268E+19    1.0328E+19
    4.3100E+03    5.0970E+20    1.3371E+20    2.3553E+19    9.9283E+18
    4.3300E+03    5.0219E+20    1.2681E+20    1.9670E+19    7.6579E+18
    4.3500E+03    4.9746E+20    1.2269E+20    1.7739E+19    6.7162E+18
    4.3700E+03    5.0860E+20    1.3166E+20    2.2972E+19    9.6911E+18
    4.3900E+03    5.0944E+20    1.3207E+20    2.3510E+19    1.0066E+19
    4.4100E+03    5.0954E+20    1.3179E+20    2.3594E+19    1.0158E+19
    4.4300E+03    5.0942E+20    1.3130E+20    2.3509E+19    1.0148E+19
    4.4500E+03    5.0929E+20    1.3080E+20    2.3424E+19    1.0131E+19
    4.4700E+03    5.0733E+20    1.2821E+20    2.2512E+19    9.9995E+18
    4.4900E+03    5.0902E+20    1.2974E+20    2.3181E+19    1.0055E+19
    4.5100E+03    5.0889E+20    1.2922E+20    2.3056E+19    1.0015E+19
    4.5300E+03    5.0858E+20    1.2861E+20    2.2929E+19    9.9739E+18
    4.5500E+03    5.0762E+20    1.2781E+20    2.2802E+19    9.9324E+18
    4.5700E+03    5.0859E+20    1.2766E+20    2.2676E+19    9.8904E+18
    4.5900E+03    5.0853E+20    1.2715E+20    2.2551E+19    9.8487E+18
    4.6100E+03    5.0847E+20    1.2665E+20    2.2426E+19    9.8072E+18
    4.6300E+03    5.0843E+20    1.2616E+20    2.2303E+19    9.7658E+18
    4.6500E+03    5.0839E+20    1.2567E+20    2.2180E+19    9.7241E+18
    4.6700E+03    5.0829E+20    1.2516E+20    2.2058E+19    9.6818E+18
    4.6900E+03    5.0377E+20    1.2309E+20    2.1936E+19    9.6397E+18
    4.7100E+03    5.0830E+20    1.2416E+20    2.1766E+19    9.5734E+18
    4.7300E+03    5.0841E+20    1.2377E+20    2.1690E+19    9.5518E+18
    4.7500E+03    5.0843E+20    1.2328E+20    2.1549E+19    9.5018E+18
    4.7700E+03    5.0844E+20    1.2279E+20    2.1400E+19    9.4400E+18
    4.7900E+03    5.0843E+20    1.2227E+20    2.1229E+19    9.3644E+18
    4.8100E+03    5.0830E+20    1.2163E+20    2.0972E+19    9.2338E+18
    4.8300E+03    5.0760E+20    1.2049E+20    2.0354E+19    8.8768E+18
    4.8500E+03    5.0209E+20    1.1521E+20    1.7415E+19    7.1601E+18
    4.8700E+03    4.9588E+20    1.0996E+20    1.5194E+19    6.0406E+18
    4.8900E+03    5.0747E+20    1.1877E+20    1.9733E+19    8.5894E+18
    4.9100E+03    5.0881E+20    1.1947E+20    2.0367E+19    9.0150E+18
    4.9300E+03    5.0918E+20    1.1927E+20    2.0392E+19    9.0631E+18
    4.9500E+03    5.0951E+20    1.1902E+20    2.0403E+19    9.0997E+18
    4.9700E+03    5.0973E+20    1.1868E+20    2.0332E+19    9.0863E+18
    4.9900E+03    5.0995E+20    1.1832E+20    2.0249E+19    9.0592E+18
    5.0100E+03    5.1011E+20    1.1791E+20    2.0112E+19    9.0061E+18
    5.0300E+03    5.1037E+20    1.1758E+20    2.0051E+19    8.9944E+18
    5.0500E+03    5.1032E+20    1.1691E+20    1.9840E+19    8.9543E+18
    5.0700E+03    5.1082E+20    1.1685E+20    1.9848E+19    8.9247E+18
    5.0900E+03    5.1105E+20    1.1649E+20    1.9747E+19    8.8892E+18
    5.1100E+03    5.1130E+20    1.1613E+20    1.9646E+19    8.8539E+18
    5.1300E+03    5.1155E+20    1.1578E+20    1.9547E+19    8.8187E+18
    5.1500E+03    5.1181E+20    1.1543E+20    1.9447E+19    8.7838E+18
    5.1700E+03    5.1208E+20    1.1509E+20    1.9350E+19    8.7491E+18
    5.1900E+03    5.1236E+20    1.1475E+20    1.9252E+19    8.7147E+18
    5.2100E+03    5.1265E+20    1.1442E+20    1.9156E+19    8.6806E+18
    5.2300E+03    5.1295E+20    1.1409E+20    1.9060E+19    8.6464E+18
    5.2500E+03    5.1325E+20    1.1376E+20    1.8965E+19    8.6126E+18
    5.2700E+03    5.1357E+20    1.1344E+20    1.8871E+19    8.5789E+18
    5.2900E+03    5.1389E+20    1.1312E+20    1.8777E+19    8.5455E+18
    5.3100E+03    5.1422E+20    1.1281E+20    1.8685E+19    8.5123E+18
    5.3300E+03    5.1456E+20    1.1250E+20    1.8593E+19    8.4794E+18
    5.3500E+03    5.1490E+20    1.1220E+20    1.8501E+19    8.4466E+18
    5.3700E+03    5.1525E+20    1.1190E+20    1.8411E+19    8.4139E+18
    5.3900E+03    5.1557E+20    1.1159E+20    1.8321E+19    8.3816E+18
    5.4100E+03    5.1230E+20    1.1008E+20    1.8232E+19    8.3493E+18
    5.4300E+03    5.1626E+20    1.1099E+20    1.8143E+19    8.3173E+18
    5.4500E+03    5.1673E+20    1.1073E+20    1.8056E+19    8.2854E+18
    5.4700E+03    5.1712E+20    1.1045E+20    1.7968E+19    8.2539E+18
    5.4900E+03    5.1751E+20    1.1017E+20    1.7882E+19    8.2224E+18
    5.5100E+03    5.1791E+20    1.0990E+20    1.7796E+19    8.1911E+18
    5.5300E+03    5.1832E+20    1.0963E+20    1.7711E+19    8.1601E+18
    5.5500E+03    5.1873E+20    1.0936E+20    1.7627E+19    8.1292E+18
    5.5700E+03    5.1915E+20    1.0910E+20    1.7543E+19    8.0985E+18
    5.5900E+03    5.1957E+20    1.0884E+20    1.7460E+19    8.0680E+18
    5.6100E+03    5.2000E+20    1.0858E+20    1.7377E+19    8.0376E+18
    5.6300E+03    5.2044E+20    1.0833E+20    1.7295E+19    8.0075E+18
    5.6500E+03    5.2088E+20    1.0808E+20    1.7214E+19    7.9775E+18
    5.6700E+03    5.2132E+20    1.0783E+20    1.7133E+19    7.9476E+18
    5.6900E+03    5.2176E+20    1.0758E+20    1.7053E+19    7.9180E+18
    5.7100E+03    5.2229E+20    1.0738E+20    1.6973E+19    7.8885E+18
    5.7300E+03    5.2275E+20    1.0715E+20    1.6894E+19    7.8592E+18
    5.7500E+03    5.2322E+20    1.0691E+20    1.6816E+19    7.8301E+18
    5.7700E+03    5.2370E+20    1.0668E+20    1.6738E+19    7.8011E+18
    5.7900E+03    5.2419E+20    1.0645E+20    1.6661E+19    7.7723E+18
    5.8100E+03    5.2469E+20    1.0624E+20    1.6584E+19    7.7436E+18
    5.8300E+03    5.2520E+20    1.0602E+20    1.6508E+19    7.7152E+18
    5.8500E+03    5.2570E+20    1.0580E+20    1.6432E+19    7.6869E+18
    5.8700E+03    5.2607E+20    1.0546E+20    1.6272E+19    7.6107E+18
    5.8900E+03    5.2669E+20    1.0536E+20    1.6279E+19    7.6302E+18
    5.9100E+03    5.2720E+20    1.0516E+20    1.6209E+19    7.6029E+18
    5.9300E+03    5.2771E+20    1.0495E+20    1.6136E+19    7.5752E+18
    5.9500E+03    5.2822E+20    1.0474E+20    1.6063E+19    7.5477E+18
    5.9700E+03    5.2873E+20    1.0454E+20    1.5990E+19    7.5204E+18
    5.9900E+03    5.2925E+20    1.0434E+20    1.5918E+19    7.4932E+18
    6.0100E+03    5.2978E+20    1.0414E+20    1.5847E+19    7.4661E+18
    6.0300E+03    5.3030E+20    1.0394E+20    1.5776E+19    7.4392E+18
    6.0500E+03    5.3084E+20    1.0375E+20    1.5706E+19    7.4125E+18
    6.0700E+03    5.3137E+20    1.0355E+20    1.5636E+19    7.3859E+18
    6.0900E+03    5.3191E+20    1.0337E+20    1.5567E+19    7.3595E+18
    6.1100E+03    5.3245E+20    1.0318E+20    1.5498E+19    7.3333E+18
    6.1300E+03    5.3300E+20    1.0299E+20    1.5430E+19    7.3072E+18
    6.1500E+03    5.3355E+20    1.0281E+20    1.5362E+19    7.2812E+18
    6.1700E+03    5.3410E+20    1.0263E+20    1.5294E+19    7.2554E+18
    6.1900E+03    5.3465E+20    1.0246E+20    1.5227E+19    7.2297E+18
    6.2100E+03    5.3521E+20    1.0228E+20    1.5161E+19    7.2041E+18
    6.2300E+03    5.3577E+20    1.0211E+20    1.5095E+19    7.1787E+18
    6.2500E+03    5.3634E+20    1.0194E+20    1.5029E+19    7.1535E+18
    6.2700E+03    5.3691E+20    1.0177E+20    1.4964E+19    7.1284E+18
    6.2900E+03    5.3748E+20    1.0161E+20    1.4900E+19    7.1033E+18
    6.3100E+03    5.3805E+20    1.0144E+20    1.4835E+19    7.0785E+18
    6.3300E+03    5.3863E+20    1.0128E+20    1.4772E+19    7.0537E+18
    6.3500E+03    5.3920E+20    1.0112E+20    1.4708E+19    7.0292E+18
    6.3700E+03    5.3978E+20    1.0096E+20    1.4645E+19    7.0043E+18
    6.3900E+03    5.4036E+20    1.0080E+20    1.4580E+19    6.9778E+18
    6.4100E+03    5.4094E+20    1.0064E+20    1.4514E+19    6.9515E+18
    6.4300E+03    5.4153E+20    1.0048E+20    1.4448E+19    6.9235E+18
    6.4500E+03    5.4210E+20    1.0032E+20    1.4374E+19    6.8934E+18
    6.4700E+03    5.4267E+20    1.0015E+20    1.4295E+19    6.8562E+18
    6.4900E+03    5.4322E+20    9.9956E+19    1.4204E+19    6.8100E+18
    6.5100E+03    5.4369E+20    9.9705E+19    1.4066E+19    6.7364E+18
    6.5300E+03    5.4387E+20    9.9200E+19    1.3771E+19    6.5568E+18
    6.5500E+03    5.4191E+20    9.7010E+19    1.2506E+19    5.7929E+18
    6.5700E+03    5.3543E+20    9.2170E+19    1.0767E+19    4.8609E+18
    6.5900E+03    5.4515E+20    9.8341E+19    1.3302E+19    6.3078E+18
    6.6100E+03    5.4661E+20    9.8929E+19    1.3716E+19    6.5821E+18
    6.6300E+03    5.4742E+20    9.8965E+19    1.3775E+19    6.6371E+18
    6.6500E+03    5.4810E+20    9.8897E+19    1.3761E+19    6.6437E+18
    6.6700E+03    5.4873E+20    9.8776E+19    1.3707E+19    6.6284E+18
    6.6900E+03    5.4936E+20    9.8664E+19    1.3664E+19    6.6129E+18
    6.7100E+03    5.5001E+20    9.8569E+19    1.3633E+19    6.6042E+18
    6.7300E+03    5.5064E+20    9.8450E+19    1.3581E+19    6.5845E+18
    6.7500E+03    5.5126E+20    9.8330E+19    1.3527E+19    6.5638E+18
    6.7700E+03    5.5189E+20    9.8209E+19    1.3472E+19    6.5418E+18
    6.7900E+03    5.5251E+20    9.8090E+19    1.3417E+19    6.5199E+18
    6.8100E+03    5.5314E+20    9.7972E+19    1.3363E+19    6.4981E+18
    6.8300E+03    5.5377E+20    9.7856E+19    1.3309E+19    6.4765E+18
    6.8500E+03    5.5440E+20    9.7741E+19    1.3255E+19    6.4549E+18
    6.8700E+03    5.5503E+20    9.7627E+19    1.3202E+19    6.4334E+18
    6.8900E+03    5.5566E+20    9.7513E+19    1.3149E+19    6.4121E+18
    6.9100E+03    5.5629E+20    9.7404E+19    1.3096E+19    6.3908E+18
    6.9300E+03    5.5693E+20    9.7295E+19    1.3043E+19    6.3697E+18
    6.9500E+03    5.5756E+20    9.7187E+19    1.2991E+19    6.3487E+18
    6.9700E+03    5.5820E+20    9.7081E+19    1.2939E+19    6.3277E+18
    6.9900E+03    5.5884E+20    9.6977E+19    1.2888E+19    6.3069E+18
    7.0100E+03    5.5948E+20    9.6873E+19    1.2837E+19    6.2862E+18
    7.0300E+03    5.6012E+20    9.6771E+19    1.2786E+19    6.2656E+18
    7.0500E+03    5.6076E+20    9.6671E+19    1.2735E+19    6.2451E+18
    7.0700E+03    5.6135E+20    9.6506E+19    1.2657E+19    6.2161E+18
    7.0900E+03    5.6205E+20    9.6473E+19    1.2635E+19    6.2044E+18
    7.1100E+03    5.6269E+20    9.6376E+19    1.2586E+19    6.1841E+18
    7.1300E+03    5.6334E+20    9.6281E+19    1.2537E+19    6.1640E+18
    7.1500E+03    5.6398E+20    9.6187E+19    1.2488E+19    6.1441E+18
    7.1700E+03    5.6463E+20    9.6093E+19    1.2439E+19    6.1241E+18
    7.1900E+03    5.6528E+20    9.6002E+19    1.2390E+19    6.1043E+18
    7.2100E+03    5.6593E+20    9.5912E+19    1.2343E+19    6.0846E+18
    7.2300E+03    5.6658E+20    9.5823E+19    1.2295E+19    6.0650E+18
    7.2500E+03    5.6723E+20    9.5735E+19    1.2247E+19    6.0455E+18
    7.2700E+03    5.6788E+20    9.5648E+19    1.2200E+19    6.0260E+18
    7.2900E+03    5.6852E+20    9.5554E+19    1.2146E+19    6.0042E+18
    7.3100E+03    5.6919E+20    9.5479E+19    1.2106E+19    5.9874E+18
    7.3300E+03    5.6984E+20    9.5395E+19    1.2060E+19    5.9683E+18
    7.3500E+03    5.7049E+20    9.5314E+19    1.2014E+19    5.9492E+18
    7.3700E+03    5.7115E+20    9.5233E+19    1.1968E+19    5.9302E+18
    7.3900E+03    5.7180E+20    9.5153E+19    1.1922E+19    5.9114E+18
    7.4100E+03    5.7246E+20    9.5074E+19    1.1877E+19    5.8926E+18
    7.4300E+03    5.7311E+20    9.4997E+19    1.1832E+19    5.8739E+18
    7.4500E+03    5.7377E+20    9.4921E+19    1.1788E+19    5.8553E+18
    7.4700E+03    5.7443E+20    9.4846E+19    1.1743E+19    5.8367E+18
    7.4900E+03    5.7509E+20    9.4771E+19    1.1699E+19    5.8183E+18
    7.5100E+03    5.7575E+20    9.4698E+19    1.1655E+19    5.8000E+18
    7.5300E+03    5.7641E+20    9.4626E+19    1.1611E+19    5.7817E+18
    7.5500E+03    5.7706E+20    9.4555E+19    1.1568E+19    5.7636E+18
    7.5700E+03    5.7772E+20    9.4485E+19    1.1525E+19    5.7455E+18
    7.5900E+03    5.7838E+20    9.4414E+19    1.1482E+19    5.7275E+18
    7.6100E+03    5.7904E+20    9.4347E+19    1.1439E+19    5.7096E+18
    7.6300E+03    5.7970E+20    9.4280E+19    1.1396E+19    5.6917E+18
    7.6500E+03    5.8036E+20    9.4213E+19    1.1354E+19    5.6740E+18
    7.6700E+03    5.8103E+20    9.4149E+19    1.1312E+19    5.6563E+18
    7.6900E+03    5.8169E+20    9.4084E+19    1.1270E+19    5.6387E+18
    7.7100E+03    5.8235E+20    9.4020E+19    1.1229E+19    5.6213E+18
    7.7300E+03    5.8301E+20    9.3958E+19    1.1188E+19    5.6039E+18
    7.7500E+03    5.8367E+20    9.3896E+19    1.1147E+19    5.5865E+18
    7.7700E+03    5.8433E+20    9.3835E+19    1.1106E+19    5.5693E+18
    7.7900E+03    5.8499E+20    9.3775E+19    1.1065E+19    5.5521E+18
    7.8100E+03    5.8566E+20    9.3716E+19    1.1025E+19    5.5350E+18
    7.8300E+03    5.8632E+20    9.3659E+19    1.0985E+19    5.5180E+18
    7.8500E+03    5.8699E+20    9.3616E+19    1.0949E+19    5.5011E+18
    7.8700E+03    5.8765E+20    9.3560E+19    1.0909E+19    5.4842E+18
    7.8900E+03    5.8832E+20    9.3504E+19    1.0870E+19    5.4674E+18
    7.9100E+03    5.8898E+20    9.3449E+19    1.0831E+19    5.4508E+18
    7.9300E+03    5.8964E+20    9.3395E+19    1.0791E+19    5.4341E+18
    7.9500E+03    5.9030E+20    9.3342E+19    1.0753E+19    5.4176E+18
    7.9700E+03    5.9097E+20    9.3290E+19    1.0714E+19    5.4011E+18
    7.9900E+03    5.9163E+20    9.3238E+19    1.0676E+19    5.3847E+18
    8.0100E+03    5.9229E+20    9.3187E+19    1.0637E+19    5.3684E+18
    8.0300E+03    5.9295E+20    9.3137E+19    1.0600E+19    5.3521E+18
    8.0500E+03    5.9362E+20    9.3088E+19    1.0562E+19    5.3359E+18
    8.0700E+03    5.9428E+20    9.3040E+19    1.0525E+19    5.3199E+18
    8.0900E+03    5.9494E+20    9.2992E+19    1.0487E+19    5.3038E+18
    8.1100E+03    5.9560E+20    9.2945E+19    1.0450E+19    5.2878E+18
    8.1300E+03    5.9626E+20    9.2899E+19    1.0413E+19    5.2720E+18
    8.1500E+03    5.9692E+20    9.2854E+19    1.0376E+19    5.2561E+18
    8.1700E+03    5.9759E+20    9.2809E+19    1.0340E+19    5.2405E+18
    8.1900E+03    5.9825E+20    9.2764E+19    1.0304E+19    5.2248E+18
    8.2100E+03    4.0363E+20    7.2202E+19    1.0595E+19    5.2328E+18
    8.2300E+03    4.0387E+20    7.2112E+19    1.0561E+19    5.2203E+18
    8.2500E+03    4.0411E+20    7.2025E+19    1.0526E+19    5.2074E+18
    8.2700E+03    4.0436E+20    7.1941E+19    1.0492E+19    5.1941E+18
    8.2900E+03    4.0460E+20    7.1854E+19    1.0458E+19    5.1807E+18
    8.3100E+03    4.0484E+20    7.1766E+19    1.0421E+19    5.1650E+18
    8.3300E+03    4.0508E+20    7.1674E+19    1.0380E+19    5.1449E+18
    8.3500E+03    4.0532E+20    7.1577E+19    1.0332E+19    5.1160E+18
    8.3700E+03    4.0556E+20    7.1479E+19    1.0283E+19    5.0864E+18
    8.3900E+03    4.0578E+20    7.1369E+19    1.0218E+19    5.0379E+18
    8.4100E+03    4.0601E+20    7.1263E+19    1.0160E+19    4.9955E+18
    8.4300E+03    4.0621E+20    7.1134E+19    1.0078E+19    4.9397E+18
    8.4500E+03    4.0645E+20    7.1040E+19    1.0034E+19    4.9250E+18
    8.4700E+03    4.0665E+20    7.0906E+19    9.9407E+18    4.8391E+18
    8.4900E+03    4.0692E+20    7.0846E+19    9.9382E+18    4.8865E+18
    8.5100E+03    4.0711E+20    7.0695E+19    9.8217E+18    4.7679E+18
    8.5300E+03    4.0746E+20    7.0718E+19    9.9094E+18    4.9166E+18
    8.5500E+03    4.0748E+20    7.0404E+19    9.6186E+18    4.6052E+18
    8.5700E+03    4.0808E+20    7.0675E+19    9.9605E+18    5.0146E+18
    8.5900E+03    4.0804E+20    7.0306E+19    9.6240E+18    4.6853E+18
    8.6100E+03    4.0827E+20    7.0201E+19    9.5576E+18    4.6285E+18
    8.6300E+03    4.0898E+20    7.0582E+19    1.0001E+19    5.1137E+18
    8.6500E+03    4.0899E+20    7.0262E+19    9.7203E+18    4.8609E+18
    8.6700E+03    4.0873E+20    6.9671E+19    9.1524E+18    4.2922E+18
    8.6900E+03    4.0969E+20    7.0296E+19    9.8383E+18    5.0087E+18
    8.7100E+03    4.1017E+20    7.0450E+19    1.0032E+19    5.2090E+18
    8.7300E+03    4.1018E+20    7.0122E+19    9.7468E+18    4.9644E+18
    8.7500E+03    4.0964E+20    6.9254E+19    8.9048E+18    4.1483E+18
    8.7700E+03    4.1052E+20    6.9802E+19    9.5038E+18    4.7653E+18
    8.7900E+03    4.1126E+20    7.0204E+19    9.9421E+18    5.1870E+18
    8.8100E+03    4.1161E+20    7.0231E+19    1.0004E+19    5.2549E+18
    8.8300E+03    4.1174E+20    7.0025E+19    9.8400E+18    5.1279E+18
    8.8500E+03    4.1144E+20    6.9394E+19    9.2506E+18    4.6008E+18
    8.8700E+03    4.1116E+20    6.8791E+19    8.6771E+18    4.0555E+18
    8.8900E+03    4.1232E+20    6.9619E+19    9.5475E+18    4.9100E+18
    8.9100E+03    4.1292E+20    6.9881E+19    9.8370E+18    5.1788E+18
    8.9300E+03    4.1328E+20    6.9910E+19    9.8964E+18    5.2405E+18
    8.9500E+03    4.1355E+20    6.9846E+19    9.8664E+18    5.2275E+18
    8.9700E+03    4.1372E+20    6.9691E+19    9.7509E+18    5.1443E+18
    8.9900E+03    4.1369E+20    6.9331E+19    9.4342E+18    4.8847E+18
    9.0100E+03    4.1306E+20    6.8381E+19    8.5184E+18    4.0359E+18
    9.0300E+03    4.1366E+20    6.8644E+19    8.8166E+18    4.3399E+18
    9.0500E+03    4.1461E+20    6.9258E+19    9.4573E+18    4.9452E+18
    9.0700E+03    4.1509E+20    6.9410E+19    9.6334E+18    5.1078E+18
    9.0900E+03    4.1544E+20    6.9425E+19    9.6748E+18    5.1522E+18
    9.1100E+03    4.1572E+20    6.9387E+19    9.6675E+18    5.1571E+18
    9.1300E+03    4.1600E+20    6.9328E+19    9.6379E+18    5.1440E+18
    9.1500E+03    4.1625E+20    6.9248E+19    9.5897E+18    5.1157E+18
    9.1700E+03    4.1646E+20    6.9134E+19    9.5093E+18    5.0616E+18
    9.1900E+03    4.1659E+20    6.8935E+19    9.3476E+18    4.9388E+18
    9.2100E+03    4.1645E+20    6.8470E+19    8.9223E+18    4.5788E+18
    9.2300E+03    4.1585E+20    6.7546E+19    8.0271E+18    3.7446E+18
    9.2500E+03    4.1689E+20    6.8250E+19    8.7600E+18    4.4564E+18
    9.2700E+03    4.1764E+20    6.8668E+19    9.1957E+18    4.8572E+18
    9.2900E+03    4.1807E+20    6.8769E+19    9.3169E+18    4.9692E+18
    9.3100E+03    4.1839E+20    6.8768E+19    9.3403E+18    4.9995E+18
    9.3300E+03    4.1869E+20    6.8737E+19    9.3343E+18    5.0045E+18
    9.3500E+03    4.1896E+20    6.8688E+19    9.3139E+18    4.9985E+18
    9.3700E+03    4.1850E+20    6.8256E+19    9.2880E+18    4.9876E+18
    9.3900E+03    4.1952E+20    6.8583E+19    9.2582E+18    4.9739E+18
    9.4100E+03    4.1979E+20    6.8524E+19    9.2255E+18    4.9572E+18
    9.4300E+03    4.2005E+20    6.8462E+19    9.1891E+18    4.9378E+18
    9.4500E+03    4.2031E+20    6.8394E+19    9.1466E+18    4.9132E+18
    9.4700E+03    4.2055E+20    6.8311E+19    9.0892E+18    4.8774E+18
    9.4900E+03    4.2076E+20    6.8199E+19    9.0049E+18    4.8177E+18
    9.5100E+03    4.2088E+20    6.7988E+19    8.8257E+18    4.6794E+18
    9.5300E+03    4.2070E+20    6.7492E+19    8.3631E+18    4.2800E+18
    9.5500E+03    4.1848E+20    6.5444E+19    7.4052E+18    3.5912E+18
    9.5700E+03    4.2135E+20    6.7494E+19    8.4095E+18    4.3469E+18
    9.5900E+03    4.2201E+20    6.7823E+19    8.7503E+18    4.6575E+18
    9.6100E+03    4.2242E+20    6.7903E+19    8.8455E+18    4.7471E+18
    9.6300E+03    4.2274E+20    6.7902E+19    8.8640E+18    4.7723E+18
    9.6500E+03    4.2304E+20    6.7876E+19    8.8585E+18    4.7767E+18
    9.6700E+03    4.2333E+20    6.7838E+19    8.8408E+18    4.7724E+18
    9.6900E+03    4.2361E+20    6.7795E+19    8.8189E+18    4.7657E+18
    9.7100E+03    4.2389E+20    6.7751E+19    8.7953E+18    4.7548E+18
    9.7300E+03    4.2417E+20    6.7708E+19    8.7720E+18    4.7433E+18
    9.7500E+03    4.2444E+20    6.7662E+19    8.7449E+18    4.7307E+18
    9.7700E+03    4.2471E+20    6.7614E+19    8.7171E+18    4.7174E+18
    9.7900E+03    4.2499E+20    6.7568E+19    8.6895E+18    4.7043E+18
    9.8100E+03    4.2527E+20    6.7521E+19    8.6614E+18    4.6904E+18
    9.8300E+03    4.2554E+20    6.7474E+19    8.6331E+18    4.6763E+18
    9.8500E+03    4.2581E+20    6.7426E+19    8.6048E+18    4.6622E+18
    9.8700E+03    4.2609E+20    6.7378E+19    8.5752E+18    4.6473E+18
    9.8900E+03    4.2636E+20    6.7328E+19    8.5434E+18    4.6319E+18
    9.9100E+03    4.2663E+20    6.7277E+19    8.5100E+18    4.6143E+18
    9.9300E+03    4.2690E+20    6.7226E+19    8.4761E+18    4.5935E+18
    9.9500E+03    4.2716E+20    6.7170E+19    8.4375E+18    4.5707E+18
    9.9700E+03    4.2741E+20    6.7103E+19    8.3888E+18    4.5395E+18
    9.9900E+03    4.2763E+20    6.7008E+19    8.3157E+18    4.4881E+18
    1.0025E+04    4.2768E+20    6.6499E+19    7.8487E+18    4.0940E+18
    1.0075E+04    4.2825E+20    6.6279E+19    7.6672E+18    3.9535E+18
    1.0125E+04    4.2695E+20    6.5603E+19    8.1659E+18    4.4235E+18
    1.0175E+04    4.3028E+20    6.6715E+19    8.1582E+18    4.4389E+18
    1.0225E+04    4.3099E+20    6.6636E+19    8.1103E+18    4.4195E+18
    1.0275E+04    4.3169E+20    6.6545E+19    8.0517E+18    4.3920E+18
    1.0325E+04    4.3238E+20    6.6452E+19    7.9888E+18    4.3610E+18
    1.0375E+04    4.3308E+20    6.6364E+19    7.9294E+18    4.3315E+18
    1.0425E+04    4.3377E+20    6.6276E+19    7.8691E+18    4.3017E+18
    1.0475E+04    4.3447E+20    6.6189E+19    7.8093E+18    4.2721E+18
    1.0525E+04    4.3516E+20    6.6107E+19    7.7507E+18    4.2428E+18
    1.0575E+04    4.3586E+20    6.6024E+19    7.6922E+18    4.2139E+18
    1.0625E+04    4.3655E+20    6.5946E+19    7.6349E+18    4.1852E+18
    1.0675E+04    4.3725E+20    6.5867E+19    7.5774E+18    4.1566E+18
    1.0725E+04    4.3794E+20    6.5788E+19    7.5192E+18    4.1266E+18
    1.0775E+04    4.3862E+20    6.5705E+19    7.4552E+18    4.0933E+18
    1.0825E+04    4.3929E+20    6.5603E+19    7.3724E+18    4.0440E+18
    1.0875E+04    4.3991E+20    6.5464E+19    7.2523E+18    3.9596E+18
    1.0925E+04    4.3939E+20    6.4002E+19    6.3108E+18    3.4136E+18
    1.0975E+04    4.4105E+20    6.5090E+19    6.9138E+18    3.7025E+18
    1.1025E+04    4.4204E+20    6.5312E+19    7.1390E+18    3.9186E+18
    1.1075E+04    4.4277E+20    6.5290E+19    7.1273E+18    3.9261E+18
    1.1125E+04    4.4347E+20    6.5243E+19    7.0893E+18    3.9108E+18
    1.1175E+04    4.4418E+20    6.5190E+19    7.0426E+18    3.8884E+18
    1.1225E+04    4.4486E+20    6.5131E+19    6.9925E+18    3.8633E+18
    1.1275E+04    4.4555E+20    6.5073E+19    6.9427E+18    3.8383E+18
    1.1325E+04    4.4624E+20    6.5016E+19    6.8933E+18    3.8134E+18
    1.1375E+04    4.4693E+20    6.4962E+19    6.8448E+18    3.7888E+18
    1.1425E+04    4.4761E+20    6.4910E+19    6.7968E+18    3.7645E+18
    1.1475E+04    4.4830E+20    6.4857E+19    6.7490E+18    3.7403E+18
    1.1525E+04    4.4898E+20    6.4808E+19    6.7019E+18    3.7164E+18
    1.1575E+04    4.4967E+20    6.4759E+19    6.6554E+18    3.6927E+18
    1.1625E+04    4.5035E+20    6.4711E+19    6.6092E+18    3.6693E+18
    1.1675E+04    4.5103E+20    6.4665E+19    6.5634E+18    3.6460E+18
    1.1725E+04    4.5171E+20    6.4620E+19    6.5183E+18    3.6230E+18
    1.1775E+04    4.5239E+20    6.4576E+19    6.4736E+18    3.6002E+18
    1.1825E+04    4.5307E+20    6.4533E+19    6.4293E+18    3.5776E+18
    1.1875E+04    4.5375E+20    6.4493E+19    6.3857E+18    3.5553E+18
    1.1925E+04    4.5442E+20    6.4451E+19    6.3421E+18    3.5332E+18
    1.1975E+04    4.5510E+20    6.4411E+19    6.2979E+18    3.5107E+18
    1.2025E+04    4.5577E+20    6.4374E+19    6.2568E+18    3.4895E+18
    1.2075E+04    4.5644E+20    6.4338E+19    6.2149E+18    3.4679E+18
    1.2125E+04    4.5712E+20    6.4303E+19    6.1734E+18    3.4466E+18
    1.2175E+04    4.5779E+20    6.4268E+19    6.1322E+18    3.4254E+18
    1.2225E+04    4.5845E+20    6.4234E+19    6.0913E+18    3.4045E+18
    1.2275E+04    4.5912E+20    6.4203E+19    6.0512E+18    3.3838E+18
    1.2325E+04    4.5979E+20    6.4170E+19    6.0111E+18    3.3632E+18
    1.2375E+04    4.6046E+20    6.4140E+19    5.9716E+18    3.3428E+18
    1.2425E+04    4.6112E+20    6.4110E+19    5.9325E+18    3.3226E+18
    1.2475E+04    4.6178E+20    6.4081E+19    5.8937E+18    3.3026E+18
    1.2525E+04    4.6244E+20    6.4053E+19    5.8550E+18    3.2826E+18
    1.2575E+04    4.6310E+20    6.4027E+19    5.8166E+18    3.2622E+18
    1.2625E+04    4.6376E+20    6.3996E+19    5.7750E+18    3.2397E+18
    1.2675E+04    4.6441E+20    6.3961E+19    5.7279E+18    3.2124E+18
    1.2725E+04    4.6504E+20    6.3913E+19    5.6674E+18    3.1727E+18
    1.2775E+04    4.6556E+20    6.3763E+19    5.5092E+18    3.0489E+18
    1.2825E+04    4.6569E+20    6.3338E+19    5.0933E+18    2.6796E+18
    1.2875E+04    4.6691E+20    6.3759E+19    5.4755E+18    3.0446E+18
    1.2925E+04    4.6766E+20    6.3834E+19    5.5315E+18    3.1047E+18
    1.2975E+04    4.6832E+20    6.3811E+19    5.5070E+18    3.1028E+18
    1.3025E+04    4.6898E+20    6.3824E+19    5.4892E+18    3.0915E+18
    1.3075E+04    4.6963E+20    6.3809E+19    5.4573E+18    3.0758E+18
    1.3125E+04    4.7028E+20    6.3791E+19    5.4232E+18    3.0581E+18
    1.3175E+04    4.7092E+20    6.3774E+19    5.3895E+18    3.0404E+18
    1.3225E+04    4.7156E+20    6.3758E+19    5.3559E+18    3.0229E+18
    1.3275E+04    4.7220E+20    6.3743E+19    5.3228E+18    3.0055E+18
    1.3325E+04    4.7284E+20    6.3728E+19    5.2900E+18    2.9883E+18
    1.3375E+04    4.7348E+20    6.3714E+19    5.2573E+18    2.9712E+18
    1.3425E+04    4.7411E+20    6.3700E+19    5.2249E+18    2.9543E+18
    1.3475E+04    4.7475E+20    6.3689E+19    5.1931E+18    2.9375E+18
    1.3525E+04    4.7538E+20    6.3677E+19    5.1615E+18    2.9209E+18
    1.3575E+04    4.7601E+20    6.3666E+19    5.1302E+18    2.9043E+18
    1.3625E+04    4.7664E+20    6.3655E+19    5.0990E+18    2.8880E+18
    1.3675E+04    4.7727E+20    6.3644E+19    5.0682E+18    2.8717E+18
    1.3725E+04    4.7790E+20    6.3635E+19    5.0376E+18    2.8556E+18
    1.3775E+04    4.7852E+20    6.3626E+19    5.0073E+18    2.8396E+18
    1.3825E+04    4.7914E+20    6.3618E+19    4.9774E+18    2.8238E+18
    1.3875E+04    4.7977E+20    6.3610E+19    4.9476E+18    2.8080E+18
    1.3925E+04    4.8039E+20    6.3603E+19    4.9182E+18    2.7924E+18
    1.3975E+04    4.8101E+20    6.3597E+19    4.8890E+18    2.7770E+18
    1.4025E+04    4.8162E+20    6.3590E+19    4.8601E+18    2.7616E+18
    1.4075E+04    4.8224E+20    6.3585E+19    4.8314E+18    2.7464E+18
    1.4125E+04    4.8285E+20    6.3581E+19    4.8032E+18    2.7313E+18
    1.4175E+04    4.8347E+20    6.3576E+19    4.7750E+18    2.7164E+18
    1.4225E+04    4.8408E+20    6.3572E+19    4.7471E+18    2.7015E+18
    1.4275E+04    4.8469E+20    6.3568E+19    4.7194E+18    2.6868E+18
    1.4325E+04    4.8529E+20    6.3566E+19    4.6920E+18    2.6721E+18
    1.4375E+04    4.8590E+20    6.3564E+19    4.6648E+18    2.6576E+18
    1.4425E+04    4.8650E+20    6.3561E+19    4.6378E+18    2.6432E+18
    1.4475E+04    4.8711E+20    6.3560E+19    4.6110E+18    2.6289E+18
    1.4525E+04    4.8771E+20    6.3559E+19    4.5845E+18    2.6147E+18
    1.4570E+04    4.8825E+20    6.3558E+19    4.5608E+18    2.6021E+18
    1.4620E+04    4.0618E+20    5.4645E+19    4.5686E+18    2.5926E+18
    1.4675E+04    4.0668E+20    5.4629E+19    4.5405E+18    2.5780E+18
    1.4725E+04    4.0714E+20    5.4615E+19    4.5154E+18    2.5648E+18
    1.4775E+04    4.0759E+20    5.4601E+19    4.4902E+18    2.5518E+18
    1.4825E+04    4.0805E+20    5.4588E+19    4.4652E+18    2.5387E+18
    1.4875E+04    4.0850E+20    5.4574E+19    4.4402E+18    2.5255E+18
    1.4925E+04    4.0896E+20    5.4561E+19    4.4150E+18    2.5120E+18
    1.4975E+04    4.0941E+20    5.4548E+19    4.3890E+18    2.4975E+18
    1.5025E+04    4.0986E+20    5.4534E+19    4.3634E+18    2.4832E+18
    1.5075E+04    4.1031E+20    5.4520E+19    4.3361E+18    2.4669E+18
    1.5125E+04    4.1075E+20    5.4506E+19    4.3080E+18    2.4495E+18
    1.5175E+04    4.1120E+20    5.4490E+19    4.2786E+18    2.4306E+18
    1.5225E+04    4.1164E+20    5.4476E+19    4.2505E+18    2.4134E+18
    1.5275E+04    4.1208E+20    5.4463E+19    4.2236E+18    2.3977E+18
    1.5325E+04    4.1252E+20    5.4444E+19    4.1916E+18    2.3769E+18
    1.5375E+04    4.1297E+20    5.4438E+19    4.1715E+18    2.3694E+18
    1.5425E+04    4.1340E+20    5.4414E+19    4.1324E+18    2.3391E+18
    1.5475E+04    4.1385E+20    5.4418E+19    4.1231E+18    2.3435E+18
    1.5525E+04    4.1429E+20    5.4402E+19    4.0927E+18    2.3246E+18
    1.5575E+04    4.1471E+20    5.4374E+19    4.0467E+18    2.2844E+18
    1.5625E+04    4.1520E+20    5.4417E+19    4.0791E+18    2.3349E+18
    1.5675E+04    4.1559E+20    5.4362E+19    4.0061E+18    2.2689E+18
    1.5725E+04    4.1599E+20    5.4335E+19    3.9662E+18    2.2361E+18
    1.5775E+04    4.1653E+20    5.4413E+19    4.0284E+18    2.3144E+18
    1.5825E+04    4.1695E+20    5.4393E+19    3.9916E+18    2.2884E+18
    1.5875E+04    4.1727E+20    5.4272E+19    3.8501E+18    2.1499E+18
    1.5925E+04    4.1779E+20    5.4355E+19    3.9200E+18    2.2341E+18
    1.5975E+04    4.1830E+20    5.4429E+19    3.9777E+18    2.2998E+18
    1.6050E+04    4.1890E+20    5.4370E+19    3.8934E+18    2.2325E+18
    1.6150E+04    4.1969E+20    5.4294E+19    3.7822E+18    2.1397E+18
    1.6250E+04    4.2068E+20    5.4415E+19    3.8694E+18    2.2431E+18
    1.6350E+04    4.2146E+20    5.4334E+19    3.7543E+18    2.1512E+18
    1.6450E+04    4.2224E+20    5.4264E+19    3.6471E+18    2.0622E+18
    1.6550E+04    4.2324E+20    5.4410E+19    3.7553E+18    2.1817E+18
    1.6650E+04    4.2408E+20    5.4412E+19    3.7197E+18    2.1630E+18
    1.6750E+04    4.2483E+20    5.4319E+19    3.5911E+18    2.0592E+18
    1.6850E+04    4.2559E+20    5.4249E+19    3.4822E+18    1.9689E+18
    1.6950E+04    4.2658E+20    5.4409E+19    3.6019E+18    2.0959E+18
    1.7050E+04    4.2742E+20    5.4423E+19    3.5767E+18    2.0861E+18
    1.7150E+04    4.2824E+20    5.4425E+19    3.5389E+18    2.0640E+18
    1.7250E+04    4.2904E+20    5.4406E+19    3.4806E+18    2.0242E+18
    1.7350E+04    4.2967E+20    5.4222E+19    3.2589E+18    1.8299E+18
    1.7450E+04    4.3064E+20    5.4388E+19    3.3813E+18    1.9588E+18
    1.7550E+04    4.3150E+20    5.4444E+19    3.3953E+18    1.9821E+18
    1.7650E+04    4.3231E+20    5.4459E+19    3.3684E+18    1.9684E+18
    1.7750E+04    4.3311E+20    5.4469E+19    3.3359E+18    1.9505E+18
    1.7850E+04    4.3391E+20    5.4478E+19    3.3019E+18    1.9308E+18
    1.7950E+04    4.3470E+20    5.4483E+19    3.2651E+18    1.9091E+18
    1.8050E+04    4.3547E+20    5.4476E+19    3.2159E+18    1.8761E+18
    1.8150E+04    4.3609E+20    5.4320E+19    3.0196E+18    1.7055E+18
    1.8250E+04    4.3698E+20    5.4447E+19    3.1015E+18    1.7942E+18
    1.8350E+04    4.3783E+20    5.4524E+19    3.1330E+18    1.8321E+18
    1.8450E+04    4.3861E+20    5.4545E+19    3.1093E+18    1.8205E+18
    1.8550E+04    4.3938E+20    5.4556E+19    3.0766E+18    1.8011E+18
    1.8650E+04    4.4013E+20    5.4549E+19    3.0259E+18    1.7655E+18
    1.8750E+04    4.4080E+20    5.4408E+19    2.8381E+18    1.6026E+18
    1.8850E+04    4.4165E+20    5.4575E+19    2.9627E+18    1.7272E+18
    1.8950E+04    4.4243E+20    5.4620E+19    2.9614E+18    1.7353E+18
    1.9050E+04    4.4319E+20    5.4642E+19    2.9379E+18    1.7229E+18
    1.9150E+04    4.4394E+20    5.4661E+19    2.9106E+18    1.7072E+18
    1.9250E+04    4.4468E+20    5.4673E+19    2.8782E+18    1.6876E+18
    1.9350E+04    4.4540E+20    5.4665E+19    2.8248E+18    1.6490E+18
    1.9450E+04    4.4614E+20    5.4517E+19    2.5433E+18    1.4985E+18
    1.9550E+04    4.4674E+20    5.4468E+19    2.7359E+18    1.6196E+18
    1.9650E+04    4.4764E+20    5.4754E+19    2.7747E+18    1.6287E+18
    1.9750E+04    4.4838E+20    5.4781E+19    2.7548E+18    1.6184E+18
    1.9850E+04    4.4910E+20    5.4803E+19    2.7302E+18    1.6045E+18
    1.9950E+04    4.4983E+20    5.4825E+19    2.7057E+18    1.5904E+18
    2.0050E+04    4.5055E+20    5.4847E+19    2.6814E+18    1.5765E+18
    2.0150E+04    4.5126E+20    5.4870E+19    2.6574E+18    1.5627E+18
    2.0250E+04    4.5198E+20    5.4893E+19    2.6339E+18    1.5492E+18
    2.0350E+04    4.5269E+20    5.4917E+19    2.6105E+18    1.5358E+18
    2.0450E+04    4.5339E+20    5.4941E+19    2.5875E+18    1.5226E+18
    2.0550E+04    4.5410E+20    5.4965E+19    2.5646E+18    1.5094E+18
    2.0650E+04    4.5480E+20    5.4990E+19    2.5425E+18    1.4966E+18
    2.0750E+04    4.5550E+20    5.5015E+19    2.5204E+18    1.4839E+18
    2.0850E+04    4.5619E+20    5.5040E+19    2.4986E+18    1.4713E+18
    2.0950E+04    4.5688E+20    5.5066E+19    2.4771E+18    1.4589E+18
    2.1050E+04    4.5757E+20    5.5092E+19    2.4558E+18    1.4467E+18
    2.1150E+04    4.5825E+20    5.5118E+19    2.4346E+18    1.4345E+18
    2.1250E+04    4.5894E+20    5.5145E+19    2.4141E+18    1.4226E+18
    2.1350E+04    4.5961E+20    5.5171E+19    2.3930E+18    1.4102E+18
    2.1450E+04    4.6028E+20    5.5193E+19    2.3681E+18    1.3949E+18
    2.1550E+04    4.6094E+20    5.5202E+19    2.3300E+18    1.3674E+18
    2.1650E+04    4.6149E+20    5.5113E+19    2.1952E+18    1.2498E+18
    2.1750E+04    4.6226E+20    5.5246E+19    2.2793E+18    1.3344E+18
    2.1850E+04    4.6295E+20    5.5304E+19    2.2889E+18    1.3487E+18
    2.1950E+04    4.6362E+20    5.5338E+19    2.2755E+18    1.3423E+18
    2.2050E+04    4.6428E+20    5.5368E+19    2.2576E+18    1.3322E+18
    2.2150E+04    4.6493E+20    5.5397E+19    2.2392E+18    1.3215E+18
    2.2250E+04    4.6558E+20    5.5426E+19    2.2209E+18    1.3110E+18
    2.2350E+04    4.6623E+20    5.5456E+19    2.2029E+18    1.3005E+18
    2.2450E+04    4.6688E+20    5.5485E+19    2.1851E+18    1.2902E+18
    2.2550E+04    4.6752E+20    5.5515E+19    2.1675E+18    1.2801E+18
    2.2650E+04    4.6816E+20    5.5545E+19    2.1502E+18    1.2700E+18
    2.2750E+04    4.6880E+20    5.5575E+19    2.1330E+18    1.2600E+18
    2.2850E+04    4.2710E+20    5.1018E+19    2.1207E+18    1.2510E+18
    2.2950E+04    4.2767E+20    5.1043E+19    2.1041E+18    1.2414E+18
    2.3050E+04    4.2824E+20    5.1067E+19    2.0876E+18    1.2319E+18
    2.3150E+04    4.2881E+20    5.1092E+19    2.0713E+18    1.2226E+18
    2.3250E+04    4.2938E+20    5.1116E+19    2.0552E+18    1.2133E+18
    2.3350E+04    4.2994E+20    5.1142E+19    2.0393E+18    1.2041E+18
    2.3450E+04    4.3050E+20    5.1167E+19    2.0235E+18    1.1950E+18
    2.3550E+04    4.3106E+20    5.1192E+19    2.0079E+18    1.1859E+18
    2.3650E+04    4.3162E+20    5.1217E+19    1.9923E+18    1.1768E+18
    2.3750E+04    4.3217E+20    5.1243E+19    1.9767E+18    1.1676E+18
    2.3850E+04    4.3273E+20    5.1268E+19    1.9612E+18    1.1584E+18
    2.3950E+04    4.3328E+20    5.1294E+19    1.9457E+18    1.1492E+18
    2.4050E+04    4.3382E+20    5.1319E+19    1.9303E+18    1.1399E+18
    2.4150E+04    4.3437E+20    5.1345E+19    1.9149E+18    1.1305E+18
    2.4250E+04    4.3491E+20    5.1370E+19    1.8992E+18    1.1208E+18
    2.4350E+04    4.3545E+20    5.1397E+19    1.8849E+18    1.1126E+18
    2.4450E+04    4.3599E+20    5.1422E+19    1.8691E+18    1.1026E+18
    2.4550E+04    4.3653E+20    5.1449E+19    1.8558E+18    1.0955E+18
    2.4650E+04    4.3706E+20    5.1474E+19    1.8396E+18    1.0850E+18
    2.4750E+04    4.3759E+20    5.1502E+19    1.8267E+18    1.0779E+18
    2.4850E+04    4.3813E+20    5.1531E+19    1.8153E+18    1.0728E+18
    2.4950E+04    4.3865E+20    5.1551E+19    1.7947E+18    1.0564E+18
    2.5050E+04    4.3920E+20    5.1598E+19    1.8018E+18    1.0701E+18
    2.5150E+04    4.3971E+20    5.1618E+19    1.7805E+18    1.0543E+18
    2.5250E+04    4.4022E+20    5.1629E+19    1.7504E+18    1.0284E+18
    2.5350E+04    4.4075E+20    5.1668E+19    1.7497E+18    1.0345E+18
    2.5450E+04    4.4127E+20    5.1702E+19    1.7438E+18    1.0342E+18
    2.5550E+04    4.4178E+20    5.1722E+19    1.7228E+18    1.0184E+18
    2.5650E+04    4.4228E+20    5.1733E+19    1.6920E+18    9.9138E+17
    2.5750E+04    4.4281E+20    5.1782E+19    1.7013E+18    1.0072E+18
    2.5850E+04    4.4333E+20    5.1817E+19    1.6967E+18    1.0075E+18
    2.5950E+04    4.4384E+20    5.1843E+19    1.6822E+18    9.9830E+17
    2.6050E+04    4.4433E+20    5.1854E+19    1.6532E+18    9.7465E+17
    2.6150E+04    4.4480E+20    5.1857E+19    1.6159E+18    9.4273E+17
    2.6250E+04    4.4529E+20    5.1848E+19    1.5588E+18    8.9651E+17
    2.6350E+04    4.4583E+20    5.1936E+19    1.6154E+18    9.5307E+17
    2.6450E+04    4.4635E+20    5.1986E+19    1.6246E+18    9.6483E+17
    2.6550E+04    4.4685E+20    5.2016E+19    1.6145E+18    9.5929E+17
    2.6650E+04    4.4733E+20    5.2033E+19    1.5920E+18    9.4195E+17
    2.6750E+04    4.4779E+20    5.2030E+19    1.5477E+18    9.0125E+17
    2.6850E+04    4.4832E+20    5.2092E+19    1.5704E+18    9.2935E+17
    2.6950E+04    4.4882E+20    5.2134E+19    1.5727E+18    9.3535E+17
    2.7050E+04    4.4931E+20    5.2166E+19    1.5653E+18    9.3224E+17
    2.7150E+04    4.4979E+20    5.2197E+19    1.5559E+18    9.2670E+17
    2.7250E+04    4.5028E+20    5.2225E+19    1.5447E+18    9.2016E+17
    2.7350E+04    4.5076E+20    5.2251E+19    1.5317E+18    9.1172E+17
    2.7450E+04    4.5123E+20    5.2272E+19    1.5130E+18    8.9804E+17
    2.7550E+04    4.5167E+20    5.2262E+19    1.4629E+18    8.5253E+17
    2.7650E+04    4.5216E+20    5.2311E+19    1.4737E+18    8.6765E+17
    2.7750E+04    4.5266E+20    5.2365E+19    1.4876E+18    8.8466E+17
    2.7850E+04    4.5314E+20    5.2399E+19    1.4828E+18    8.8350E+17
    2.7950E+04    4.5362E+20    5.2431E+19    1.4751E+18    8.7922E+17
    2.8050E+04    4.5408E+20    5.2461E+19    1.4656E+18    8.7376E+17
    2.8150E+04    4.5455E+20    5.2490E+19    1.4560E+18    8.6807E+17
    2.8250E+04    4.5502E+20    5.2520E+19    1.4464E+18    8.6243E+17
    2.8350E+04    4.5548E+20    5.2549E+19    1.4367E+18    8.5657E+17
    2.8450E+04    4.5594E+20    5.2576E+19    1.4254E+18    8.4964E+17
    2.8550E+04    4.5640E+20    5.2601E+19    1.4116E+18    8.4014E+17
    2.8650E+04    4.5684E+20    5.2610E+19    1.3826E+18    8.1631E+17
    2.8750E+04    4.5726E+20    5.2608E+19    1.3411E+18    7.7899E+17
    2.8850E+04    4.5776E+20    5.2682E+19    1.3771E+18    8.1752E+17
    2.8950E+04    4.5823E+20    5.2722E+19    1.3783E+18    8.2126E+17
    2.9050E+04    4.5869E+20    5.2755E+19    1.3725E+18    8.1862E+17
    2.9150E+04    4.5914E+20    5.2786E+19    1.3646E+18    8.1410E+17
    2.9250E+04    4.5959E+20    5.2815E+19    1.3559E+18    8.0898E+17
    2.9350E+04    4.6003E+20    5.2845E+19    1.3474E+18    8.0392E+17
    2.9450E+04    4.6048E+20    5.2875E+19    1.3389E+18    7.9889E+17
    2.9550E+04    4.6093E+20    5.2904E+19    1.3304E+18    7.9391E+17
    2.9650E+04    4.6137E+20    5.2934E+19    1.3221E+18    7.8898E+17
    2.9750E+04    4.6181E+20    5.2964E+19    1.3139E+18    7.8410E+17
    2.9850E+04    4.6225E+20    5.2994E+19    1.3057E+18    7.7926E+17
    2.9950E+04    4.6269E+20    5.3023E+19    1.2976E+18    7.7446E+17
    3.0050E+04    4.6312E+20    5.3052E+19    1.2889E+18    7.6918E+17
    3.0150E+04    4.6356E+20    5.3079E+19    1.2784E+18    7.6246E+17
    3.0250E+04    4.6398E+20    5.3102E+19    1.2637E+18    7.5170E+17
    3.0350E+04    4.6438E+20    5.3093E+19    1.2179E+18    7.1112E+17
    3.0450E+04    4.6482E+20    5.3135E+19    1.2223E+18    7.1829E+17
    3.0550E+04    4.6528E+20    5.3193E+19    1.2428E+18    7.4002E+17
    3.0650E+04    4.6571E+20    5.3229E+19    1.2406E+18    7.4029E+17
    3.0750E+04    4.6614E+20    5.3261E+19    1.2352E+18    7.3743E+17
    3.0850E+04    4.6657E+20    5.3291E+19    1.2279E+18    7.3323E+17
    3.0950E+04    4.6699E+20    5.3320E+19    1.2206E+18    7.2886E+17
    3.1050E+04    4.6741E+20    5.3350E+19    1.2132E+18    7.2452E+17
    3.1150E+04    4.6783E+20    5.3380E+19    1.2060E+18    7.2023E+17
    3.1250E+04    4.6825E+20    5.3409E+19    1.1988E+18    7.1596E+17
    3.1350E+04    4.6867E+20    5.3439E+19    1.1917E+18    7.1174E+17
    3.1450E+04    4.6909E+20    5.3469E+19    1.1846E+18    7.0755E+17
    3.1550E+04    4.6950E+20    5.3499E+19    1.1776E+18    7.0340E+17
    3.1650E+04    4.6991E+20    5.3528E+19    1.1707E+18    6.9929E+17
    3.1750E+04    4.7033E+20    5.3558E+19    1.1638E+18    6.9521E+17
    3.1850E+04    4.7074E+20    5.3587E+19    1.1570E+18    6.9117E+17
    3.1950E+04    4.7115E+20    5.3617E+19    1.1502E+18    6.8716E+17
    3.2100E+04    4.7176E+20    5.3661E+19    1.1402E+18    6.8122E+17
    3.2300E+04    4.7257E+20    5.3720E+19    1.1271E+18    6.7341E+17
    3.2500E+04    4.7337E+20    5.3779E+19    1.1141E+18    6.6572E+17
    3.2700E+04    4.7417E+20    5.3835E+19    1.0986E+18    6.5587E+17
    3.2900E+04    4.5044E+20    5.1204E+19    1.0551E+18    6.1934E+17
    3.3100E+04    4.5122E+20    5.1281E+19    1.0634E+18    6.3121E+17
    3.3300E+04    4.5198E+20    5.1348E+19    1.0628E+18    6.3428E+17
    3.3500E+04    4.5273E+20    5.1404E+19    1.0520E+18    6.2811E+17
    3.3700E+04    4.5347E+20    5.1459E+19    1.0407E+18    6.2143E+17
    3.3900E+04    4.5421E+20    5.1515E+19    1.0293E+18    6.1473E+17
    3.4100E+04    4.5495E+20    5.1570E+19    1.0181E+18    6.0812E+17
    3.4300E+04    4.5568E+20    5.1625E+19    1.0071E+18    6.0159E+17
    3.4500E+04    4.5640E+20    5.1679E+19    9.9624E+17    5.9514E+17
    3.4700E+04    4.5712E+20    5.1734E+19    9.8551E+17    5.8876E+17
    3.4900E+04    4.5784E+20    5.1789E+19    9.7498E+17    5.8252E+17
    3.5100E+04    4.5855E+20    5.1843E+19    9.6453E+17    5.7626E+17
    3.5300E+04    4.5926E+20    5.1898E+19    9.5426E+17    5.7013E+17
    3.5500E+04    4.5996E+20    5.1952E+19    9.4418E+17    5.6411E+17
    3.5700E+04    4.6066E+20    5.2006E+19    9.3413E+17    5.5805E+17
    3.5900E+04    4.6136E+20    5.2061E+19    9.2428E+17    5.5218E+17
    3.6100E+04    4.6205E+20    5.2114E+19    9.1445E+17    5.4619E+17
    3.6300E+04    4.6274E+20    5.2168E+19    9.0515E+17    5.4079E+17
    3.6500E+04    4.6342E+20    5.2222E+19    8.9525E+17    5.3453E+17
    3.6700E+04    4.6410E+20    5.2276E+19    8.8696E+17    5.3016E+17
    3.6900E+04    4.6477E+20    5.2328E+19    8.7588E+17    5.2254E+17
    3.7100E+04    4.6545E+20    5.2382E+19    8.6773E+17    5.1838E+17
    3.7300E+04    4.6610E+20    5.2422E+19    8.4580E+17    5.0137E+17
    3.7500E+04    4.6676E+20    5.2471E+19    8.3228E+17    4.9139E+17
    3.7700E+04    4.6744E+20    5.2543E+19    8.4233E+17    5.0342E+17
    3.7900E+04    4.6810E+20    5.2597E+19    8.3569E+17    5.0000E+17
    3.8100E+04    4.6875E+20    5.2647E+19    8.2394E+17    4.9134E+17
    3.8300E+04    4.6940E+20    5.2700E+19    8.1642E+17    4.8710E+17
    3.8500E+04    4.7005E+20    5.2757E+19    8.1216E+17    4.8624E+17
    3.8700E+04    4.7069E+20    5.2810E+19    8.0460E+17    4.8188E+17
    3.8900E+04    4.7133E+20    5.2860E+19    7.9428E+17    4.7463E+17
    3.9100E+04    4.7196E+20    5.2907E+19    7.8170E+17    4.6484E+17
    3.9300E+04    4.7259E+20    5.2966E+19    7.8048E+17    4.6690E+17
    3.9500E+04    4.7323E+20    5.3020E+19    7.7524E+17    4.6445E+17
    3.9700E+04    4.7385E+20    5.3072E+19    7.6810E+17    4.6021E+17
    3.9900E+04    4.7447E+20    5.3124E+19    7.6087E+17    4.5587E+17
    4.0100E+04    4.7508E+20    5.3168E+19    7.4637E+17    4.4451E+17
    4.0300E+04    4.7570E+20    5.3218E+19    7.3734E+17    4.3844E+17
    4.0500E+04    4.7630E+20    5.3257E+19    7.1854E+17    4.2415E+17
    4.0700E+04    4.7692E+20    5.3326E+19    7.2923E+17    4.3592E+17
    4.0900E+04    4.7753E+20    5.3380E+19    7.2571E+17    4.3470E+17
    4.1100E+04    4.7814E+20    5.3432E+19    7.1950E+17    4.3105E+17
    4.1300E+04    4.7874E+20    5.3482E+19    7.1231E+17    4.2666E+17
    4.1500E+04    4.7933E+20    5.3530E+19    7.0320E+17    4.2032E+17
    4.1700E+04    4.7991E+20    5.3572E+19    6.8765E+17    4.0724E+17
    4.1900E+04    4.8051E+20    5.3631E+19    6.9027E+17    4.1244E+17
    4.2100E+04    4.8110E+20    5.3684E+19    6.8708E+17    4.1152E+17
    4.2300E+04    4.8169E+20    5.3735E+19    6.8147E+17    4.0821E+17
    4.2500E+04    4.8227E+20    5.3785E+19    6.7542E+17    4.0459E+17
    4.2700E+04    4.8285E+20    5.3835E+19    6.6948E+17    4.0101E+17
    4.2900E+04    4.8342E+20    5.3885E+19    6.6358E+17    3.9747E+17
    4.3100E+04    4.8400E+20    5.3934E+19    6.5778E+17    3.9398E+17
    4.3300E+04    4.8457E+20    5.3984E+19    6.5189E+17    3.9041E+17
    4.3500E+04    4.8513E+20    5.4031E+19    6.4442E+17    3.8545E+17
    4.3700E+04    4.8569E+20    5.4071E+19    6.2880E+17    3.7229E+17
    4.3900E+04    4.8626E+20    5.4125E+19    6.2912E+17    3.7478E+17
    4.4100E+04    4.8682E+20    5.4180E+19    6.2894E+17    3.7645E+17
    4.4300E+04    4.8738E+20    5.4230E+19    6.2455E+17    3.7399E+17
    4.4500E+04    4.8793E+20    5.4278E+19    6.1927E+17    3.7081E+17
    4.4700E+04    4.7307E+20    5.2654E+19    6.1510E+17    3.6869E+17
    4.4900E+04    4.7360E+20    5.2702E+19    6.0992E+17    3.6558E+17
    4.5100E+04    4.7414E+20    5.2749E+19    6.0482E+17    3.6250E+17
    4.5300E+04    4.7467E+20    5.2796E+19    5.9978E+17    3.5946E+17
    4.5500E+04    4.7520E+20    5.2842E+19    5.9480E+17    3.5646E+17
    4.5700E+04    4.7573E+20    5.2889E+19    5.8987E+17    3.5350E+17
    4.5900E+04    4.7625E+20    5.2936E+19    5.8501E+17    3.5055E+17
    4.6100E+04    4.7678E+20    5.2981E+19    5.7948E+17    3.4711E+17
    4.6300E+04    4.7729E+20    5.3025E+19    5.7252E+17    3.4229E+17
    4.6500E+04    4.7780E+20    5.3056E+19    5.5311E+17    3.2614E+17
    4.6700E+04    4.7832E+20    5.3105E+19    5.5056E+17    3.2467E+17
    4.6900E+04    4.7884E+20    5.3162E+19    5.5686E+17    3.3226E+17
    4.7100E+04    4.7936E+20    5.3211E+19    5.5607E+17    3.3291E+17
    4.7300E+04    4.7987E+20    5.3258E+19    5.5263E+17    3.3102E+17
    4.7500E+04    4.8037E+20    5.3304E+19    5.4829E+17    3.2841E+17
    4.7700E+04    4.8088E+20    5.3349E+19    5.4395E+17    3.2579E+17
    4.7900E+04    4.8138E+20    5.3394E+19    5.3966E+17    3.2320E+17
    4.8100E+04    4.8188E+20    5.3440E+19    5.3543E+17    3.2065E+17
    4.8300E+04    4.8238E+20    5.3485E+19    5.3123E+17    3.1812E+17
    4.8500E+04    4.8288E+20    5.3530E+19    5.2710E+17    3.1562E+17
    4.8700E+04    4.8337E+20    5.3574E+19    5.2301E+17    3.1315E+17
    4.8900E+04    4.8386E+20    5.3619E+19    5.1896E+17    3.1071E+17
    4.9100E+04    4.8435E+20    5.3664E+19    5.1498E+17    3.0830E+17
    4.9300E+04    4.8484E+20    5.3708E+19    5.1103E+17    3.0591E+17
    4.9500E+04    4.8532E+20    5.3752E+19    5.0712E+17    3.0356E+17
    4.9700E+04    4.8581E+20    5.3797E+19    5.0327E+17    3.0123E+17
    4.9900E+04    4.8629E+20    5.3841E+19    4.9946E+17    2.9893E+17
    5.0100E+04    4.8677E+20    5.3885E+19    4.9570E+17    2.9665E+17
    5.0300E+04    4.8725E+20    5.3929E+19    4.9197E+17    2.9440E+17
    5.0500E+04    4.8772E+20    5.3972E+19    4.8829E+17    2.9217E+17
    5.0700E+04    4.8820E+20    5.4016E+19    4.8465E+17    2.8997E+17
    5.0900E+04    4.8867E+20    5.4058E+19    4.8037E+17    2.8728E+17
    5.1100E+04    4.8913E+20    5.4099E+19    4.7396E+17    2.8257E+17
    5.1300E+04    4.8959E+20    5.4133E+19    4.6126E+17    2.7183E+17
    5.1500E+04    4.9007E+20    5.4186E+19    4.6784E+17    2.7912E+17
    5.1700E+04    4.9054E+20    5.4231E+19    4.6663E+17    2.7902E+17
    5.1900E+04    4.9100E+20    5.4275E+19    4.6368E+17    2.7728E+17
    5.2100E+04    4.9146E+20    5.4318E+19    4.6032E+17    2.7525E+17
    5.2300E+04    4.9192E+20    5.4360E+19    4.5700E+17    2.7324E+17
    5.2500E+04    4.9237E+20    5.4403E+19    4.5371E+17    2.7125E+17
    5.2700E+04    4.9283E+20    5.4445E+19    4.5046E+17    2.6928E+17
    5.2900E+04    4.9328E+20    5.4487E+19    4.4725E+17    2.6734E+17
    5.3100E+04    4.9373E+20    5.4530E+19    4.4406E+17    2.6541E+17
    5.3300E+04    4.9418E+20    5.4572E+19    4.4092E+17    2.6351E+17
    5.3500E+04    4.9463E+20    5.4614E+19    4.3781E+17    2.6162E+17
    5.3700E+04    4.9508E+20    5.4655E+19    4.3473E+17    2.5976E+17
    5.3900E+04    4.9552E+20    5.4697E+19    4.3168E+17    2.5791E+17
    5.4100E+04    4.9597E+20    5.4739E+19    4.2868E+17    2.5609E+17
    5.4300E+04    4.9641E+20    5.4780E+19    4.2570E+17    2.5428E+17
    5.4500E+04    4.9685E+20    5.4821E+19    4.2275E+17    2.5250E+17
    5.4700E+04    4.9728E+20    5.4863E+19    4.1983E+17    2.5073E+17
    5.4900E+04    4.9772E+20    5.4904E+19    4.1694E+17    2.4898E+17
    5.5100E+04    4.9816E+20    5.4945E+19    4.1409E+17    2.4725E+17
    5.5300E+04    4.9859E+20    5.4986E+19    4.1126E+17    2.4554E+17
    5.5500E+04    4.9902E+20    5.5027E+19    4.0847E+17    2.4385E+17
    5.5700E+04    4.9945E+20    5.5067E+19    4.0570E+17    2.4217E+17
    5.5900E+04    4.9988E+20    5.5108E+19    4.0296E+17    2.4051E+17
    5.6100E+04    5.0030E+20    5.5148E+19    4.0025E+17    2.3887E+17
    5.6300E+04    5.0073E+20    5.5189E+19    3.9757E+17    2.3724E+17
    5.6500E+04    5.0115E+20    5.5229E+19    3.9491E+17    2.3563E+17
    5.6700E+04    5.0157E+20    5.5269E+19    3.9229E+17    2.3404E+17
    5.6900E+04    5.0200E+20    5.5309E+19    3.8969E+17    2.3246E+17
    5.7100E+04    5.0241E+20    5.5349E+19    3.8712E+17    2.3090E+17
    5.7300E+04    5.0283E+20    5.5389E+19    3.8457E+17    2.2935E+17
    5.7500E+04    5.0325E+20    5.5429E+19    3.8204E+17    2.2782E+17
    5.7700E+04    5.0366E+20    5.5468E+19    3.7955E+17    2.2631E+17
    5.7900E+04    5.0407E+20    5.5508E+19    3.7708E+17    2.2481E+17
    5.8100E+04    5.0449E+20    5.5547E+19    3.7462E+17    2.2332E+17
    5.8300E+04    5.0490E+20    5.5587E+19    3.7220E+17    2.2185E+17
    5.8500E+04    4.9497E+20    5.4505E+19    3.7001E+17    2.2068E+17
    5.8700E+04    4.9538E+20    5.4543E+19    3.6700E+17    2.1876E+17
    5.8900E+04    4.9577E+20    5.4579E+19    3.6231E+17    2.1526E+17
    5.9100E+04    4.9617E+20    5.4610E+19    3.5315E+17    2.0759E+17
    5.9300E+04    4.9657E+20    5.4656E+19    3.5853E+17    2.1321E+17
    5.9500E+04    4.9697E+20    5.4696E+19    3.5794E+17    2.1331E+17
    5.9700E+04    4.9737E+20    5.4735E+19    3.5610E+17    2.1224E+17
    5.9900E+04    4.9776E+20    5.4773E+19    3.5386E+17    2.1089E+17
    6.0100E+04    4.9816E+20    5.4811E+19    3.5164E+17    2.0954E+17
    6.0300E+04    4.9855E+20    5.4849E+19    3.4944E+17    2.0820E+17
    6.0500E+04    4.9894E+20    5.4886E+19    3.4727E+17    2.0688E+17
    6.0700E+04    4.9933E+20    5.4924E+19    3.4511E+17    2.0557E+17
    6.0900E+04    4.9972E+20    5.4962E+19    3.4298E+17    2.0427E+17
    6.1100E+04    5.0011E+20    5.4999E+19    3.4085E+17    2.0298E+17
    6.1300E+04    5.0049E+20    5.5036E+19    3.3876E+17    2.0171E+17
    6.1500E+04    5.0088E+20    5.5074E+19    3.3668E+17    2.0045E+17
    6.1700E+04    5.0126E+20    5.5111E+19    3.3463E+17    1.9920E+17
    6.1900E+04    5.0164E+20    5.5148E+19    3.3259E+17    1.9796E+17
    6.2100E+04    5.0202E+20    5.5185E+19    3.3057E+17    1.9673E+17
    6.2300E+04    5.0240E+20    5.5222E+19    3.2857E+17    1.9552E+17
    6.2500E+04    5.0278E+20    5.5258E+19    3.2659E+17    1.9431E+17
    6.2700E+04    5.0315E+20    5.5295E+19    3.2463E+17    1.9312E+17
    6.2900E+04    5.0353E+20    5.5332E+19    3.2269E+17    1.9194E+17
    6.3100E+04    5.0390E+20    5.5368E+19    3.2076E+17    1.9077E+17
    6.3300E+04    5.0428E+20    5.5405E+19    3.1885E+17    1.8961E+17
    6.3500E+04    5.0465E+20    5.5441E+19    3.1696E+17    1.8845E+17
    6.3700E+04    5.0502E+20    5.5477E+19    3.1509E+17    1.8732E+17
    6.3900E+04    5.0539E+20    5.5513E+19    3.1323E+17    1.8619E+17
    6.4200E+04    5.0594E+20    5.5567E+19    3.1048E+17    1.8451E+17
    6.4600E+04    5.0668E+20    5.5639E+19    3.0687E+17    1.8231E+17
    6.5000E+04    5.0740E+20    5.5711E+19    3.0332E+17    1.8015E+17
    6.5400E+04    5.0813E+20    5.5782E+19    2.9983E+17    1.7803E+17
    6.5800E+04    5.0885E+20    5.5852E+19    2.9641E+17    1.7595E+17
    6.6200E+04    5.0956E+20    5.5923E+19    2.9305E+17    1.7390E+17
    6.6600E+04    5.1027E+20    5.5993E+19    2.8975E+17    1.7189E+17
    6.7000E+04    5.1098E+20    5.6062E+19    2.8650E+17    1.6991E+17
    6.7400E+04    5.1168E+20    5.6132E+19    2.8331E+17    1.6797E+17
    6.7800E+04    5.1238E+20    5.6201E+19    2.8017E+17    1.6606E+17
    6.8200E+04    5.1307E+20    5.6269E+19    2.7709E+17    1.6419E+17
    6.8600E+04    5.1376E+20    5.6338E+19    2.7406E+17    1.6234E+17
    6.9000E+04    5.1445E+20    5.6406E+19    2.7108E+17    1.6053E+17
    6.9400E+04    5.1513E+20    5.6474E+19    2.6816E+17    1.5874E+17
    6.9800E+04    5.1581E+20    5.6541E+19    2.6528E+17    1.5699E+17
    7.0200E+04    5.1648E+20    5.6608E+19    2.6245E+17    1.5526E+17
    7.0600E+04    5.1715E+20    5.6675E+19    2.5967E+17    1.5356E+17
    7.1000E+04    5.1782E+20    5.6741E+19    2.5693E+17    1.5189E+17
    7.1400E+04    5.1848E+20    5.6807E+19    2.5423E+17    1.5025E+17
    7.1800E+04    5.1914E+20    5.6873E+19    2.5158E+17    1.4864E+17
    7.2200E+04    5.1979E+20    5.6939E+19    2.4898E+17    1.4705E+17
    7.2600E+04    5.2045E+20    5.7004E+19    2.4641E+17    1.4548E+17
    7.3000E+04    5.2109E+20    5.7069E+19    2.4389E+17    1.4394E+17
    7.3400E+04    5.2174E+20    5.7134E+19    2.4141E+17    1.4243E+17
    7.3800E+04    5.2238E+20    5.7198E+19    2.3896E+17    1.4093E+17
    7.4200E+04    5.1576E+20    5.6474E+19    2.3598E+17    1.3909E+17
    7.4600E+04    5.1664E+20    5.6766E+19    2.5076E+17    1.3455E+17
    7.5000E+04    5.1702E+20    5.6597E+19    2.2776E+17    1.3313E+17
    7.5400E+04    5.1764E+20    5.6663E+19    2.2889E+17    1.3473E+17
    7.5800E+04    5.1826E+20    5.6726E+19    2.2722E+17    1.3383E+17
    7.6200E+04    5.1888E+20    5.6788E+19    2.2500E+17    1.3247E+17
    7.6600E+04    5.1950E+20    5.6850E+19    2.2281E+17    1.3114E+17
    7.7000E+04    5.2011E+20    5.6912E+19    2.2066E+17    1.2982E+17
    7.7400E+04    5.2072E+20    5.6974E+19    2.1854E+17    1.2853E+17
    7.7800E+04    5.2132E+20    5.7035E+19    2.1645E+17    1.2725E+17
    7.8200E+04    5.2192E+20    5.7096E+19    2.1439E+17    1.2599E+17
    7.8600E+04    5.2252E+20    5.7156E+19    2.1236E+17    1.2475E+17
    7.9000E+04    5.2312E+20    5.7217E+19    2.1036E+17    1.2353E+17
    7.9400E+04    5.2371E+20    5.7277E+19    2.0839E+17    1.2233E+17
    7.9800E+04    5.2430E+20    5.7337E+19    2.0645E+17    1.2114E+17
    8.0200E+04    5.2489E+20    5.7397E+19    2.0454E+17    1.1998E+17
    8.0600E+04    5.2548E+20    5.7456E+19    2.0265E+17    1.1883E+17
    8.1000E+04    5.2606E+20    5.7515E+19    2.0080E+17    1.1769E+17
    8.1400E+04    5.2664E+20    5.7574E+19    1.9897E+17    1.1657E+17
    8.1800E+04    5.2721E+20    5.7633E+19    1.9716E+17    1.1547E+17
    8.2200E+04    5.2779E+20    5.7691E+19    1.9539E+17    1.1438E+17
    8.2600E+04    5.2836E+20    5.7750E+19    1.9363E+17    1.1331E+17
    8.3000E+04    5.2893E+20    5.7807E+19    1.9191E+17    1.1225E+17
    8.3400E+04    5.2949E+20    5.7865E+19    1.9020E+17    1.1121E+17
    8.3800E+04    5.3006E+20    5.7923E+19    1.8852E+17    1.1018E+17
    8.4200E+04    5.3062E+20    5.7980E+19    1.8686E+17    1.0917E+17
    8.4600E+04    5.3117E+20    5.8037E+19    1.8523E+17    1.0817E+17
    8.5000E+04    5.3173E+20    5.8094E+19    1.8362E+17    1.0718E+17
    8.5400E+04    5.3228E+20    5.8150E+19    1.8203E+17    1.0621E+17
    8.5800E+04    5.3283E+20    5.8207E+19    1.8046E+17    1.0525E+17
    8.6200E+04    5.3338E+20    5.8263E+19    1.7892E+17    1.0430E+17
    8.6600E+04    5.3393E+20    5.8319E+19    1.7739E+17    1.0337E+17
    8.7000E+04    5.3447E+20    5.8375E+19    1.7589E+17    1.0245E+17
    8.7400E+04    5.3501E+20    5.8430E+19    1.7440E+17    1.0154E+17
    8.7800E+04    5.3555E+20    5.8485E+19    1.7294E+17    1.0064E+17
    8.8200E+04    5.3608E+20    5.8540E+19    1.7149E+17    9.9755E+16
    8.8600E+04    5.3662E+20    5.8595E+19    1.7007E+17    9.8881E+16
    8.9000E+04    5.3715E+20    5.8650E+19    1.6866E+17    9.8019E+16
    8.9400E+04    5.3768E+20    5.8704E+19    1.6727E+17    9.7169E+16
    8.9800E+04    5.3821E+20    5.8759E+19    1.6590E+17    9.6329E+16
    9.0200E+04    5.3873E+20    5.8813E+19    1.6455E+17    9.5499E+16
    9.0600E+04    5.3925E+20    5.8866E+19    1.6322E+17    9.4681E+16
    9.1000E+04    5.3977E+20    5.8920E+19    1.6190E+17    9.3873E+16
    9.1400E+04    5.3500E+20    5.8399E+19    1.6053E+17    9.3075E+16
    9.1800E+04    5.3552E+20    5.8453E+19    1.5926E+17    9.2288E+16
    9.2200E+04    5.3603E+20    5.8505E+19    1.5801E+17    9.1510E+16
    9.2600E+04    5.3654E+20    5.8558E+19    1.5677E+17    9.0742E+16
    9.3000E+04    5.3704E+20    5.8611E+19    1.5554E+17    8.9984E+16
    9.3400E+04    5.3755E+20    5.8663E+19    1.5432E+17    8.9235E+16
    9.3800E+04    5.3805E+20    5.8715E+19    1.5311E+17    8.8496E+16
    9.4200E+04    5.3856E+20    5.8767E+19    1.5192E+17    8.7766E+16
    9.4600E+04    5.3905E+20    5.8818E+19    1.5074E+17    8.7044E+16
    9.5000E+04    5.3955E+20    5.8870E+19    1.4957E+17    8.6332E+16
    9.5400E+04    5.4005E+20    5.8921E+19    1.4841E+17    8.5629E+16
    9.5800E+04    5.4054E+20    5.8972E+19    1.4726E+17    8.4933E+16
    9.6200E+04    5.4103E+20    5.9023E+19    1.4616E+17    8.4247E+16
    9.6600E+04    5.4152E+20    5.9074E+19    1.4507E+17    8.3568E+16
    9.7000E+04    5.4201E+20    5.9124E+19    1.4399E+17    8.2898E+16
    9.7400E+04    5.4250E+20    5.9175E+19    1.4292E+17    8.2236E+16
    9.7800E+04    5.4298E+20    5.9225E+19    1.4186E+17    8.1581E+16
    9.8200E+04    5.4346E+20    5.9275E+19    1.4081E+17    8.0935E+16
    9.8600E+04    5.4394E+20    5.9325E+19    1.3977E+17    8.0296E+16
    9.9000E+04    5.4442E+20    5.9375E+19    1.3873E+17    7.9665E+16
    9.9400E+04    5.4490E+20    5.9424E+19    1.3771E+17    7.9041E+16
    9.9800E+04    5.4537E+20    5.9474E+19    1.3670E+17    7.8424E+16
    1.0020E+05    5.4585E+20    5.9523E+19    1.3570E+17    7.7815E+16
    2.0000E+05    6.1839E+20    6.7194E+19    4.2437E+16    2.0006E+16
    4.0000E+05    7.0289E+20    7.6312E+19    1.9431E+16    5.0551E+15
    6.0000E+05    7.5740E+20    8.2218E+19    1.5786E+16    2.2555E+15
    8.0000E+05    7.9821E+20    8.6644E+19    1.4818E+16    1.2734E+15
    1.0000E+06    8.3082E+20    9.0182E+19    1.4579E+16    8.1902E+14
    1.2000E+06    8.5817E+20    9.3149E+19    1.4576E+16    5.7279E+14
    1.4000E+06    8.8166E+20    9.5698E+19    1.4756E+16    4.2483E+14
    1.6000E+06    9.0233E+20    9.7942E+19    1.4939E+16    3.2916E+14
