    9.1000E+01    0.0000E+00    0.0000E+00    0.0000E+00    0.0000E+00
    9.4000E+01    0.0000E+00    0.0000E+00    0.0000E+00    0.0000E+00
    9.6000E+01    0.0000E+00    0.0000E+00    0.0000E+00    0.0000E+00
    9.8000E+01    0.0000E+00    0.0000E+00    0.0000E+00    0.0000E+00
    1.0000E+02    0.0000E+00    0.0000E+00    0.0000E+00    0.0000E+00
    1.0200E+02    0.0000E+00    0.0000E+00    0.0000E+00    0.0000E+00
    1.0400E+02    0.0000E+00    0.0000E+00    0.0000E+00    0.0000E+00
    1.0600E+02    0.0000E+00    0.0000E+00    0.0000E+00    0.0000E+00
    1.0800E+02    0.0000E+00    0.0000E+00    0.0000E+00    0.0000E+00
    1.1000E+02    0.0000E+00    0.0000E+00    0.0000E+00    0.0000E+00
    1.1400E+02    0.0000E+00    0.0000E+00    0.0000E+00    0.0000E+00
    1.1800E+02    0.0000E+00    0.0000E+00    0.0000E+00    0.0000E+00
    1.2100E+02    0.0000E+00    0.0000E+00    0.0000E+00    0.0000E+00
    1.2500E+02    0.0000E+00    0.0000E+00    0.0000E+00    0.0000E+00
    1.2700E+02    0.0000E+00    0.0000E+00    0.0000E+00    0.0000E+00
    1.2800E+02    0.0000E+00    0.0000E+00    0.0000E+00    0.0000E+00
    1.3100E+02    0.0000E+00    0.0000E+00    0.0000E+00    0.0000E+00
    1.3200E+02    0.0000E+00    0.0000E+00    0.0000E+00    0.0000E+00
    1.3400E+02    0.0000E+00    0.0000E+00    0.0000E+00    0.0000E+00
    1.3700E+02    0.0000E+00    0.0000E+00    0.0000E+00    0.0000E+00
    1.4000E+02    0.0000E+00    0.0000E+00    0.0000E+00    0.0000E+00
    1.4300E+02    0.0000E+00    0.0000E+00    0.0000E+00    0.0000E+00
    1.4700E+02    0.0000E+00    0.0000E+00    0.0000E+00    0.0000E+00
    1.5100E+02    0.0000E+00    0.0000E+00    0.0000E+00    0.0000E+00
    1.5500E+02    0.0000E+00    0.0000E+00    0.0000E+00    0.0000E+00
    1.5900E+02    0.0000E+00    0.0000E+00    0.0000E+00    0.0000E+00
    1.6200E+02    0.0000E+00    0.0000E+00    0.0000E+00    0.0000E+00
    1.6600E+02    0.0000E+00    0.0000E+00    0.0000E+00    0.0000E+00
    1.7000E+02    0.0000E+00    0.0000E+00    0.0000E+00    0.0000E+00
    1.7300E+02    0.0000E+00    0.0000E+00    0.0000E+00    0.0000E+00
    1.7700E+02    0.0000E+00    0.0000E+00    0.0000E+00    0.0000E+00
    1.8000E+02    0.0000E+00    0.0000E+00    0.0000E+00    0.0000E+00
    1.8200E+02    0.0000E+00    0.0000E+00    0.0000E+00    0.0000E+00
    1.8600E+02    0.0000E+00    0.0000E+00    0.0000E+00    0.0000E+00
    1.9100E+02    0.0000E+00    0.0000E+00    0.0000E+00    0.0000E+00
    1.9400E+02    0.0000E+00    0.0000E+00    0.0000E+00    0.0000E+00
    1.9800E+02    0.0000E+00    0.0000E+00    0.0000E+00    0.0000E+00
    2.0200E+02    0.0000E+00    0.0000E+00    0.0000E+00    0.0000E+00
    2.0500E+02    0.0000E+00    0.0000E+00    0.0000E+00    0.0000E+00
    2.1000E+02    0.0000E+00    0.0000E+00    0.0000E+00    0.0000E+00
    2.1600E+02    0.0000E+00    0.0000E+00    0.0000E+00    0.0000E+00
    2.2000E+02    0.0000E+00    0.0000E+00    0.0000E+00    0.0000E+00
    2.2300E+02    0.0000E+00    0.0000E+00    0.0000E+00    0.0000E+00
    2.2700E+02    0.0000E+00    0.0000E+00    0.0000E+00    0.0000E+00
    2.3000E+02    0.0000E+00    0.0000E+00    0.0000E+00    0.0000E+00
    2.3400E+02    0.0000E+00    0.0000E+00    0.0000E+00    0.0000E+00
    2.4000E+02    0.0000E+00    0.0000E+00    0.0000E+00    0.0000E+00
    2.4600E+02    0.0000E+00    0.0000E+00    0.0000E+00    0.0000E+00
    2.5200E+02    0.0000E+00    0.0000E+00    0.0000E+00    0.0000E+00
    2.5700E+02    0.0000E+00    0.0000E+00    0.0000E+00    0.0000E+00
    2.6000E+02    0.0000E+00    0.0000E+00    0.0000E+00    0.0000E+00
    2.6400E+02    0.0000E+00    0.0000E+00    0.0000E+00    0.0000E+00
    2.6900E+02    0.0000E+00    0.0000E+00    0.0000E+00    0.0000E+00
    2.7400E+02    0.0000E+00    0.0000E+00    0.0000E+00    0.0000E+00
    2.7900E+02    0.0000E+00    0.0000E+00    0.0000E+00    0.0000E+00
    2.8400E+02    0.0000E+00    0.0000E+00    0.0000E+00    0.0000E+00
    2.9000E+02    0.0000E+00    0.0000E+00    0.0000E+00    0.0000E+00
    2.9600E+02    0.0000E+00    0.0000E+00    0.0000E+00    0.0000E+00
    3.0100E+02    0.0000E+00    0.0000E+00    0.0000E+00    0.0000E+00
    3.0800E+02    0.0000E+00    0.0000E+00    0.0000E+00    0.0000E+00
    3.1800E+02    0.0000E+00    0.0000E+00    0.0000E+00    0.0000E+00
    3.2800E+02    0.0000E+00    0.0000E+00    0.0000E+00    0.0000E+00
    3.3800E+02    0.0000E+00    0.0000E+00    0.0000E+00    0.0000E+00
    3.4800E+02    0.0000E+00    0.0000E+00    0.0000E+00    0.0000E+00
    3.5700E+02    0.0000E+00    0.0000E+00    0.0000E+00    0.0000E+00
    3.6600E+02    0.0000E+00    0.0000E+00    0.0000E+00    0.0000E+00
    3.7500E+02    0.0000E+00    0.0000E+00    0.0000E+00    0.0000E+00
    3.8500E+02    0.0000E+00    0.0000E+00    0.0000E+00    0.0000E+00
    3.9500E+02    0.0000E+00    0.0000E+00    0.0000E+00    0.0000E+00
    4.0500E+02    0.0000E+00    0.0000E+00    0.0000E+00    0.0000E+00
    4.1400E+02    0.0000E+00    0.0000E+00    0.0000E+00    0.0000E+00
    4.2200E+02    0.0000E+00    0.0000E+00    0.0000E+00    0.0000E+00
    4.3000E+02    0.0000E+00    0.0000E+00    0.0000E+00    0.0000E+00
    4.4100E+02    0.0000E+00    0.0000E+00    0.0000E+00    0.0000E+00
    4.5100E+02    0.0000E+00    0.0000E+00    0.0000E+00    0.0000E+00
    4.6000E+02    0.0000E+00    0.0000E+00    0.0000E+00    0.0000E+00
    4.7000E+02    0.0000E+00    0.0000E+00    0.0000E+00    0.0000E+00
    4.8000E+02    0.0000E+00    0.0000E+00    0.0000E+00    0.0000E+00
    4.9000E+02    0.0000E+00    0.0000E+00    0.0000E+00    0.0000E+00
    5.0000E+02    0.0000E+00    0.0000E+00    0.0000E+00    0.0000E+00
    5.0600E+02    0.0000E+00    0.0000E+00    0.0000E+00    0.0000E+00
    5.1200E+02    0.0000E+00    0.0000E+00    0.0000E+00    0.0000E+00
    5.2000E+02    0.0000E+00    0.0000E+00    0.0000E+00    0.0000E+00
    5.3000E+02    0.0000E+00    0.0000E+00    0.0000E+00    0.0000E+00
    5.4000E+02    0.0000E+00    0.0000E+00    0.0000E+00    0.0000E+00
    5.5000E+02    0.0000E+00    0.0000E+00    0.0000E+00    0.0000E+00
    5.6000E+02    0.0000E+00    0.0000E+00    0.0000E+00    0.0000E+00
    5.7000E+02    0.0000E+00    0.0000E+00    0.0000E+00    0.0000E+00
    5.8000E+02    0.0000E+00    0.0000E+00    0.0000E+00    0.0000E+00
    5.9000E+02    0.0000E+00    0.0000E+00    0.0000E+00    0.0000E+00
    6.0000E+02    0.0000E+00    0.0000E+00    0.0000E+00    0.0000E+00
    6.1000E+02    0.0000E+00    0.0000E+00    0.0000E+00    0.0000E+00
    6.2000E+02    0.0000E+00    0.0000E+00    0.0000E+00    0.0000E+00
    6.3000E+02    0.0000E+00    0.0000E+00    0.0000E+00    0.0000E+00
    6.4000E+02    0.0000E+00    0.0000E+00    0.0000E+00    0.0000E+00
    6.5000E+02    0.0000E+00    0.0000E+00    0.0000E+00    0.0000E+00
    6.5800E+02    0.0000E+00    0.0000E+00    0.0000E+00    0.0000E+00
    6.6500E+02    0.0000E+00    0.0000E+00    0.0000E+00    0.0000E+00
    6.7500E+02    0.0000E+00    0.0000E+00    0.0000E+00    0.0000E+00
    6.8500E+02    0.0000E+00    0.0000E+00    0.0000E+00    0.0000E+00
    6.9500E+02    0.0000E+00    0.0000E+00    0.0000E+00    0.0000E+00
    7.0500E+02    0.0000E+00    0.0000E+00    0.0000E+00    0.0000E+00
    7.1600E+02    0.0000E+00    0.0000E+00    0.0000E+00    0.0000E+00
    7.2600E+02    0.0000E+00    0.0000E+00    0.0000E+00    0.0000E+00
    7.3500E+02    0.0000E+00    0.0000E+00    0.0000E+00    0.0000E+00
    7.4500E+02    0.0000E+00    0.0000E+00    0.0000E+00    0.0000E+00
    7.5500E+02    0.0000E+00    0.0000E+00    0.0000E+00    0.0000E+00
    7.6500E+02    0.0000E+00    0.0000E+00    0.0000E+00    0.0000E+00
    7.7500E+02    0.0000E+00    0.0000E+00    0.0000E+00    0.0000E+00
    7.8500E+02    0.0000E+00    0.0000E+00    0.0000E+00    0.0000E+00
    7.9500E+02    0.0000E+00    0.0000E+00    0.0000E+00    0.0000E+00
    8.0500E+02    0.0000E+00    0.0000E+00    0.0000E+00    0.0000E+00
    8.1500E+02    0.0000E+00    0.0000E+00    0.0000E+00    0.0000E+00
    8.2500E+02    0.0000E+00    0.0000E+00    0.0000E+00    0.0000E+00
    8.3500E+02    0.0000E+00    0.0000E+00    0.0000E+00    0.0000E+00
    8.4500E+02    0.0000E+00    0.0000E+00    0.0000E+00    0.0000E+00
    8.5500E+02    0.0000E+00    0.0000E+00    0.0000E+00    0.0000E+00
    8.6500E+02    0.0000E+00    0.0000E+00    0.0000E+00    0.0000E+00
    8.7500E+02    0.0000E+00    0.0000E+00    0.0000E+00    0.0000E+00
    8.8500E+02    0.0000E+00    0.0000E+00    0.0000E+00    0.0000E+00
    8.9500E+02    0.0000E+00    0.0000E+00    0.0000E+00    0.0000E+00
    9.0500E+02    0.0000E+00    0.0000E+00    0.0000E+00    0.0000E+00
    9.1500E+02    0.0000E+00    0.0000E+00    0.0000E+00    0.0000E+00
    9.2500E+02    0.0000E+00    0.0000E+00    0.0000E+00    0.0000E+00
    9.3500E+02    0.0000E+00    0.0000E+00    0.0000E+00    0.0000E+00
    9.4500E+02    0.0000E+00    0.0000E+00    0.0000E+00    0.0000E+00
    9.5500E+02    0.0000E+00    0.0000E+00    0.0000E+00    0.0000E+00
    9.6500E+02    0.0000E+00    0.0000E+00    0.0000E+00    0.0000E+00
    9.7500E+02    0.0000E+00    0.0000E+00    0.0000E+00    0.0000E+00
    9.8500E+02    0.0000E+00    0.0000E+00    0.0000E+00    0.0000E+00
    9.9500E+02    0.0000E+00    0.0000E+00    0.0000E+00    0.0000E+00
    1.0050E+03    0.0000E+00    0.0000E+00    0.0000E+00    0.0000E+00
    1.0150E+03    0.0000E+00    0.0000E+00    0.0000E+00    0.0000E+00
    1.0250E+03    0.0000E+00    0.0000E+00    0.0000E+00    0.0000E+00
    1.0350E+03    0.0000E+00    0.0000E+00    0.0000E+00    0.0000E+00
    1.0450E+03    0.0000E+00    0.0000E+00    0.0000E+00    0.0000E+00
    1.0550E+03    0.0000E+00    0.0000E+00    0.0000E+00    0.0000E+00
    1.0650E+03    0.0000E+00    0.0000E+00    0.0000E+00    0.0000E+00
    1.0750E+03    0.0000E+00    0.0000E+00    0.0000E+00    0.0000E+00
    1.0850E+03    0.0000E+00    0.0000E+00    0.0000E+00    0.0000E+00
    1.0950E+03    0.0000E+00    0.0000E+00    0.0000E+00    0.0000E+00
    1.1050E+03    0.0000E+00    0.0000E+00    0.0000E+00    0.0000E+00
    1.1150E+03    0.0000E+00    0.0000E+00    0.0000E+00    0.0000E+00
    1.1250E+03    0.0000E+00    0.0000E+00    0.0000E+00    0.0000E+00
    1.1350E+03    0.0000E+00    0.0000E+00    0.0000E+00    0.0000E+00
    1.1450E+03    0.0000E+00    0.0000E+00    0.0000E+00    0.0000E+00
    1.1550E+03    0.0000E+00    0.0000E+00    0.0000E+00    0.0000E+00
    1.1650E+03    0.0000E+00    0.0000E+00    0.0000E+00    0.0000E+00
    1.1750E+03    0.0000E+00    0.0000E+00    0.0000E+00    0.0000E+00
    1.1850E+03    0.0000E+00    0.0000E+00    0.0000E+00    0.0000E+00
    1.1950E+03    0.0000E+00    0.0000E+00    0.0000E+00    0.0000E+00
    1.2050E+03    0.0000E+00    0.0000E+00    0.0000E+00    0.0000E+00
    1.2150E+03    0.0000E+00    0.0000E+00    0.0000E+00    0.0000E+00
    1.2250E+03    4.7945E+29    1.4315E+28    1.2865E+24    1.5165E+21
    1.2350E+03    0.0000E+00    0.0000E+00    0.0000E+00    0.0000E+00
    1.2450E+03    0.0000E+00    0.0000E+00    0.0000E+00    0.0000E+00
    1.2550E+03    0.0000E+00    0.0000E+00    0.0000E+00    0.0000E+00
    1.2650E+03    8.5696E+25    4.6600E+24    7.1623E+20    9.4603E+17
    1.2750E+03    0.0000E+00    0.0000E+00    0.0000E+00    0.0000E+00
    1.2850E+03    0.0000E+00    0.0000E+00    0.0000E+00    0.0000E+00
    1.2950E+03    0.0000E+00    0.0000E+00    0.0000E+00    0.0000E+00
    1.3050E+03    0.0000E+00    0.0000E+00    0.0000E+00    0.0000E+00
    1.3150E+03    4.6587E+25    2.6482E+24    4.1818E+20    5.6754E+17
    1.3250E+03    0.0000E+00    0.0000E+00    0.0000E+00    0.0000E+00
    1.3350E+03    1.9966E+26    9.2720E+24    1.2304E+21    1.6285E+18
    1.3450E+03    0.0000E+00    0.0000E+00    0.0000E+00    0.0000E+00
    1.3550E+03    0.0000E+00    0.0000E+00    0.0000E+00    0.0000E+00
    1.3650E+03    0.0000E+00    0.0000E+00    0.0000E+00    0.0000E+00
    1.3750E+03    0.0000E+00    0.0000E+00    0.0000E+00    0.0000E+00
    1.3850E+03    0.0000E+00    0.0000E+00    0.0000E+00    0.0000E+00
    1.3950E+03    0.0000E+00    0.0000E+00    0.0000E+00    0.0000E+00
    1.4050E+03    1.8178E+27    5.4050E+25    5.3014E+21    6.5012E+18
    1.4150E+03    0.0000E+00    0.0000E+00    0.0000E+00    0.0000E+00
    1.4250E+03    0.0000E+00    0.0000E+00    0.0000E+00    0.0000E+00
    1.4350E+03    0.0000E+00    0.0000E+00    0.0000E+00    0.0000E+00
    1.4420E+03    0.0000E+00    0.0000E+00    0.0000E+00    0.0000E+00
    1.4470E+03    0.0000E+00    0.0000E+00    0.0000E+00    0.0000E+00
    1.4550E+03    0.0000E+00    0.0000E+00    0.0000E+00    0.0000E+00
    1.4650E+03    0.0000E+00    0.0000E+00    0.0000E+00    0.0000E+00
    1.4750E+03    0.0000E+00    0.0000E+00    0.0000E+00    0.0000E+00
    1.4850E+03    0.0000E+00    0.0000E+00    0.0000E+00    0.0000E+00
    1.4950E+03    1.2026E+27    2.7591E+25    2.4265E+21    2.8597E+18
    1.5050E+03    0.0000E+00    0.0000E+00    0.0000E+00    0.0000E+00
    1.5120E+03    0.0000E+00    0.0000E+00    0.0000E+00    0.0000E+00
    1.5170E+03    0.0000E+00    0.0000E+00    0.0000E+00    0.0000E+00
    1.5250E+03    0.0000E+00    0.0000E+00    0.0000E+00    0.0000E+00
    1.5350E+03    6.0886E+25    3.1372E+24    4.7891E+20    6.6943E+17
    1.5450E+03    0.0000E+00    0.0000E+00    0.0000E+00    0.0000E+00
    1.5550E+03    1.6002E+28    3.4888E+26    3.1337E+22    3.7323E+19
    1.5650E+03    0.0000E+00    0.0000E+00    0.0000E+00    0.0000E+00
    1.5750E+03    0.0000E+00    0.0000E+00    0.0000E+00    0.0000E+00
    1.5850E+03    0.0000E+00    0.0000E+00    0.0000E+00    0.0000E+00
    1.5950E+03    0.0000E+00    0.0000E+00    0.0000E+00    0.0000E+00
    1.6050E+03    0.0000E+00    0.0000E+00    0.0000E+00    0.0000E+00
    1.6150E+03    0.0000E+00    0.0000E+00    0.0000E+00    0.0000E+00
    1.6250E+03    0.0000E+00    0.0000E+00    0.0000E+00    0.0000E+00
    1.6350E+03    0.0000E+00    0.0000E+00    0.0000E+00    0.0000E+00
    1.6450E+03    2.7322E+26    5.7893E+24    5.1032E+20    6.0155E+17
    1.6550E+03    0.0000E+00    0.0000E+00    0.0000E+00    0.0000E+00
    1.6650E+03    3.2530E+27    8.9795E+25    7.9661E+21    9.3833E+18
    1.6720E+03    1.2413E+26    5.6195E+24    7.5308E+20    1.0230E+18
    1.6770E+03    0.0000E+00    0.0000E+00    0.0000E+00    0.0000E+00
    1.6850E+03    0.0000E+00    0.0000E+00    0.0000E+00    0.0000E+00
    1.6950E+03    0.0000E+00    0.0000E+00    0.0000E+00    0.0000E+00
    1.7050E+03    0.0000E+00    0.0000E+00    0.0000E+00    0.0000E+00
    1.7150E+03    0.0000E+00    0.0000E+00    0.0000E+00    0.0000E+00
    1.7250E+03    0.0000E+00    0.0000E+00    0.0000E+00    0.0000E+00
    1.7350E+03    0.0000E+00    0.0000E+00    0.0000E+00    0.0000E+00
    1.7450E+03    0.0000E+00    0.0000E+00    0.0000E+00    0.0000E+00
    1.7550E+03    8.6581E+26    2.8577E+25    2.5517E+21    3.0072E+18
    1.7650E+03    0.0000E+00    0.0000E+00    0.0000E+00    0.0000E+00
    1.7750E+03    0.0000E+00    0.0000E+00    0.0000E+00    0.0000E+00
    1.7850E+03    0.0000E+00    0.0000E+00    0.0000E+00    0.0000E+00
    1.7950E+03    4.7292E+25    2.4710E+24    3.9362E+20    5.6494E+17
    1.8050E+03    0.0000E+00    0.0000E+00    0.0000E+00    0.0000E+00
    1.8150E+03    1.6521E+26    5.0826E+24    4.7431E+20    5.7167E+17
    1.8250E+03    0.0000E+00    0.0000E+00    0.0000E+00    0.0000E+00
    1.8350E+03    0.0000E+00    0.0000E+00    0.0000E+00    0.0000E+00
    1.8450E+03    0.0000E+00    0.0000E+00    0.0000E+00    0.0000E+00
    1.8550E+03    0.0000E+00    0.0000E+00    0.0000E+00    0.0000E+00
    1.8650E+03    1.8494E+26    7.8069E+24    9.8592E+20    1.3355E+18
    1.8750E+03    0.0000E+00    0.0000E+00    0.0000E+00    0.0000E+00
    1.8850E+03    0.0000E+00    0.0000E+00    0.0000E+00    0.0000E+00
    1.8950E+03    4.8253E+27    1.6208E+26    1.4531E+22    1.7129E+19
    1.9050E+03    0.0000E+00    0.0000E+00    0.0000E+00    0.0000E+00
    1.9150E+03    1.2982E+28    4.1159E+26    3.6677E+22    4.3226E+19
    1.9250E+03    0.0000E+00    0.0000E+00    0.0000E+00    0.0000E+00
    1.9350E+03    0.0000E+00    0.0000E+00    0.0000E+00    0.0000E+00
    1.9450E+03    0.0000E+00    0.0000E+00    0.0000E+00    0.0000E+00
    1.9550E+03    0.0000E+00    0.0000E+00    0.0000E+00    0.0000E+00
    1.9670E+03    0.0000E+00    0.0000E+00    0.0000E+00    0.0000E+00
    1.9760E+03    0.0000E+00    0.0000E+00    0.0000E+00    0.0000E+00
    1.9840E+03    0.0000E+00    0.0000E+00    0.0000E+00    0.0000E+00
    1.9950E+03    0.0000E+00    0.0000E+00    0.0000E+00    0.0000E+00
    2.0050E+03    0.0000E+00    0.0000E+00    0.0000E+00    0.0000E+00
    2.0150E+03    0.0000E+00    0.0000E+00    0.0000E+00    0.0000E+00
    2.0250E+03    0.0000E+00    0.0000E+00    0.0000E+00    0.0000E+00
    2.0350E+03    0.0000E+00    0.0000E+00    0.0000E+00    0.0000E+00
    2.0450E+03    0.0000E+00    0.0000E+00    0.0000E+00    0.0000E+00
    2.0550E+03    0.0000E+00    0.0000E+00    0.0000E+00    0.0000E+00
    2.0650E+03    0.0000E+00    0.0000E+00    0.0000E+00    0.0000E+00
    2.0740E+03    0.0000E+00    0.0000E+00    0.0000E+00    0.0000E+00
    2.0780E+03    0.0000E+00    0.0000E+00    0.0000E+00    0.0000E+00
    2.0850E+03    0.0000E+00    0.0000E+00    0.0000E+00    0.0000E+00
    2.0950E+03    0.0000E+00    0.0000E+00    0.0000E+00    0.0000E+00
    2.1050E+03    0.0000E+00    0.0000E+00    0.0000E+00    0.0000E+00
    2.1150E+03    0.0000E+00    0.0000E+00    0.0000E+00    0.0000E+00
    2.1250E+03    0.0000E+00    0.0000E+00    0.0000E+00    0.0000E+00
    2.1350E+03    0.0000E+00    0.0000E+00    0.0000E+00    0.0000E+00
    2.1450E+03    4.9612E+25    1.6981E+24    1.5289E+20    1.8022E+17
    2.1550E+03    0.0000E+00    0.0000E+00    0.0000E+00    0.0000E+00
    2.1650E+03    0.0000E+00    0.0000E+00    0.0000E+00    0.0000E+00
    2.1750E+03    0.0000E+00    0.0000E+00    0.0000E+00    0.0000E+00
    2.1850E+03    0.0000E+00    0.0000E+00    0.0000E+00    0.0000E+00
    2.1950E+03    0.0000E+00    0.0000E+00    0.0000E+00    0.0000E+00
    2.2050E+03    0.0000E+00    0.0000E+00    0.0000E+00    0.0000E+00
    2.2150E+03    0.0000E+00    0.0000E+00    0.0000E+00    0.0000E+00
    2.2250E+03    0.0000E+00    0.0000E+00    0.0000E+00    0.0000E+00
    2.2350E+03    0.0000E+00    0.0000E+00    0.0000E+00    0.0000E+00
    2.2450E+03    0.0000E+00    0.0000E+00    0.0000E+00    0.0000E+00
    2.2550E+03    0.0000E+00    0.0000E+00    0.0000E+00    0.0000E+00
    2.2650E+03    0.0000E+00    0.0000E+00    0.0000E+00    0.0000E+00
    2.2750E+03    0.0000E+00    0.0000E+00    0.0000E+00    0.0000E+00
    2.2850E+03    0.0000E+00    0.0000E+00    0.0000E+00    0.0000E+00
    2.2950E+03    0.0000E+00    0.0000E+00    0.0000E+00    0.0000E+00
    2.3050E+03    0.0000E+00    0.0000E+00    0.0000E+00    0.0000E+00
    2.3150E+03    0.0000E+00    0.0000E+00    0.0000E+00    0.0000E+00
    2.3250E+03    0.0000E+00    0.0000E+00    0.0000E+00    0.0000E+00
    2.3350E+03    7.8536E+26    2.7425E+25    2.4737E+21    2.9158E+18
    2.3450E+03    0.0000E+00    0.0000E+00    0.0000E+00    0.0000E+00
    2.3550E+03    0.0000E+00    0.0000E+00    0.0000E+00    0.0000E+00
    2.3650E+03    0.0000E+00    0.0000E+00    0.0000E+00    0.0000E+00
    2.3750E+03    0.0000E+00    0.0000E+00    0.0000E+00    0.0000E+00
    2.3850E+03    0.0000E+00    0.0000E+00    0.0000E+00    0.0000E+00
    2.3950E+03    0.0000E+00    0.0000E+00    0.0000E+00    0.0000E+00
    2.4050E+03    5.9097E+26    1.7942E+25    1.7352E+21    2.1371E+18
    2.4150E+03    0.0000E+00    0.0000E+00    0.0000E+00    0.0000E+00
    2.4250E+03    0.0000E+00    0.0000E+00    0.0000E+00    0.0000E+00
    2.4350E+03    0.0000E+00    0.0000E+00    0.0000E+00    0.0000E+00
    2.4450E+03    0.0000E+00    0.0000E+00    0.0000E+00    0.0000E+00
    2.4550E+03    0.0000E+00    0.0000E+00    0.0000E+00    0.0000E+00
    2.4650E+03    0.0000E+00    0.0000E+00    0.0000E+00    0.0000E+00
    2.4750E+03    1.1371E+26    4.0214E+24    3.6197E+20    4.2658E+17
    2.4850E+03    0.0000E+00    0.0000E+00    0.0000E+00    0.0000E+00
    2.4950E+03    0.0000E+00    0.0000E+00    0.0000E+00    0.0000E+00
    2.5050E+03    0.0000E+00    0.0000E+00    0.0000E+00    0.0000E+00
    2.5130E+03    0.0000E+00    0.0000E+00    0.0000E+00    0.0000E+00
    2.5180E+03    0.0000E+00    0.0000E+00    0.0000E+00    0.0000E+00
    2.5250E+03    0.0000E+00    0.0000E+00    0.0000E+00    0.0000E+00
    2.5350E+03    0.0000E+00    0.0000E+00    0.0000E+00    0.0000E+00
    2.5450E+03    0.0000E+00    0.0000E+00    0.0000E+00    0.0000E+00
    2.5550E+03    0.0000E+00    0.0000E+00    0.0000E+00    0.0000E+00
    2.5650E+03    0.0000E+00    0.0000E+00    0.0000E+00    0.0000E+00
    2.5750E+03    5.3328E+26    1.5369E+25    1.3671E+21    1.6115E+18
    2.5850E+03    0.0000E+00    0.0000E+00    0.0000E+00    0.0000E+00
    2.5950E+03    0.0000E+00    0.0000E+00    0.0000E+00    0.0000E+00
    2.6050E+03    0.0000E+00    0.0000E+00    0.0000E+00    0.0000E+00
    2.6150E+03    0.0000E+00    0.0000E+00    0.0000E+00    0.0000E+00
    2.6250E+03    0.0000E+00    0.0000E+00    0.0000E+00    0.0000E+00
    2.6350E+03    0.0000E+00    0.0000E+00    0.0000E+00    0.0000E+00
    2.6450E+03    0.0000E+00    0.0000E+00    0.0000E+00    0.0000E+00
    2.6550E+03    0.0000E+00    0.0000E+00    0.0000E+00    0.0000E+00
    2.6650E+03    4.3793E+26    1.4953E+25    1.3462E+21    1.5858E+18
    2.6750E+03    0.0000E+00    0.0000E+00    0.0000E+00    0.0000E+00
    2.6850E+03    0.0000E+00    0.0000E+00    0.0000E+00    0.0000E+00
    2.6950E+03    0.0000E+00    0.0000E+00    0.0000E+00    0.0000E+00
    2.7050E+03    0.0000E+00    0.0000E+00    0.0000E+00    0.0000E+00
    2.7150E+03    0.0000E+00    0.0000E+00    0.0000E+00    0.0000E+00
    2.7250E+03    0.0000E+00    0.0000E+00    0.0000E+00    0.0000E+00
    2.7350E+03    0.0000E+00    0.0000E+00    0.0000E+00    0.0000E+00
    2.7450E+03    0.0000E+00    0.0000E+00    0.0000E+00    0.0000E+00
    2.7550E+03    0.0000E+00    0.0000E+00    0.0000E+00    0.0000E+00
    2.7650E+03    0.0000E+00    0.0000E+00    0.0000E+00    0.0000E+00
    2.7750E+03    0.0000E+00    0.0000E+00    0.0000E+00    0.0000E+00
    2.7850E+03    0.0000E+00    0.0000E+00    0.0000E+00    0.0000E+00
    2.7950E+03    0.0000E+00    0.0000E+00    0.0000E+00    0.0000E+00
    2.8050E+03    3.4548E+27    1.0713E+26    1.0000E+22    1.2129E+19
    2.8150E+03    0.0000E+00    0.0000E+00    0.0000E+00    0.0000E+00
    2.8250E+03    0.0000E+00    0.0000E+00    0.0000E+00    0.0000E+00
    2.8350E+03    1.5557E+27    4.6096E+25    4.1160E+21    4.8577E+18
    2.8450E+03    3.8829E+27    1.1223E+26    9.9847E+21    1.1767E+19
    2.8550E+03    5.5704E+25    2.0967E+24    2.5848E+20    3.6694E+17
    2.8650E+03    0.0000E+00    0.0000E+00    0.0000E+00    0.0000E+00
    2.8750E+03    0.0000E+00    0.0000E+00    0.0000E+00    0.0000E+00
    2.8850E+03    0.0000E+00    0.0000E+00    0.0000E+00    0.0000E+00
    2.8950E+03    0.0000E+00    0.0000E+00    0.0000E+00    0.0000E+00
    2.9100E+03    0.0000E+00    0.0000E+00    0.0000E+00    0.0000E+00
    2.9300E+03    0.0000E+00    0.0000E+00    0.0000E+00    0.0000E+00
    2.9500E+03    8.3296E+26    2.6145E+25    2.3526E+21    2.7818E+18
    2.9700E+03    0.0000E+00    0.0000E+00    0.0000E+00    0.0000E+00
    2.9900E+03    0.0000E+00    0.0000E+00    0.0000E+00    0.0000E+00
    3.0100E+03    0.0000E+00    0.0000E+00    0.0000E+00    0.0000E+00
    3.0300E+03    0.0000E+00    0.0000E+00    0.0000E+00    0.0000E+00
    3.0500E+03    0.0000E+00    0.0000E+00    0.0000E+00    0.0000E+00
    3.0700E+03    0.0000E+00    0.0000E+00    0.0000E+00    0.0000E+00
    3.0900E+03    0.0000E+00    0.0000E+00    0.0000E+00    0.0000E+00
    3.1100E+03    1.7127E+27    4.9821E+25    4.4361E+21    5.2279E+18
    3.1300E+03    0.0000E+00    0.0000E+00    0.0000E+00    0.0000E+00
    3.1500E+03    0.0000E+00    0.0000E+00    0.0000E+00    0.0000E+00
    3.1700E+03    0.0000E+00    0.0000E+00    0.0000E+00    0.0000E+00
    3.1900E+03    1.8557E+27    5.8245E+25    5.2375E+21    6.1952E+18
    3.2100E+03    2.4098E+24    6.1005E+22    5.3876E+18    6.3494E+15
    3.2300E+03    0.0000E+00    0.0000E+00    0.0000E+00    0.0000E+00
    3.2500E+03    0.0000E+00    0.0000E+00    0.0000E+00    0.0000E+00
    3.2700E+03    0.0000E+00    0.0000E+00    0.0000E+00    0.0000E+00
    3.2900E+03    0.0000E+00    0.0000E+00    0.0000E+00    0.0000E+00
    3.3100E+03    0.0000E+00    0.0000E+00    0.0000E+00    0.0000E+00
    3.3300E+03    0.0000E+00    0.0000E+00    0.0000E+00    0.0000E+00
    3.3500E+03    0.0000E+00    0.0000E+00    0.0000E+00    0.0000E+00
    3.3700E+03    0.0000E+00    0.0000E+00    0.0000E+00    0.0000E+00
    3.3900E+03    0.0000E+00    0.0000E+00    0.0000E+00    0.0000E+00
    3.4100E+03    0.0000E+00    0.0000E+00    0.0000E+00    0.0000E+00
    3.4300E+03    0.0000E+00    0.0000E+00    0.0000E+00    0.0000E+00
    3.4500E+03    0.0000E+00    0.0000E+00    0.0000E+00    0.0000E+00
    3.4700E+03    0.0000E+00    0.0000E+00    0.0000E+00    0.0000E+00
    3.4900E+03    0.0000E+00    0.0000E+00    0.0000E+00    0.0000E+00
    3.5100E+03    0.0000E+00    0.0000E+00    0.0000E+00    0.0000E+00
    3.5300E+03    0.0000E+00    0.0000E+00    0.0000E+00    0.0000E+00
    3.5500E+03    0.0000E+00    0.0000E+00    0.0000E+00    0.0000E+00
    3.5700E+03    0.0000E+00    0.0000E+00    0.0000E+00    0.0000E+00
    3.5900E+03    0.0000E+00    0.0000E+00    0.0000E+00    0.0000E+00
    3.6100E+03    0.0000E+00    0.0000E+00    0.0000E+00    0.0000E+00
    3.6300E+03    0.0000E+00    0.0000E+00    0.0000E+00    0.0000E+00
    3.6400E+03    0.0000E+00    0.0000E+00    0.0000E+00    0.0000E+00
    3.6500E+03    0.0000E+00    0.0000E+00    0.0000E+00    0.0000E+00
    3.6700E+03    0.0000E+00    0.0000E+00    0.0000E+00    0.0000E+00
    3.6900E+03    1.4414E+27    4.5462E+25    4.0719E+21    4.7993E+18
    3.7100E+03    1.4284E+27    4.5054E+25    4.0344E+21    4.7555E+18
    3.7300E+03    8.5414E+27    2.9523E+26    2.6551E+22    3.1298E+19
    3.7500E+03    2.4277E+27    7.6550E+25    6.8554E+21    8.0810E+18
    3.7700E+03    0.0000E+00    0.0000E+00    0.0000E+00    0.0000E+00
    3.7900E+03    1.7853E+27    5.6294E+25    5.0408E+21    5.9420E+18
    3.8100E+03    2.5947E+27    8.3902E+25    7.5565E+21    8.9075E+18
    3.8300E+03    5.6987E+26    1.7970E+25    1.6087E+21    1.8979E+18
    3.8500E+03    3.5837E+27    1.1489E+26    1.0366E+22    1.2218E+19
    3.8700E+03    6.7631E+27    2.0008E+26    1.7836E+22    2.1025E+19
    3.8900E+03    1.0622E+28    3.3586E+26    3.0222E+22    3.5723E+19
    3.9100E+03    0.0000E+00    0.0000E+00    0.0000E+00    0.0000E+00
    3.9300E+03    0.0000E+00    0.0000E+00    0.0000E+00    0.0000E+00
    3.9500E+03    0.0000E+00    0.0000E+00    0.0000E+00    0.0000E+00
    3.9700E+03    1.0678E+28    3.3453E+26    3.0050E+22    3.5420E+19
    3.9900E+03    0.0000E+00    0.0000E+00    0.0000E+00    0.0000E+00
    4.0100E+03    0.0000E+00    0.0000E+00    0.0000E+00    0.0000E+00
    4.0300E+03    1.0884E+27    3.4323E+25    3.0757E+21    3.6255E+18
    4.0500E+03    0.0000E+00    0.0000E+00    0.0000E+00    0.0000E+00
    4.0700E+03    1.0700E+26    3.5197E+24    3.1701E+20    3.7369E+17
    4.0900E+03    1.7715E+26    5.8275E+24    5.2479E+20    6.1862E+17
    4.1100E+03    1.3528E+28    4.2897E+26    3.8682E+22    4.5598E+19
    4.1300E+03    0.0000E+00    0.0000E+00    0.0000E+00    0.0000E+00
    4.1500E+03    0.0000E+00    0.0000E+00    0.0000E+00    0.0000E+00
    4.1700E+03    0.0000E+00    0.0000E+00    0.0000E+00    0.0000E+00
    4.1900E+03    0.0000E+00    0.0000E+00    0.0000E+00    0.0000E+00
    4.2100E+03    0.0000E+00    0.0000E+00    0.0000E+00    0.0000E+00
    4.2300E+03    0.0000E+00    0.0000E+00    0.0000E+00    0.0000E+00
    4.2500E+03    0.0000E+00    0.0000E+00    0.0000E+00    0.0000E+00
    4.2700E+03    0.0000E+00    0.0000E+00    0.0000E+00    0.0000E+00
    4.2900E+03    0.0000E+00    0.0000E+00    0.0000E+00    0.0000E+00
    4.3100E+03    3.0934E+26    8.9237E+24    7.9675E+20    9.3991E+17
    4.3300E+03    0.0000E+00    0.0000E+00    0.0000E+00    0.0000E+00
    4.3500E+03    2.5964E+28    8.1767E+26    7.3773E+22    8.6962E+19
    4.3700E+03    2.4840E+27    7.0953E+25    6.3090E+21    7.4350E+18
    4.3900E+03    0.0000E+00    0.0000E+00    0.0000E+00    0.0000E+00
    4.4100E+03    0.0000E+00    0.0000E+00    0.0000E+00    0.0000E+00
    4.4300E+03    0.0000E+00    0.0000E+00    0.0000E+00    0.0000E+00
    4.4500E+03    0.0000E+00    0.0000E+00    0.0000E+00    0.0000E+00
    4.4700E+03    0.0000E+00    0.0000E+00    0.0000E+00    0.0000E+00
    4.4900E+03    2.5128E+27    7.9260E+25    7.1018E+21    8.3752E+18
    4.5100E+03    0.0000E+00    0.0000E+00    0.0000E+00    0.0000E+00
    4.5300E+03    0.0000E+00    0.0000E+00    0.0000E+00    0.0000E+00
    4.5500E+03    0.0000E+00    0.0000E+00    0.0000E+00    0.0000E+00
    4.5700E+03    0.0000E+00    0.0000E+00    0.0000E+00    0.0000E+00
    4.5900E+03    0.0000E+00    0.0000E+00    0.0000E+00    0.0000E+00
    4.6100E+03    0.0000E+00    0.0000E+00    0.0000E+00    0.0000E+00
    4.6300E+03    0.0000E+00    0.0000E+00    0.0000E+00    0.0000E+00
    4.6500E+03    0.0000E+00    0.0000E+00    0.0000E+00    0.0000E+00
    4.6700E+03    4.4378E+26    1.5524E+25    1.3980E+21    1.6477E+18
    4.6900E+03    1.2917E+25    3.0969E+23    2.7324E+19    3.2209E+16
    4.7100E+03    1.3341E+26    4.6658E+24    4.2014E+20    4.9525E+17
    4.7300E+03    0.0000E+00    0.0000E+00    0.0000E+00    0.0000E+00
    4.7500E+03    0.0000E+00    0.0000E+00    0.0000E+00    0.0000E+00
    4.7700E+03    1.2817E+26    4.4841E+24    4.0372E+20    4.7586E+17
    4.7900E+03    0.0000E+00    0.0000E+00    0.0000E+00    0.0000E+00
    4.8100E+03    0.0000E+00    0.0000E+00    0.0000E+00    0.0000E+00
    4.8300E+03    0.0000E+00    0.0000E+00    0.0000E+00    0.0000E+00
    4.8500E+03    0.0000E+00    0.0000E+00    0.0000E+00    0.0000E+00
    4.8700E+03    6.1351E+28    1.9248E+27    1.7305E+23    2.0398E+20
    4.8900E+03    6.6101E+25    2.3115E+24    2.0816E+20    2.4538E+17
    4.9100E+03    0.0000E+00    0.0000E+00    0.0000E+00    0.0000E+00
    4.9300E+03    7.4297E+26    2.3446E+25    2.1008E+21    2.4764E+18
    4.9500E+03    0.0000E+00    0.0000E+00    0.0000E+00    0.0000E+00
    4.9700E+03    2.7000E+28    8.0292E+26    7.1602E+22    8.4382E+19
    4.9900E+03    0.0000E+00    0.0000E+00    0.0000E+00    0.0000E+00
    5.0100E+03    8.2089E+28    2.4406E+27    2.1763E+23    2.5654E+20
    5.0300E+03    1.7770E+27    5.6117E+25    5.0257E+21    5.9241E+18
    5.0500E+03    0.0000E+00    0.0000E+00    0.0000E+00    0.0000E+00
    5.0700E+03    0.0000E+00    0.0000E+00    0.0000E+00    0.0000E+00
    5.0900E+03    0.0000E+00    0.0000E+00    0.0000E+00    0.0000E+00
    5.1100E+03    0.0000E+00    0.0000E+00    0.0000E+00    0.0000E+00
    5.1300E+03    0.0000E+00    0.0000E+00    0.0000E+00    0.0000E+00
    5.1500E+03    0.0000E+00    0.0000E+00    0.0000E+00    0.0000E+00
    5.1700E+03    0.0000E+00    0.0000E+00    0.0000E+00    0.0000E+00
    5.1900E+03    0.0000E+00    0.0000E+00    0.0000E+00    0.0000E+00
    5.2100E+03    3.6378E+25    1.0425E+24    9.1613E+19    1.0784E+17
    5.2300E+03    0.0000E+00    0.0000E+00    0.0000E+00    0.0000E+00
    5.2500E+03    0.0000E+00    0.0000E+00    0.0000E+00    0.0000E+00
    5.2700E+03    0.0000E+00    0.0000E+00    0.0000E+00    0.0000E+00
    5.2900E+03    2.4867E+26    8.6972E+24    7.8340E+20    9.2323E+17
    5.3100E+03    0.0000E+00    0.0000E+00    0.0000E+00    0.0000E+00
    5.3300E+03    0.0000E+00    0.0000E+00    0.0000E+00    0.0000E+00
    5.3500E+03    0.0000E+00    0.0000E+00    0.0000E+00    0.0000E+00
    5.3700E+03    0.0000E+00    0.0000E+00    0.0000E+00    0.0000E+00
    5.3900E+03    0.0000E+00    0.0000E+00    0.0000E+00    0.0000E+00
    5.4100E+03    0.0000E+00    0.0000E+00    0.0000E+00    0.0000E+00
    5.4300E+03    0.0000E+00    0.0000E+00    0.0000E+00    0.0000E+00
    5.4500E+03    0.0000E+00    0.0000E+00    0.0000E+00    0.0000E+00
    5.4700E+03    0.0000E+00    0.0000E+00    0.0000E+00    0.0000E+00
    5.4900E+03    0.0000E+00    0.0000E+00    0.0000E+00    0.0000E+00
    5.5100E+03    0.0000E+00    0.0000E+00    0.0000E+00    0.0000E+00
    5.5300E+03    0.0000E+00    0.0000E+00    0.0000E+00    0.0000E+00
    5.5500E+03    0.0000E+00    0.0000E+00    0.0000E+00    0.0000E+00
    5.5700E+03    0.0000E+00    0.0000E+00    0.0000E+00    0.0000E+00
    5.5900E+03    0.0000E+00    0.0000E+00    0.0000E+00    0.0000E+00
    5.6100E+03    0.0000E+00    0.0000E+00    0.0000E+00    0.0000E+00
    5.6300E+03    0.0000E+00    0.0000E+00    0.0000E+00    0.0000E+00
    5.6500E+03    0.0000E+00    0.0000E+00    0.0000E+00    0.0000E+00
    5.6700E+03    0.0000E+00    0.0000E+00    0.0000E+00    0.0000E+00
    5.6900E+03    0.0000E+00    0.0000E+00    0.0000E+00    0.0000E+00
    5.7100E+03    0.0000E+00    0.0000E+00    0.0000E+00    0.0000E+00
    5.7300E+03    0.0000E+00    0.0000E+00    0.0000E+00    0.0000E+00
    5.7500E+03    0.0000E+00    0.0000E+00    0.0000E+00    0.0000E+00
    5.7700E+03    4.8578E+25    1.6540E+24    1.4894E+20    1.7557E+17
    5.7900E+03    0.0000E+00    0.0000E+00    0.0000E+00    0.0000E+00
    5.8100E+03    0.0000E+00    0.0000E+00    0.0000E+00    0.0000E+00
    5.8300E+03    1.0548E+26    3.6000E+24    3.2386E+20    3.8176E+17
    5.8500E+03    0.0000E+00    0.0000E+00    0.0000E+00    0.0000E+00
    5.8700E+03    0.0000E+00    0.0000E+00    0.0000E+00    0.0000E+00
    5.8900E+03    8.6621E+27    2.7362E+26    2.4537E+22    2.8923E+19
    5.9100E+03    0.0000E+00    0.0000E+00    0.0000E+00    0.0000E+00
    5.9300E+03    0.0000E+00    0.0000E+00    0.0000E+00    0.0000E+00
    5.9500E+03    0.0000E+00    0.0000E+00    0.0000E+00    0.0000E+00
    5.9700E+03    0.0000E+00    0.0000E+00    0.0000E+00    0.0000E+00
    5.9900E+03    0.0000E+00    0.0000E+00    0.0000E+00    0.0000E+00
    6.0100E+03    0.0000E+00    0.0000E+00    0.0000E+00    0.0000E+00
    6.0300E+03    0.0000E+00    0.0000E+00    0.0000E+00    0.0000E+00
    6.0500E+03    0.0000E+00    0.0000E+00    0.0000E+00    0.0000E+00
    6.0700E+03    0.0000E+00    0.0000E+00    0.0000E+00    0.0000E+00
    6.0900E+03    0.0000E+00    0.0000E+00    0.0000E+00    0.0000E+00
    6.1100E+03    0.0000E+00    0.0000E+00    0.0000E+00    0.0000E+00
    6.1300E+03    0.0000E+00    0.0000E+00    0.0000E+00    0.0000E+00
    6.1500E+03    0.0000E+00    0.0000E+00    0.0000E+00    0.0000E+00
    6.1700E+03    0.0000E+00    0.0000E+00    0.0000E+00    0.0000E+00
    6.1900E+03    0.0000E+00    0.0000E+00    0.0000E+00    0.0000E+00
    6.2100E+03    0.0000E+00    0.0000E+00    0.0000E+00    0.0000E+00
    6.2300E+03    0.0000E+00    0.0000E+00    0.0000E+00    0.0000E+00
    6.2500E+03    0.0000E+00    0.0000E+00    0.0000E+00    0.0000E+00
    6.2700E+03    0.0000E+00    0.0000E+00    0.0000E+00    0.0000E+00
    6.2900E+03    0.0000E+00    0.0000E+00    0.0000E+00    0.0000E+00
    6.3100E+03    1.5990E+26    4.3955E+24    3.9068E+20    4.6053E+17
    6.3300E+03    3.9816E+26    1.3377E+25    1.1992E+21    1.4133E+18
    6.3500E+03    0.0000E+00    0.0000E+00    0.0000E+00    0.0000E+00
    6.3700E+03    5.1502E+25    1.4155E+24    1.2581E+20    1.4832E+17
    6.3900E+03    0.0000E+00    0.0000E+00    0.0000E+00    0.0000E+00
    6.4100E+03    0.0000E+00    0.0000E+00    0.0000E+00    0.0000E+00
    6.4300E+03    0.0000E+00    0.0000E+00    0.0000E+00    0.0000E+00
    6.4500E+03    0.0000E+00    0.0000E+00    0.0000E+00    0.0000E+00
    6.4700E+03    0.0000E+00    0.0000E+00    0.0000E+00    0.0000E+00
    6.4900E+03    0.0000E+00    0.0000E+00    0.0000E+00    0.0000E+00
    6.5100E+03    0.0000E+00    0.0000E+00    0.0000E+00    0.0000E+00
    6.5300E+03    0.0000E+00    0.0000E+00    0.0000E+00    0.0000E+00
    6.5500E+03    6.7379E+26    2.2749E+25    2.0487E+21    2.4150E+18
    6.5700E+03    2.3996E+29    7.4896E+27    6.7287E+23    7.9316E+20
    6.5900E+03    1.9993E+27    6.7497E+25    6.0799E+21    7.1668E+18
    6.6100E+03    0.0000E+00    0.0000E+00    0.0000E+00    0.0000E+00
    6.6300E+03    0.0000E+00    0.0000E+00    0.0000E+00    0.0000E+00
    6.6500E+03    0.0000E+00    0.0000E+00    0.0000E+00    0.0000E+00
    6.6700E+03    0.0000E+00    0.0000E+00    0.0000E+00    0.0000E+00
    6.6900E+03    2.7485E+27    8.6891E+25    7.7856E+21    9.1775E+18
    6.7100E+03    0.0000E+00    0.0000E+00    0.0000E+00    0.0000E+00
    6.7300E+03    3.5182E+27    1.1498E+26    1.0349E+22    1.2202E+19
    6.7500E+03    9.3533E+26    3.0597E+25    2.7532E+21    3.2454E+18
    6.7700E+03    0.0000E+00    0.0000E+00    0.0000E+00    0.0000E+00
    6.7900E+03    0.0000E+00    0.0000E+00    0.0000E+00    0.0000E+00
    6.8100E+03    0.0000E+00    0.0000E+00    0.0000E+00    0.0000E+00
    6.8300E+03    0.0000E+00    0.0000E+00    0.0000E+00    0.0000E+00
    6.8500E+03    0.0000E+00    0.0000E+00    0.0000E+00    0.0000E+00
    6.8700E+03    0.0000E+00    0.0000E+00    0.0000E+00    0.0000E+00
    6.8900E+03    0.0000E+00    0.0000E+00    0.0000E+00    0.0000E+00
    6.9100E+03    0.0000E+00    0.0000E+00    0.0000E+00    0.0000E+00
    6.9300E+03    0.0000E+00    0.0000E+00    0.0000E+00    0.0000E+00
    6.9500E+03    0.0000E+00    0.0000E+00    0.0000E+00    0.0000E+00
    6.9700E+03    0.0000E+00    0.0000E+00    0.0000E+00    0.0000E+00
    6.9900E+03    0.0000E+00    0.0000E+00    0.0000E+00    0.0000E+00
    7.0100E+03    0.0000E+00    0.0000E+00    0.0000E+00    0.0000E+00
    7.0300E+03    0.0000E+00    0.0000E+00    0.0000E+00    0.0000E+00
    7.0500E+03    0.0000E+00    0.0000E+00    0.0000E+00    0.0000E+00
    7.0700E+03    2.7580E+27    8.6360E+25    7.7539E+21    9.1786E+18
    7.0900E+03    0.0000E+00    0.0000E+00    0.0000E+00    0.0000E+00
    7.1100E+03    0.0000E+00    0.0000E+00    0.0000E+00    0.0000E+00
    7.1300E+03    0.0000E+00    0.0000E+00    0.0000E+00    0.0000E+00
    7.1500E+03    8.6341E+26    2.8648E+25    2.5704E+21    3.0300E+18
    7.1700E+03    0.0000E+00    0.0000E+00    0.0000E+00    0.0000E+00
    7.1900E+03    0.0000E+00    0.0000E+00    0.0000E+00    0.0000E+00
    7.2100E+03    0.0000E+00    0.0000E+00    0.0000E+00    0.0000E+00
    7.2300E+03    0.0000E+00    0.0000E+00    0.0000E+00    0.0000E+00
    7.2500E+03    0.0000E+00    0.0000E+00    0.0000E+00    0.0000E+00
    7.2700E+03    0.0000E+00    0.0000E+00    0.0000E+00    0.0000E+00
    7.2900E+03    0.0000E+00    0.0000E+00    0.0000E+00    0.0000E+00
    7.3100E+03    0.0000E+00    0.0000E+00    0.0000E+00    0.0000E+00
    7.3300E+03    4.5448E+26    1.6043E+25    1.4438E+21    1.7016E+18
    7.3500E+03    0.0000E+00    0.0000E+00    0.0000E+00    0.0000E+00
    7.3700E+03    0.0000E+00    0.0000E+00    0.0000E+00    0.0000E+00
    7.3900E+03    0.0000E+00    0.0000E+00    0.0000E+00    0.0000E+00
    7.4100E+03    0.0000E+00    0.0000E+00    0.0000E+00    0.0000E+00
    7.4300E+03    0.0000E+00    0.0000E+00    0.0000E+00    0.0000E+00
    7.4500E+03    0.0000E+00    0.0000E+00    0.0000E+00    0.0000E+00
    7.4700E+03    0.0000E+00    0.0000E+00    0.0000E+00    0.0000E+00
    7.4900E+03    0.0000E+00    0.0000E+00    0.0000E+00    0.0000E+00
    7.5100E+03    0.0000E+00    0.0000E+00    0.0000E+00    0.0000E+00
    7.5300E+03    0.0000E+00    0.0000E+00    0.0000E+00    0.0000E+00
    7.5500E+03    0.0000E+00    0.0000E+00    0.0000E+00    0.0000E+00
    7.5700E+03    0.0000E+00    0.0000E+00    0.0000E+00    0.0000E+00
    7.5900E+03    0.0000E+00    0.0000E+00    0.0000E+00    0.0000E+00
    7.6100E+03    0.0000E+00    0.0000E+00    0.0000E+00    0.0000E+00
    7.6300E+03    0.0000E+00    0.0000E+00    0.0000E+00    0.0000E+00
    7.6500E+03    0.0000E+00    0.0000E+00    0.0000E+00    0.0000E+00
    7.6700E+03    0.0000E+00    0.0000E+00    0.0000E+00    0.0000E+00
    7.6900E+03    0.0000E+00    0.0000E+00    0.0000E+00    0.0000E+00
    7.7100E+03    0.0000E+00    0.0000E+00    0.0000E+00    0.0000E+00
    7.7300E+03    0.0000E+00    0.0000E+00    0.0000E+00    0.0000E+00
    7.7500E+03    0.0000E+00    0.0000E+00    0.0000E+00    0.0000E+00
    7.7700E+03    2.2637E+26    7.5102E+24    6.7381E+20    7.9394E+17
    7.7900E+03    0.0000E+00    0.0000E+00    0.0000E+00    0.0000E+00
    7.8100E+03    0.0000E+00    0.0000E+00    0.0000E+00    0.0000E+00
    7.8300E+03    0.0000E+00    0.0000E+00    0.0000E+00    0.0000E+00
    7.8500E+03    0.0000E+00    0.0000E+00    0.0000E+00    0.0000E+00
    7.8700E+03    0.0000E+00    0.0000E+00    0.0000E+00    0.0000E+00
    7.8900E+03    0.0000E+00    0.0000E+00    0.0000E+00    0.0000E+00
    7.9100E+03    0.0000E+00    0.0000E+00    0.0000E+00    0.0000E+00
    7.9300E+03    0.0000E+00    0.0000E+00    0.0000E+00    0.0000E+00
    7.9500E+03    0.0000E+00    0.0000E+00    0.0000E+00    0.0000E+00
    7.9700E+03    0.0000E+00    0.0000E+00    0.0000E+00    0.0000E+00
    7.9900E+03    0.0000E+00    0.0000E+00    0.0000E+00    0.0000E+00
    8.0100E+03    0.0000E+00    0.0000E+00    0.0000E+00    0.0000E+00
    8.0300E+03    0.0000E+00    0.0000E+00    0.0000E+00    0.0000E+00
    8.0500E+03    0.0000E+00    0.0000E+00    0.0000E+00    0.0000E+00
    8.0700E+03    0.0000E+00    0.0000E+00    0.0000E+00    0.0000E+00
    8.0900E+03    0.0000E+00    0.0000E+00    0.0000E+00    0.0000E+00
    8.1100E+03    0.0000E+00    0.0000E+00    0.0000E+00    0.0000E+00
    8.1300E+03    0.0000E+00    0.0000E+00    0.0000E+00    0.0000E+00
    8.1500E+03    0.0000E+00    0.0000E+00    0.0000E+00    0.0000E+00
    8.1700E+03    0.0000E+00    0.0000E+00    0.0000E+00    0.0000E+00
    8.1900E+03    0.0000E+00    0.0000E+00    0.0000E+00    0.0000E+00
    8.2100E+03    0.0000E+00    0.0000E+00    0.0000E+00    0.0000E+00
    8.2300E+03    0.0000E+00    0.0000E+00    0.0000E+00    0.0000E+00
    8.2500E+03    0.0000E+00    0.0000E+00    0.0000E+00    0.0000E+00
    8.2700E+03    0.0000E+00    0.0000E+00    0.0000E+00    0.0000E+00
    8.2900E+03    0.0000E+00    0.0000E+00    0.0000E+00    0.0000E+00
    8.3100E+03    0.0000E+00    0.0000E+00    0.0000E+00    0.0000E+00
    8.3300E+03    0.0000E+00    0.0000E+00    0.0000E+00    0.0000E+00
    8.3500E+03    2.6053E+26    8.2332E+24    7.3752E+20    8.6902E+17
    8.3700E+03    1.5857E+26    5.0112E+24    4.4873E+20    5.2896E+17
    8.3900E+03    1.8252E+26    5.7663E+24    5.1661E+20    6.0897E+17
    8.4100E+03    2.1162E+26    6.6892E+24    5.9928E+20    7.0606E+17
    8.4300E+03    2.4740E+26    7.8185E+24    7.0051E+20    8.2539E+17
    8.4500E+03    2.9191E+26    9.2217E+24    8.2635E+20    9.7373E+17
    8.4700E+03    3.4773E+26    1.0987E+25    9.8412E+20    1.1601E+18
    8.4900E+03    0.0000E+00    0.0000E+00    0.0000E+00    0.0000E+00
    8.5100E+03    4.1892E+26    1.3237E+25    1.1858E+21    1.3975E+18
    8.5300E+03    0.0000E+00    0.0000E+00    0.0000E+00    0.0000E+00
    8.5500E+03    5.1120E+26    1.6150E+25    1.4467E+21    1.7054E+18
    8.5700E+03    0.0000E+00    0.0000E+00    0.0000E+00    0.0000E+00
    8.5900E+03    0.0000E+00    0.0000E+00    0.0000E+00    0.0000E+00
    8.6100E+03    6.3297E+26    2.0002E+25    1.7918E+21    2.1117E+18
    8.6300E+03    5.8630E+25    1.6893E+24    1.5062E+20    1.7758E+17
    8.6500E+03    0.0000E+00    0.0000E+00    0.0000E+00    0.0000E+00
    8.6700E+03    7.9758E+26    2.5205E+25    2.2576E+21    2.6609E+18
    8.6900E+03    0.0000E+00    0.0000E+00    0.0000E+00    0.0000E+00
    8.7100E+03    0.0000E+00    0.0000E+00    0.0000E+00    0.0000E+00
    8.7300E+03    0.0000E+00    0.0000E+00    0.0000E+00    0.0000E+00
    8.7500E+03    1.0256E+27    3.2406E+25    2.9031E+21    3.4217E+18
    8.7700E+03    0.0000E+00    0.0000E+00    0.0000E+00    0.0000E+00
    8.7900E+03    0.0000E+00    0.0000E+00    0.0000E+00    0.0000E+00
    8.8100E+03    0.0000E+00    0.0000E+00    0.0000E+00    0.0000E+00
    8.8300E+03    0.0000E+00    0.0000E+00    0.0000E+00    0.0000E+00
    8.8500E+03    0.0000E+00    0.0000E+00    0.0000E+00    0.0000E+00
    8.8700E+03    1.3513E+27    4.2710E+25    3.8271E+21    4.5076E+18
    8.8900E+03    0.0000E+00    0.0000E+00    0.0000E+00    0.0000E+00
    8.9100E+03    0.0000E+00    0.0000E+00    0.0000E+00    0.0000E+00
    8.9300E+03    0.0000E+00    0.0000E+00    0.0000E+00    0.0000E+00
    8.9500E+03    0.0000E+00    0.0000E+00    0.0000E+00    0.0000E+00
    8.9700E+03    0.0000E+00    0.0000E+00    0.0000E+00    0.0000E+00
    8.9900E+03    0.0000E+00    0.0000E+00    0.0000E+00    0.0000E+00
    9.0100E+03    0.0000E+00    0.0000E+00    0.0000E+00    0.0000E+00
    9.0300E+03    1.9399E+27    6.1934E+25    5.5616E+21    6.5559E+18
    9.0500E+03    0.0000E+00    0.0000E+00    0.0000E+00    0.0000E+00
    9.0700E+03    3.2221E+27    1.0870E+26    9.7564E+21    1.1497E+19
    9.0900E+03    0.0000E+00    0.0000E+00    0.0000E+00    0.0000E+00
    9.1100E+03    0.0000E+00    0.0000E+00    0.0000E+00    0.0000E+00
    9.1300E+03    0.0000E+00    0.0000E+00    0.0000E+00    0.0000E+00
    9.1500E+03    0.0000E+00    0.0000E+00    0.0000E+00    0.0000E+00
    9.1700E+03    0.0000E+00    0.0000E+00    0.0000E+00    0.0000E+00
    9.1900E+03    0.0000E+00    0.0000E+00    0.0000E+00    0.0000E+00
    9.2100E+03    0.0000E+00    0.0000E+00    0.0000E+00    0.0000E+00
    9.2300E+03    2.7291E+27    8.6719E+25    7.7963E+21    9.1900E+18
    9.2500E+03    0.0000E+00    0.0000E+00    0.0000E+00    0.0000E+00
    9.2700E+03    0.0000E+00    0.0000E+00    0.0000E+00    0.0000E+00
    9.2900E+03    0.0000E+00    0.0000E+00    0.0000E+00    0.0000E+00
    9.3100E+03    0.0000E+00    0.0000E+00    0.0000E+00    0.0000E+00
    9.3300E+03    0.0000E+00    0.0000E+00    0.0000E+00    0.0000E+00
    9.3500E+03    0.0000E+00    0.0000E+00    0.0000E+00    0.0000E+00
    9.3700E+03    0.0000E+00    0.0000E+00    0.0000E+00    0.0000E+00
    9.3900E+03    0.0000E+00    0.0000E+00    0.0000E+00    0.0000E+00
    9.4100E+03    0.0000E+00    0.0000E+00    0.0000E+00    0.0000E+00
    9.4300E+03    0.0000E+00    0.0000E+00    0.0000E+00    0.0000E+00
    9.4500E+03    0.0000E+00    0.0000E+00    0.0000E+00    0.0000E+00
    9.4700E+03    0.0000E+00    0.0000E+00    0.0000E+00    0.0000E+00
    9.4900E+03    0.0000E+00    0.0000E+00    0.0000E+00    0.0000E+00
    9.5100E+03    0.0000E+00    0.0000E+00    0.0000E+00    0.0000E+00
    9.5300E+03    0.0000E+00    0.0000E+00    0.0000E+00    0.0000E+00
    9.5500E+03    1.2444E+28    4.1148E+26    3.6932E+22    4.3527E+19
    9.5700E+03    0.0000E+00    0.0000E+00    0.0000E+00    0.0000E+00
    9.5900E+03    0.0000E+00    0.0000E+00    0.0000E+00    0.0000E+00
    9.6100E+03    0.0000E+00    0.0000E+00    0.0000E+00    0.0000E+00
    9.6300E+03    0.0000E+00    0.0000E+00    0.0000E+00    0.0000E+00
    9.6500E+03    0.0000E+00    0.0000E+00    0.0000E+00    0.0000E+00
    9.6700E+03    0.0000E+00    0.0000E+00    0.0000E+00    0.0000E+00
    9.6900E+03    0.0000E+00    0.0000E+00    0.0000E+00    0.0000E+00
    9.7100E+03    0.0000E+00    0.0000E+00    0.0000E+00    0.0000E+00
    9.7300E+03    0.0000E+00    0.0000E+00    0.0000E+00    0.0000E+00
    9.7500E+03    0.0000E+00    0.0000E+00    0.0000E+00    0.0000E+00
    9.7700E+03    0.0000E+00    0.0000E+00    0.0000E+00    0.0000E+00
    9.7900E+03    0.0000E+00    0.0000E+00    0.0000E+00    0.0000E+00
    9.8100E+03    0.0000E+00    0.0000E+00    0.0000E+00    0.0000E+00
    9.8300E+03    0.0000E+00    0.0000E+00    0.0000E+00    0.0000E+00
    9.8500E+03    0.0000E+00    0.0000E+00    0.0000E+00    0.0000E+00
    9.8700E+03    0.0000E+00    0.0000E+00    0.0000E+00    0.0000E+00
    9.8900E+03    0.0000E+00    0.0000E+00    0.0000E+00    0.0000E+00
    9.9100E+03    0.0000E+00    0.0000E+00    0.0000E+00    0.0000E+00
    9.9300E+03    0.0000E+00    0.0000E+00    0.0000E+00    0.0000E+00
    9.9500E+03    0.0000E+00    0.0000E+00    0.0000E+00    0.0000E+00
    9.9700E+03    0.0000E+00    0.0000E+00    0.0000E+00    0.0000E+00
    9.9900E+03    0.0000E+00    0.0000E+00    0.0000E+00    0.0000E+00
    1.0025E+04    0.0000E+00    0.0000E+00    0.0000E+00    0.0000E+00
    1.0075E+04    0.0000E+00    0.0000E+00    0.0000E+00    0.0000E+00
    1.0125E+04    0.0000E+00    0.0000E+00    0.0000E+00    0.0000E+00
    1.0175E+04    0.0000E+00    0.0000E+00    0.0000E+00    0.0000E+00
    1.0225E+04    0.0000E+00    0.0000E+00    0.0000E+00    0.0000E+00
    1.0275E+04    0.0000E+00    0.0000E+00    0.0000E+00    0.0000E+00
    1.0325E+04    0.0000E+00    0.0000E+00    0.0000E+00    0.0000E+00
    1.0375E+04    0.0000E+00    0.0000E+00    0.0000E+00    0.0000E+00
    1.0425E+04    0.0000E+00    0.0000E+00    0.0000E+00    0.0000E+00
    1.0475E+04    0.0000E+00    0.0000E+00    0.0000E+00    0.0000E+00
    1.0525E+04    0.0000E+00    0.0000E+00    0.0000E+00    0.0000E+00
    1.0575E+04    0.0000E+00    0.0000E+00    0.0000E+00    0.0000E+00
    1.0625E+04    0.0000E+00    0.0000E+00    0.0000E+00    0.0000E+00
    1.0675E+04    0.0000E+00    0.0000E+00    0.0000E+00    0.0000E+00
    1.0725E+04    0.0000E+00    0.0000E+00    0.0000E+00    0.0000E+00
    1.0775E+04    0.0000E+00    0.0000E+00    0.0000E+00    0.0000E+00
    1.0825E+04    0.0000E+00    0.0000E+00    0.0000E+00    0.0000E+00
    1.0875E+04    0.0000E+00    0.0000E+00    0.0000E+00    0.0000E+00
    1.0925E+04    0.0000E+00    0.0000E+00    0.0000E+00    0.0000E+00
    1.0975E+04    0.0000E+00    0.0000E+00    0.0000E+00    0.0000E+00
    1.1025E+04    0.0000E+00    0.0000E+00    0.0000E+00    0.0000E+00
    1.1075E+04    0.0000E+00    0.0000E+00    0.0000E+00    0.0000E+00
    1.1125E+04    0.0000E+00    0.0000E+00    0.0000E+00    0.0000E+00
    1.1175E+04    0.0000E+00    0.0000E+00    0.0000E+00    0.0000E+00
    1.1225E+04    0.0000E+00    0.0000E+00    0.0000E+00    0.0000E+00
    1.1275E+04    0.0000E+00    0.0000E+00    0.0000E+00    0.0000E+00
    1.1325E+04    0.0000E+00    0.0000E+00    0.0000E+00    0.0000E+00
    1.1375E+04    0.0000E+00    0.0000E+00    0.0000E+00    0.0000E+00
    1.1425E+04    0.0000E+00    0.0000E+00    0.0000E+00    0.0000E+00
    1.1475E+04    0.0000E+00    0.0000E+00    0.0000E+00    0.0000E+00
    1.1525E+04    0.0000E+00    0.0000E+00    0.0000E+00    0.0000E+00
    1.1575E+04    0.0000E+00    0.0000E+00    0.0000E+00    0.0000E+00
    1.1625E+04    0.0000E+00    0.0000E+00    0.0000E+00    0.0000E+00
    1.1675E+04    0.0000E+00    0.0000E+00    0.0000E+00    0.0000E+00
    1.1725E+04    0.0000E+00    0.0000E+00    0.0000E+00    0.0000E+00
    1.1775E+04    0.0000E+00    0.0000E+00    0.0000E+00    0.0000E+00
    1.1825E+04    0.0000E+00    0.0000E+00    0.0000E+00    0.0000E+00
    1.1875E+04    0.0000E+00    0.0000E+00    0.0000E+00    0.0000E+00
    1.1925E+04    0.0000E+00    0.0000E+00    0.0000E+00    0.0000E+00
    1.1975E+04    0.0000E+00    0.0000E+00    0.0000E+00    0.0000E+00
    1.2025E+04    0.0000E+00    0.0000E+00    0.0000E+00    0.0000E+00
    1.2075E+04    0.0000E+00    0.0000E+00    0.0000E+00    0.0000E+00
    1.2125E+04    0.0000E+00    0.0000E+00    0.0000E+00    0.0000E+00
    1.2175E+04    0.0000E+00    0.0000E+00    0.0000E+00    0.0000E+00
    1.2225E+04    0.0000E+00    0.0000E+00    0.0000E+00    0.0000E+00
    1.2275E+04    0.0000E+00    0.0000E+00    0.0000E+00    0.0000E+00
    1.2325E+04    0.0000E+00    0.0000E+00    0.0000E+00    0.0000E+00
    1.2375E+04    0.0000E+00    0.0000E+00    0.0000E+00    0.0000E+00
    1.2425E+04    0.0000E+00    0.0000E+00    0.0000E+00    0.0000E+00
    1.2475E+04    0.0000E+00    0.0000E+00    0.0000E+00    0.0000E+00
    1.2525E+04    0.0000E+00    0.0000E+00    0.0000E+00    0.0000E+00
    1.2575E+04    0.0000E+00    0.0000E+00    0.0000E+00    0.0000E+00
    1.2625E+04    0.0000E+00    0.0000E+00    0.0000E+00    0.0000E+00
    1.2675E+04    0.0000E+00    0.0000E+00    0.0000E+00    0.0000E+00
    1.2725E+04    0.0000E+00    0.0000E+00    0.0000E+00    0.0000E+00
    1.2775E+04    0.0000E+00    0.0000E+00    0.0000E+00    0.0000E+00
    1.2825E+04    0.0000E+00    0.0000E+00    0.0000E+00    0.0000E+00
    1.2875E+04    0.0000E+00    0.0000E+00    0.0000E+00    0.0000E+00
    1.2925E+04    0.0000E+00    0.0000E+00    0.0000E+00    0.0000E+00
    1.2975E+04    0.0000E+00    0.0000E+00    0.0000E+00    0.0000E+00
    1.3025E+04    0.0000E+00    0.0000E+00    0.0000E+00    0.0000E+00
    1.3075E+04    0.0000E+00    0.0000E+00    0.0000E+00    0.0000E+00
    1.3125E+04    0.0000E+00    0.0000E+00    0.0000E+00    0.0000E+00
    1.3175E+04    0.0000E+00    0.0000E+00    0.0000E+00    0.0000E+00
    1.3225E+04    0.0000E+00    0.0000E+00    0.0000E+00    0.0000E+00
    1.3275E+04    0.0000E+00    0.0000E+00    0.0000E+00    0.0000E+00
    1.3325E+04    0.0000E+00    0.0000E+00    0.0000E+00    0.0000E+00
    1.3375E+04    0.0000E+00    0.0000E+00    0.0000E+00    0.0000E+00
    1.3425E+04    0.0000E+00    0.0000E+00    0.0000E+00    0.0000E+00
    1.3475E+04    0.0000E+00    0.0000E+00    0.0000E+00    0.0000E+00
    1.3525E+04    0.0000E+00    0.0000E+00    0.0000E+00    0.0000E+00
    1.3575E+04    0.0000E+00    0.0000E+00    0.0000E+00    0.0000E+00
    1.3625E+04    0.0000E+00    0.0000E+00    0.0000E+00    0.0000E+00
    1.3675E+04    0.0000E+00    0.0000E+00    0.0000E+00    0.0000E+00
    1.3725E+04    0.0000E+00    0.0000E+00    0.0000E+00    0.0000E+00
    1.3775E+04    0.0000E+00    0.0000E+00    0.0000E+00    0.0000E+00
    1.3825E+04    0.0000E+00    0.0000E+00    0.0000E+00    0.0000E+00
    1.3875E+04    0.0000E+00    0.0000E+00    0.0000E+00    0.0000E+00
    1.3925E+04    0.0000E+00    0.0000E+00    0.0000E+00    0.0000E+00
    1.3975E+04    0.0000E+00    0.0000E+00    0.0000E+00    0.0000E+00
    1.4025E+04    0.0000E+00    0.0000E+00    0.0000E+00    0.0000E+00
    1.4075E+04    0.0000E+00    0.0000E+00    0.0000E+00    0.0000E+00
    1.4125E+04    0.0000E+00    0.0000E+00    0.0000E+00    0.0000E+00
    1.4175E+04    0.0000E+00    0.0000E+00    0.0000E+00    0.0000E+00
    1.4225E+04    0.0000E+00    0.0000E+00    0.0000E+00    0.0000E+00
    1.4275E+04    0.0000E+00    0.0000E+00    0.0000E+00    0.0000E+00
    1.4325E+04    0.0000E+00    0.0000E+00    0.0000E+00    0.0000E+00
    1.4375E+04    0.0000E+00    0.0000E+00    0.0000E+00    0.0000E+00
    1.4425E+04    0.0000E+00    0.0000E+00    0.0000E+00    0.0000E+00
    1.4475E+04    0.0000E+00    0.0000E+00    0.0000E+00    0.0000E+00
    1.4525E+04    0.0000E+00    0.0000E+00    0.0000E+00    0.0000E+00
    1.4570E+04    0.0000E+00    0.0000E+00    0.0000E+00    0.0000E+00
    1.4620E+04    0.0000E+00    0.0000E+00    0.0000E+00    0.0000E+00
    1.4675E+04    0.0000E+00    0.0000E+00    0.0000E+00    0.0000E+00
    1.4725E+04    0.0000E+00    0.0000E+00    0.0000E+00    0.0000E+00
    1.4775E+04    0.0000E+00    0.0000E+00    0.0000E+00    0.0000E+00
    1.4825E+04    0.0000E+00    0.0000E+00    0.0000E+00    0.0000E+00
    1.4875E+04    0.0000E+00    0.0000E+00    0.0000E+00    0.0000E+00
    1.4925E+04    0.0000E+00    0.0000E+00    0.0000E+00    0.0000E+00
    1.4975E+04    0.0000E+00    0.0000E+00    0.0000E+00    0.0000E+00
    1.5025E+04    0.0000E+00    0.0000E+00    0.0000E+00    0.0000E+00
    1.5075E+04    0.0000E+00    0.0000E+00    0.0000E+00    0.0000E+00
    1.5125E+04    0.0000E+00    0.0000E+00    0.0000E+00    0.0000E+00
    1.5175E+04    0.0000E+00    0.0000E+00    0.0000E+00    0.0000E+00
    1.5225E+04    0.0000E+00    0.0000E+00    0.0000E+00    0.0000E+00
    1.5275E+04    0.0000E+00    0.0000E+00    0.0000E+00    0.0000E+00
    1.5325E+04    0.0000E+00    0.0000E+00    0.0000E+00    0.0000E+00
    1.5375E+04    0.0000E+00    0.0000E+00    0.0000E+00    0.0000E+00
    1.5425E+04    0.0000E+00    0.0000E+00    0.0000E+00    0.0000E+00
    1.5475E+04    0.0000E+00    0.0000E+00    0.0000E+00    0.0000E+00
    1.5525E+04    0.0000E+00    0.0000E+00    0.0000E+00    0.0000E+00
    1.5575E+04    0.0000E+00    0.0000E+00    0.0000E+00    0.0000E+00
    1.5625E+04    0.0000E+00    0.0000E+00    0.0000E+00    0.0000E+00
    1.5675E+04    0.0000E+00    0.0000E+00    0.0000E+00    0.0000E+00
    1.5725E+04    0.0000E+00    0.0000E+00    0.0000E+00    0.0000E+00
    1.5775E+04    0.0000E+00    0.0000E+00    0.0000E+00    0.0000E+00
    1.5825E+04    0.0000E+00    0.0000E+00    0.0000E+00    0.0000E+00
    1.5875E+04    0.0000E+00    0.0000E+00    0.0000E+00    0.0000E+00
    1.5925E+04    0.0000E+00    0.0000E+00    0.0000E+00    0.0000E+00
    1.5975E+04    0.0000E+00    0.0000E+00    0.0000E+00    0.0000E+00
    1.6050E+04    0.0000E+00    0.0000E+00    0.0000E+00    0.0000E+00
    1.6150E+04    0.0000E+00    0.0000E+00    0.0000E+00    0.0000E+00
    1.6250E+04    0.0000E+00    0.0000E+00    0.0000E+00    0.0000E+00
    1.6350E+04    0.0000E+00    0.0000E+00    0.0000E+00    0.0000E+00
    1.6450E+04    0.0000E+00    0.0000E+00    0.0000E+00    0.0000E+00
    1.6550E+04    0.0000E+00    0.0000E+00    0.0000E+00    0.0000E+00
    1.6650E+04    0.0000E+00    0.0000E+00    0.0000E+00    0.0000E+00
    1.6750E+04    0.0000E+00    0.0000E+00    0.0000E+00    0.0000E+00
    1.6850E+04    0.0000E+00    0.0000E+00    0.0000E+00    0.0000E+00
    1.6950E+04    0.0000E+00    0.0000E+00    0.0000E+00    0.0000E+00
    1.7050E+04    0.0000E+00    0.0000E+00    0.0000E+00    0.0000E+00
    1.7150E+04    0.0000E+00    0.0000E+00    0.0000E+00    0.0000E+00
    1.7250E+04    0.0000E+00    0.0000E+00    0.0000E+00    0.0000E+00
    1.7350E+04    0.0000E+00    0.0000E+00    0.0000E+00    0.0000E+00
    1.7450E+04    0.0000E+00    0.0000E+00    0.0000E+00    0.0000E+00
    1.7550E+04    0.0000E+00    0.0000E+00    0.0000E+00    0.0000E+00
    1.7650E+04    0.0000E+00    0.0000E+00    0.0000E+00    0.0000E+00
    1.7750E+04    0.0000E+00    0.0000E+00    0.0000E+00    0.0000E+00
    1.7850E+04    0.0000E+00    0.0000E+00    0.0000E+00    0.0000E+00
    1.7950E+04    0.0000E+00    0.0000E+00    0.0000E+00    0.0000E+00
    1.8050E+04    0.0000E+00    0.0000E+00    0.0000E+00    0.0000E+00
    1.8150E+04    0.0000E+00    0.0000E+00    0.0000E+00    0.0000E+00
    1.8250E+04    0.0000E+00    0.0000E+00    0.0000E+00    0.0000E+00
    1.8350E+04    0.0000E+00    0.0000E+00    0.0000E+00    0.0000E+00
    1.8450E+04    0.0000E+00    0.0000E+00    0.0000E+00    0.0000E+00
    1.8550E+04    0.0000E+00    0.0000E+00    0.0000E+00    0.0000E+00
    1.8650E+04    0.0000E+00    0.0000E+00    0.0000E+00    0.0000E+00
    1.8750E+04    0.0000E+00    0.0000E+00    0.0000E+00    0.0000E+00
    1.8850E+04    0.0000E+00    0.0000E+00    0.0000E+00    0.0000E+00
    1.8950E+04    0.0000E+00    0.0000E+00    0.0000E+00    0.0000E+00
    1.9050E+04    0.0000E+00    0.0000E+00    0.0000E+00    0.0000E+00
    1.9150E+04    0.0000E+00    0.0000E+00    0.0000E+00    0.0000E+00
    1.9250E+04    0.0000E+00    0.0000E+00    0.0000E+00    0.0000E+00
    1.9350E+04    0.0000E+00    0.0000E+00    0.0000E+00    0.0000E+00
    1.9450E+04    0.0000E+00    0.0000E+00    0.0000E+00    0.0000E+00
    1.9550E+04    0.0000E+00    0.0000E+00    0.0000E+00    0.0000E+00
    1.9650E+04    0.0000E+00    0.0000E+00    0.0000E+00    0.0000E+00
    1.9750E+04    0.0000E+00    0.0000E+00    0.0000E+00    0.0000E+00
    1.9850E+04    0.0000E+00    0.0000E+00    0.0000E+00    0.0000E+00
    1.9950E+04    0.0000E+00    0.0000E+00    0.0000E+00    0.0000E+00
    2.0050E+04    0.0000E+00    0.0000E+00    0.0000E+00    0.0000E+00
    2.0150E+04    0.0000E+00    0.0000E+00    0.0000E+00    0.0000E+00
    2.0250E+04    0.0000E+00    0.0000E+00    0.0000E+00    0.0000E+00
    2.0350E+04    0.0000E+00    0.0000E+00    0.0000E+00    0.0000E+00
    2.0450E+04    0.0000E+00    0.0000E+00    0.0000E+00    0.0000E+00
    2.0550E+04    0.0000E+00    0.0000E+00    0.0000E+00    0.0000E+00
    2.0650E+04    0.0000E+00    0.0000E+00    0.0000E+00    0.0000E+00
    2.0750E+04    0.0000E+00    0.0000E+00    0.0000E+00    0.0000E+00
    2.0850E+04    0.0000E+00    0.0000E+00    0.0000E+00    0.0000E+00
    2.0950E+04    0.0000E+00    0.0000E+00    0.0000E+00    0.0000E+00
    2.1050E+04    0.0000E+00    0.0000E+00    0.0000E+00    0.0000E+00
    2.1150E+04    0.0000E+00    0.0000E+00    0.0000E+00    0.0000E+00
    2.1250E+04    0.0000E+00    0.0000E+00    0.0000E+00    0.0000E+00
    2.1350E+04    0.0000E+00    0.0000E+00    0.0000E+00    0.0000E+00
    2.1450E+04    0.0000E+00    0.0000E+00    0.0000E+00    0.0000E+00
    2.1550E+04    0.0000E+00    0.0000E+00    0.0000E+00    0.0000E+00
    2.1650E+04    0.0000E+00    0.0000E+00    0.0000E+00    0.0000E+00
    2.1750E+04    0.0000E+00    0.0000E+00    0.0000E+00    0.0000E+00
    2.1850E+04    0.0000E+00    0.0000E+00    0.0000E+00    0.0000E+00
    2.1950E+04    0.0000E+00    0.0000E+00    0.0000E+00    0.0000E+00
    2.2050E+04    0.0000E+00    0.0000E+00    0.0000E+00    0.0000E+00
    2.2150E+04    0.0000E+00    0.0000E+00    0.0000E+00    0.0000E+00
    2.2250E+04    0.0000E+00    0.0000E+00    0.0000E+00    0.0000E+00
    2.2350E+04    0.0000E+00    0.0000E+00    0.0000E+00    0.0000E+00
    2.2450E+04    0.0000E+00    0.0000E+00    0.0000E+00    0.0000E+00
    2.2550E+04    0.0000E+00    0.0000E+00    0.0000E+00    0.0000E+00
    2.2650E+04    0.0000E+00    0.0000E+00    0.0000E+00    0.0000E+00
    2.2750E+04    0.0000E+00    0.0000E+00    0.0000E+00    0.0000E+00
    2.2850E+04    0.0000E+00    0.0000E+00    0.0000E+00    0.0000E+00
    2.2950E+04    0.0000E+00    0.0000E+00    0.0000E+00    0.0000E+00
    2.3050E+04    0.0000E+00    0.0000E+00    0.0000E+00    0.0000E+00
    2.3150E+04    0.0000E+00    0.0000E+00    0.0000E+00    0.0000E+00
    2.3250E+04    0.0000E+00    0.0000E+00    0.0000E+00    0.0000E+00
    2.3350E+04    0.0000E+00    0.0000E+00    0.0000E+00    0.0000E+00
    2.3450E+04    0.0000E+00    0.0000E+00    0.0000E+00    0.0000E+00
    2.3550E+04    0.0000E+00    0.0000E+00    0.0000E+00    0.0000E+00
    2.3650E+04    0.0000E+00    0.0000E+00    0.0000E+00    0.0000E+00
    2.3750E+04    0.0000E+00    0.0000E+00    0.0000E+00    0.0000E+00
    2.3850E+04    0.0000E+00    0.0000E+00    0.0000E+00    0.0000E+00
    2.3950E+04    0.0000E+00    0.0000E+00    0.0000E+00    0.0000E+00
    2.4050E+04    0.0000E+00    0.0000E+00    0.0000E+00    0.0000E+00
    2.4150E+04    0.0000E+00    0.0000E+00    0.0000E+00    0.0000E+00
    2.4250E+04    0.0000E+00    0.0000E+00    0.0000E+00    0.0000E+00
    2.4350E+04    0.0000E+00    0.0000E+00    0.0000E+00    0.0000E+00
    2.4450E+04    0.0000E+00    0.0000E+00    0.0000E+00    0.0000E+00
    2.4550E+04    0.0000E+00    0.0000E+00    0.0000E+00    0.0000E+00
    2.4650E+04    0.0000E+00    0.0000E+00    0.0000E+00    0.0000E+00
    2.4750E+04    0.0000E+00    0.0000E+00    0.0000E+00    0.0000E+00
    2.4850E+04    0.0000E+00    0.0000E+00    0.0000E+00    0.0000E+00
    2.4950E+04    0.0000E+00    0.0000E+00    0.0000E+00    0.0000E+00
    2.5050E+04    0.0000E+00    0.0000E+00    0.0000E+00    0.0000E+00
    2.5150E+04    0.0000E+00    0.0000E+00    0.0000E+00    0.0000E+00
    2.5250E+04    0.0000E+00    0.0000E+00    0.0000E+00    0.0000E+00
    2.5350E+04    0.0000E+00    0.0000E+00    0.0000E+00    0.0000E+00
    2.5450E+04    0.0000E+00    0.0000E+00    0.0000E+00    0.0000E+00
    2.5550E+04    0.0000E+00    0.0000E+00    0.0000E+00    0.0000E+00
    2.5650E+04    0.0000E+00    0.0000E+00    0.0000E+00    0.0000E+00
    2.5750E+04    0.0000E+00    0.0000E+00    0.0000E+00    0.0000E+00
    2.5850E+04    0.0000E+00    0.0000E+00    0.0000E+00    0.0000E+00
    2.5950E+04    0.0000E+00    0.0000E+00    0.0000E+00    0.0000E+00
    2.6050E+04    0.0000E+00    0.0000E+00    0.0000E+00    0.0000E+00
    2.6150E+04    0.0000E+00    0.0000E+00    0.0000E+00    0.0000E+00
    2.6250E+04    0.0000E+00    0.0000E+00    0.0000E+00    0.0000E+00
    2.6350E+04    0.0000E+00    0.0000E+00    0.0000E+00    0.0000E+00
    2.6450E+04    0.0000E+00    0.0000E+00    0.0000E+00    0.0000E+00
    2.6550E+04    0.0000E+00    0.0000E+00    0.0000E+00    0.0000E+00
    2.6650E+04    0.0000E+00    0.0000E+00    0.0000E+00    0.0000E+00
    2.6750E+04    0.0000E+00    0.0000E+00    0.0000E+00    0.0000E+00
    2.6850E+04    0.0000E+00    0.0000E+00    0.0000E+00    0.0000E+00
    2.6950E+04    0.0000E+00    0.0000E+00    0.0000E+00    0.0000E+00
    2.7050E+04    0.0000E+00    0.0000E+00    0.0000E+00    0.0000E+00
    2.7150E+04    0.0000E+00    0.0000E+00    0.0000E+00    0.0000E+00
    2.7250E+04    0.0000E+00    0.0000E+00    0.0000E+00    0.0000E+00
    2.7350E+04    0.0000E+00    0.0000E+00    0.0000E+00    0.0000E+00
    2.7450E+04    0.0000E+00    0.0000E+00    0.0000E+00    0.0000E+00
    2.7550E+04    0.0000E+00    0.0000E+00    0.0000E+00    0.0000E+00
    2.7650E+04    0.0000E+00    0.0000E+00    0.0000E+00    0.0000E+00
    2.7750E+04    0.0000E+00    0.0000E+00    0.0000E+00    0.0000E+00
    2.7850E+04    0.0000E+00    0.0000E+00    0.0000E+00    0.0000E+00
    2.7950E+04    0.0000E+00    0.0000E+00    0.0000E+00    0.0000E+00
    2.8050E+04    0.0000E+00    0.0000E+00    0.0000E+00    0.0000E+00
    2.8150E+04    0.0000E+00    0.0000E+00    0.0000E+00    0.0000E+00
    2.8250E+04    0.0000E+00    0.0000E+00    0.0000E+00    0.0000E+00
    2.8350E+04    0.0000E+00    0.0000E+00    0.0000E+00    0.0000E+00
    2.8450E+04    0.0000E+00    0.0000E+00    0.0000E+00    0.0000E+00
    2.8550E+04    0.0000E+00    0.0000E+00    0.0000E+00    0.0000E+00
    2.8650E+04    0.0000E+00    0.0000E+00    0.0000E+00    0.0000E+00
    2.8750E+04    0.0000E+00    0.0000E+00    0.0000E+00    0.0000E+00
    2.8850E+04    0.0000E+00    0.0000E+00    0.0000E+00    0.0000E+00
    2.8950E+04    0.0000E+00    0.0000E+00    0.0000E+00    0.0000E+00
    2.9050E+04    0.0000E+00    0.0000E+00    0.0000E+00    0.0000E+00
    2.9150E+04    0.0000E+00    0.0000E+00    0.0000E+00    0.0000E+00
    2.9250E+04    0.0000E+00    0.0000E+00    0.0000E+00    0.0000E+00
    2.9350E+04    0.0000E+00    0.0000E+00    0.0000E+00    0.0000E+00
    2.9450E+04    0.0000E+00    0.0000E+00    0.0000E+00    0.0000E+00
    2.9550E+04    0.0000E+00    0.0000E+00    0.0000E+00    0.0000E+00
    2.9650E+04    0.0000E+00    0.0000E+00    0.0000E+00    0.0000E+00
    2.9750E+04    0.0000E+00    0.0000E+00    0.0000E+00    0.0000E+00
    2.9850E+04    0.0000E+00    0.0000E+00    0.0000E+00    0.0000E+00
    2.9950E+04    0.0000E+00    0.0000E+00    0.0000E+00    0.0000E+00
    3.0050E+04    0.0000E+00    0.0000E+00    0.0000E+00    0.0000E+00
    3.0150E+04    0.0000E+00    0.0000E+00    0.0000E+00    0.0000E+00
    3.0250E+04    0.0000E+00    0.0000E+00    0.0000E+00    0.0000E+00
    3.0350E+04    0.0000E+00    0.0000E+00    0.0000E+00    0.0000E+00
    3.0450E+04    0.0000E+00    0.0000E+00    0.0000E+00    0.0000E+00
    3.0550E+04    0.0000E+00    0.0000E+00    0.0000E+00    0.0000E+00
    3.0650E+04    0.0000E+00    0.0000E+00    0.0000E+00    0.0000E+00
    3.0750E+04    0.0000E+00    0.0000E+00    0.0000E+00    0.0000E+00
    3.0850E+04    0.0000E+00    0.0000E+00    0.0000E+00    0.0000E+00
    3.0950E+04    0.0000E+00    0.0000E+00    0.0000E+00    0.0000E+00
    3.1050E+04    0.0000E+00    0.0000E+00    0.0000E+00    0.0000E+00
    3.1150E+04    0.0000E+00    0.0000E+00    0.0000E+00    0.0000E+00
    3.1250E+04    0.0000E+00    0.0000E+00    0.0000E+00    0.0000E+00
    3.1350E+04    0.0000E+00    0.0000E+00    0.0000E+00    0.0000E+00
    3.1450E+04    0.0000E+00    0.0000E+00    0.0000E+00    0.0000E+00
    3.1550E+04    0.0000E+00    0.0000E+00    0.0000E+00    0.0000E+00
    3.1650E+04    0.0000E+00    0.0000E+00    0.0000E+00    0.0000E+00
    3.1750E+04    0.0000E+00    0.0000E+00    0.0000E+00    0.0000E+00
    3.1850E+04    0.0000E+00    0.0000E+00    0.0000E+00    0.0000E+00
    3.1950E+04    0.0000E+00    0.0000E+00    0.0000E+00    0.0000E+00
    3.2100E+04    0.0000E+00    0.0000E+00    0.0000E+00    0.0000E+00
    3.2300E+04    0.0000E+00    0.0000E+00    0.0000E+00    0.0000E+00
    3.2500E+04    0.0000E+00    0.0000E+00    0.0000E+00    0.0000E+00
    3.2700E+04    0.0000E+00    0.0000E+00    0.0000E+00    0.0000E+00
    3.2900E+04    0.0000E+00    0.0000E+00    0.0000E+00    0.0000E+00
    3.3100E+04    0.0000E+00    0.0000E+00    0.0000E+00    0.0000E+00
    3.3300E+04    0.0000E+00    0.0000E+00    0.0000E+00    0.0000E+00
    3.3500E+04    0.0000E+00    0.0000E+00    0.0000E+00    0.0000E+00
    3.3700E+04    0.0000E+00    0.0000E+00    0.0000E+00    0.0000E+00
    3.3900E+04    0.0000E+00    0.0000E+00    0.0000E+00    0.0000E+00
    3.4100E+04    0.0000E+00    0.0000E+00    0.0000E+00    0.0000E+00
    3.4300E+04    0.0000E+00    0.0000E+00    0.0000E+00    0.0000E+00
    3.4500E+04    0.0000E+00    0.0000E+00    0.0000E+00    0.0000E+00
    3.4700E+04    0.0000E+00    0.0000E+00    0.0000E+00    0.0000E+00
    3.4900E+04    0.0000E+00    0.0000E+00    0.0000E+00    0.0000E+00
    3.5100E+04    0.0000E+00    0.0000E+00    0.0000E+00    0.0000E+00
    3.5300E+04    0.0000E+00    0.0000E+00    0.0000E+00    0.0000E+00
    3.5500E+04    0.0000E+00    0.0000E+00    0.0000E+00    0.0000E+00
    3.5700E+04    0.0000E+00    0.0000E+00    0.0000E+00    0.0000E+00
    3.5900E+04    0.0000E+00    0.0000E+00    0.0000E+00    0.0000E+00
    3.6100E+04    0.0000E+00    0.0000E+00    0.0000E+00    0.0000E+00
    3.6300E+04    0.0000E+00    0.0000E+00    0.0000E+00    0.0000E+00
    3.6500E+04    0.0000E+00    0.0000E+00    0.0000E+00    0.0000E+00
    3.6700E+04    0.0000E+00    0.0000E+00    0.0000E+00    0.0000E+00
    3.6900E+04    0.0000E+00    0.0000E+00    0.0000E+00    0.0000E+00
    3.7100E+04    0.0000E+00    0.0000E+00    0.0000E+00    0.0000E+00
    3.7300E+04    0.0000E+00    0.0000E+00    0.0000E+00    0.0000E+00
    3.7500E+04    0.0000E+00    0.0000E+00    0.0000E+00    0.0000E+00
    3.7700E+04    0.0000E+00    0.0000E+00    0.0000E+00    0.0000E+00
    3.7900E+04    0.0000E+00    0.0000E+00    0.0000E+00    0.0000E+00
    3.8100E+04    0.0000E+00    0.0000E+00    0.0000E+00    0.0000E+00
    3.8300E+04    0.0000E+00    0.0000E+00    0.0000E+00    0.0000E+00
    3.8500E+04    0.0000E+00    0.0000E+00    0.0000E+00    0.0000E+00
    3.8700E+04    0.0000E+00    0.0000E+00    0.0000E+00    0.0000E+00
    3.8900E+04    0.0000E+00    0.0000E+00    0.0000E+00    0.0000E+00
    3.9100E+04    0.0000E+00    0.0000E+00    0.0000E+00    0.0000E+00
    3.9300E+04    0.0000E+00    0.0000E+00    0.0000E+00    0.0000E+00
    3.9500E+04    0.0000E+00    0.0000E+00    0.0000E+00    0.0000E+00
    3.9700E+04    0.0000E+00    0.0000E+00    0.0000E+00    0.0000E+00
    3.9900E+04    0.0000E+00    0.0000E+00    0.0000E+00    0.0000E+00
    4.0100E+04    0.0000E+00    0.0000E+00    0.0000E+00    0.0000E+00
    4.0300E+04    0.0000E+00    0.0000E+00    0.0000E+00    0.0000E+00
    4.0500E+04    0.0000E+00    0.0000E+00    0.0000E+00    0.0000E+00
    4.0700E+04    0.0000E+00    0.0000E+00    0.0000E+00    0.0000E+00
    4.0900E+04    0.0000E+00    0.0000E+00    0.0000E+00    0.0000E+00
    4.1100E+04    0.0000E+00    0.0000E+00    0.0000E+00    0.0000E+00
    4.1300E+04    0.0000E+00    0.0000E+00    0.0000E+00    0.0000E+00
    4.1500E+04    0.0000E+00    0.0000E+00    0.0000E+00    0.0000E+00
    4.1700E+04    0.0000E+00    0.0000E+00    0.0000E+00    0.0000E+00
    4.1900E+04    0.0000E+00    0.0000E+00    0.0000E+00    0.0000E+00
    4.2100E+04    0.0000E+00    0.0000E+00    0.0000E+00    0.0000E+00
    4.2300E+04    0.0000E+00    0.0000E+00    0.0000E+00    0.0000E+00
    4.2500E+04    0.0000E+00    0.0000E+00    0.0000E+00    0.0000E+00
    4.2700E+04    0.0000E+00    0.0000E+00    0.0000E+00    0.0000E+00
    4.2900E+04    0.0000E+00    0.0000E+00    0.0000E+00    0.0000E+00
    4.3100E+04    0.0000E+00    0.0000E+00    0.0000E+00    0.0000E+00
    4.3300E+04    0.0000E+00    0.0000E+00    0.0000E+00    0.0000E+00
    4.3500E+04    0.0000E+00    0.0000E+00    0.0000E+00    0.0000E+00
    4.3700E+04    0.0000E+00    0.0000E+00    0.0000E+00    0.0000E+00
    4.3900E+04    0.0000E+00    0.0000E+00    0.0000E+00    0.0000E+00
    4.4100E+04    0.0000E+00    0.0000E+00    0.0000E+00    0.0000E+00
    4.4300E+04    0.0000E+00    0.0000E+00    0.0000E+00    0.0000E+00
    4.4500E+04    0.0000E+00    0.0000E+00    0.0000E+00    0.0000E+00
    4.4700E+04    0.0000E+00    0.0000E+00    0.0000E+00    0.0000E+00
    4.4900E+04    0.0000E+00    0.0000E+00    0.0000E+00    0.0000E+00
    4.5100E+04    0.0000E+00    0.0000E+00    0.0000E+00    0.0000E+00
    4.5300E+04    0.0000E+00    0.0000E+00    0.0000E+00    0.0000E+00
    4.5500E+04    0.0000E+00    0.0000E+00    0.0000E+00    0.0000E+00
    4.5700E+04    0.0000E+00    0.0000E+00    0.0000E+00    0.0000E+00
    4.5900E+04    0.0000E+00    0.0000E+00    0.0000E+00    0.0000E+00
    4.6100E+04    0.0000E+00    0.0000E+00    0.0000E+00    0.0000E+00
    4.6300E+04    0.0000E+00    0.0000E+00    0.0000E+00    0.0000E+00
    4.6500E+04    0.0000E+00    0.0000E+00    0.0000E+00    0.0000E+00
    4.6700E+04    0.0000E+00    0.0000E+00    0.0000E+00    0.0000E+00
    4.6900E+04    0.0000E+00    0.0000E+00    0.0000E+00    0.0000E+00
    4.7100E+04    0.0000E+00    0.0000E+00    0.0000E+00    0.0000E+00
    4.7300E+04    0.0000E+00    0.0000E+00    0.0000E+00    0.0000E+00
    4.7500E+04    0.0000E+00    0.0000E+00    0.0000E+00    0.0000E+00
    4.7700E+04    0.0000E+00    0.0000E+00    0.0000E+00    0.0000E+00
    4.7900E+04    0.0000E+00    0.0000E+00    0.0000E+00    0.0000E+00
    4.8100E+04    0.0000E+00    0.0000E+00    0.0000E+00    0.0000E+00
    4.8300E+04    0.0000E+00    0.0000E+00    0.0000E+00    0.0000E+00
    4.8500E+04    0.0000E+00    0.0000E+00    0.0000E+00    0.0000E+00
    4.8700E+04    0.0000E+00    0.0000E+00    0.0000E+00    0.0000E+00
    4.8900E+04    0.0000E+00    0.0000E+00    0.0000E+00    0.0000E+00
    4.9100E+04    0.0000E+00    0.0000E+00    0.0000E+00    0.0000E+00
    4.9300E+04    0.0000E+00    0.0000E+00    0.0000E+00    0.0000E+00
    4.9500E+04    0.0000E+00    0.0000E+00    0.0000E+00    0.0000E+00
    4.9700E+04    0.0000E+00    0.0000E+00    0.0000E+00    0.0000E+00
    4.9900E+04    0.0000E+00    0.0000E+00    0.0000E+00    0.0000E+00
    5.0100E+04    0.0000E+00    0.0000E+00    0.0000E+00    0.0000E+00
    5.0300E+04    0.0000E+00    0.0000E+00    0.0000E+00    0.0000E+00
    5.0500E+04    0.0000E+00    0.0000E+00    0.0000E+00    0.0000E+00
    5.0700E+04    0.0000E+00    0.0000E+00    0.0000E+00    0.0000E+00
    5.0900E+04    0.0000E+00    0.0000E+00    0.0000E+00    0.0000E+00
    5.1100E+04    0.0000E+00    0.0000E+00    0.0000E+00    0.0000E+00
    5.1300E+04    0.0000E+00    0.0000E+00    0.0000E+00    0.0000E+00
    5.1500E+04    0.0000E+00    0.0000E+00    0.0000E+00    0.0000E+00
    5.1700E+04    0.0000E+00    0.0000E+00    0.0000E+00    0.0000E+00
    5.1900E+04    0.0000E+00    0.0000E+00    0.0000E+00    0.0000E+00
    5.2100E+04    0.0000E+00    0.0000E+00    0.0000E+00    0.0000E+00
    5.2300E+04    0.0000E+00    0.0000E+00    0.0000E+00    0.0000E+00
    5.2500E+04    0.0000E+00    0.0000E+00    0.0000E+00    0.0000E+00
    5.2700E+04    0.0000E+00    0.0000E+00    0.0000E+00    0.0000E+00
    5.2900E+04    0.0000E+00    0.0000E+00    0.0000E+00    0.0000E+00
    5.3100E+04    0.0000E+00    0.0000E+00    0.0000E+00    0.0000E+00
    5.3300E+04    0.0000E+00    0.0000E+00    0.0000E+00    0.0000E+00
    5.3500E+04    0.0000E+00    0.0000E+00    0.0000E+00    0.0000E+00
    5.3700E+04    0.0000E+00    0.0000E+00    0.0000E+00    0.0000E+00
    5.3900E+04    0.0000E+00    0.0000E+00    0.0000E+00    0.0000E+00
    5.4100E+04    0.0000E+00    0.0000E+00    0.0000E+00    0.0000E+00
    5.4300E+04    0.0000E+00    0.0000E+00    0.0000E+00    0.0000E+00
    5.4500E+04    0.0000E+00    0.0000E+00    0.0000E+00    0.0000E+00
    5.4700E+04    0.0000E+00    0.0000E+00    0.0000E+00    0.0000E+00
    5.4900E+04    0.0000E+00    0.0000E+00    0.0000E+00    0.0000E+00
    5.5100E+04    0.0000E+00    0.0000E+00    0.0000E+00    0.0000E+00
    5.5300E+04    0.0000E+00    0.0000E+00    0.0000E+00    0.0000E+00
    5.5500E+04    0.0000E+00    0.0000E+00    0.0000E+00    0.0000E+00
    5.5700E+04    0.0000E+00    0.0000E+00    0.0000E+00    0.0000E+00
    5.5900E+04    0.0000E+00    0.0000E+00    0.0000E+00    0.0000E+00
    5.6100E+04    0.0000E+00    0.0000E+00    0.0000E+00    0.0000E+00
    5.6300E+04    0.0000E+00    0.0000E+00    0.0000E+00    0.0000E+00
    5.6500E+04    0.0000E+00    0.0000E+00    0.0000E+00    0.0000E+00
    5.6700E+04    0.0000E+00    0.0000E+00    0.0000E+00    0.0000E+00
    5.6900E+04    0.0000E+00    0.0000E+00    0.0000E+00    0.0000E+00
    5.7100E+04    0.0000E+00    0.0000E+00    0.0000E+00    0.0000E+00
    5.7300E+04    0.0000E+00    0.0000E+00    0.0000E+00    0.0000E+00
    5.7500E+04    0.0000E+00    0.0000E+00    0.0000E+00    0.0000E+00
    5.7700E+04    0.0000E+00    0.0000E+00    0.0000E+00    0.0000E+00
    5.7900E+04    0.0000E+00    0.0000E+00    0.0000E+00    0.0000E+00
    5.8100E+04    0.0000E+00    0.0000E+00    0.0000E+00    0.0000E+00
    5.8300E+04    0.0000E+00    0.0000E+00    0.0000E+00    0.0000E+00
    5.8500E+04    0.0000E+00    0.0000E+00    0.0000E+00    0.0000E+00
    5.8700E+04    0.0000E+00    0.0000E+00    0.0000E+00    0.0000E+00
    5.8900E+04    0.0000E+00    0.0000E+00    0.0000E+00    0.0000E+00
    5.9100E+04    0.0000E+00    0.0000E+00    0.0000E+00    0.0000E+00
    5.9300E+04    0.0000E+00    0.0000E+00    0.0000E+00    0.0000E+00
    5.9500E+04    0.0000E+00    0.0000E+00    0.0000E+00    0.0000E+00
    5.9700E+04    0.0000E+00    0.0000E+00    0.0000E+00    0.0000E+00
    5.9900E+04    0.0000E+00    0.0000E+00    0.0000E+00    0.0000E+00
    6.0100E+04    0.0000E+00    0.0000E+00    0.0000E+00    0.0000E+00
    6.0300E+04    0.0000E+00    0.0000E+00    0.0000E+00    0.0000E+00
    6.0500E+04    0.0000E+00    0.0000E+00    0.0000E+00    0.0000E+00
    6.0700E+04    0.0000E+00    0.0000E+00    0.0000E+00    0.0000E+00
    6.0900E+04    0.0000E+00    0.0000E+00    0.0000E+00    0.0000E+00
    6.1100E+04    0.0000E+00    0.0000E+00    0.0000E+00    0.0000E+00
    6.1300E+04    0.0000E+00    0.0000E+00    0.0000E+00    0.0000E+00
    6.1500E+04    0.0000E+00    0.0000E+00    0.0000E+00    0.0000E+00
    6.1700E+04    0.0000E+00    0.0000E+00    0.0000E+00    0.0000E+00
    6.1900E+04    0.0000E+00    0.0000E+00    0.0000E+00    0.0000E+00
    6.2100E+04    0.0000E+00    0.0000E+00    0.0000E+00    0.0000E+00
    6.2300E+04    0.0000E+00    0.0000E+00    0.0000E+00    0.0000E+00
    6.2500E+04    0.0000E+00    0.0000E+00    0.0000E+00    0.0000E+00
    6.2700E+04    0.0000E+00    0.0000E+00    0.0000E+00    0.0000E+00
    6.2900E+04    0.0000E+00    0.0000E+00    0.0000E+00    0.0000E+00
    6.3100E+04    0.0000E+00    0.0000E+00    0.0000E+00    0.0000E+00
    6.3300E+04    0.0000E+00    0.0000E+00    0.0000E+00    0.0000E+00
    6.3500E+04    0.0000E+00    0.0000E+00    0.0000E+00    0.0000E+00
    6.3700E+04    0.0000E+00    0.0000E+00    0.0000E+00    0.0000E+00
    6.3900E+04    0.0000E+00    0.0000E+00    0.0000E+00    0.0000E+00
    6.4200E+04    0.0000E+00    0.0000E+00    0.0000E+00    0.0000E+00
    6.4600E+04    0.0000E+00    0.0000E+00    0.0000E+00    0.0000E+00
    6.5000E+04    0.0000E+00    0.0000E+00    0.0000E+00    0.0000E+00
    6.5400E+04    0.0000E+00    0.0000E+00    0.0000E+00    0.0000E+00
    6.5800E+04    0.0000E+00    0.0000E+00    0.0000E+00    0.0000E+00
    6.6200E+04    0.0000E+00    0.0000E+00    0.0000E+00    0.0000E+00
    6.6600E+04    0.0000E+00    0.0000E+00    0.0000E+00    0.0000E+00
    6.7000E+04    0.0000E+00    0.0000E+00    0.0000E+00    0.0000E+00
    6.7400E+04    0.0000E+00    0.0000E+00    0.0000E+00    0.0000E+00
    6.7800E+04    0.0000E+00    0.0000E+00    0.0000E+00    0.0000E+00
    6.8200E+04    0.0000E+00    0.0000E+00    0.0000E+00    0.0000E+00
    6.8600E+04    0.0000E+00    0.0000E+00    0.0000E+00    0.0000E+00
    6.9000E+04    0.0000E+00    0.0000E+00    0.0000E+00    0.0000E+00
    6.9400E+04    0.0000E+00    0.0000E+00    0.0000E+00    0.0000E+00
    6.9800E+04    0.0000E+00    0.0000E+00    0.0000E+00    0.0000E+00
    7.0200E+04    0.0000E+00    0.0000E+00    0.0000E+00    0.0000E+00
    7.0600E+04    0.0000E+00    0.0000E+00    0.0000E+00    0.0000E+00
    7.1000E+04    0.0000E+00    0.0000E+00    0.0000E+00    0.0000E+00
    7.1400E+04    0.0000E+00    0.0000E+00    0.0000E+00    0.0000E+00
    7.1800E+04    0.0000E+00    0.0000E+00    0.0000E+00    0.0000E+00
    7.2200E+04    0.0000E+00    0.0000E+00    0.0000E+00    0.0000E+00
    7.2600E+04    0.0000E+00    0.0000E+00    0.0000E+00    0.0000E+00
    7.3000E+04    0.0000E+00    0.0000E+00    0.0000E+00    0.0000E+00
    7.3400E+04    0.0000E+00    0.0000E+00    0.0000E+00    0.0000E+00
    7.3800E+04    0.0000E+00    0.0000E+00    0.0000E+00    0.0000E+00
    7.4200E+04    0.0000E+00    0.0000E+00    0.0000E+00    0.0000E+00
    7.4600E+04    0.0000E+00    0.0000E+00    0.0000E+00    0.0000E+00
    7.5000E+04    0.0000E+00    0.0000E+00    0.0000E+00    0.0000E+00
    7.5400E+04    0.0000E+00    0.0000E+00    0.0000E+00    0.0000E+00
    7.5800E+04    0.0000E+00    0.0000E+00    0.0000E+00    0.0000E+00
    7.6200E+04    0.0000E+00    0.0000E+00    0.0000E+00    0.0000E+00
    7.6600E+04    0.0000E+00    0.0000E+00    0.0000E+00    0.0000E+00
    7.7000E+04    0.0000E+00    0.0000E+00    0.0000E+00    0.0000E+00
    7.7400E+04    0.0000E+00    0.0000E+00    0.0000E+00    0.0000E+00
    7.7800E+04    0.0000E+00    0.0000E+00    0.0000E+00    0.0000E+00
    7.8200E+04    0.0000E+00    0.0000E+00    0.0000E+00    0.0000E+00
    7.8600E+04    0.0000E+00    0.0000E+00    0.0000E+00    0.0000E+00
    7.9000E+04    0.0000E+00    0.0000E+00    0.0000E+00    0.0000E+00
    7.9400E+04    0.0000E+00    0.0000E+00    0.0000E+00    0.0000E+00
    7.9800E+04    0.0000E+00    0.0000E+00    0.0000E+00    0.0000E+00
    8.0200E+04    0.0000E+00    0.0000E+00    0.0000E+00    0.0000E+00
    8.0600E+04    0.0000E+00    0.0000E+00    0.0000E+00    0.0000E+00
    8.1000E+04    0.0000E+00    0.0000E+00    0.0000E+00    0.0000E+00
    8.1400E+04    0.0000E+00    0.0000E+00    0.0000E+00    0.0000E+00
    8.1800E+04    0.0000E+00    0.0000E+00    0.0000E+00    0.0000E+00
    8.2200E+04    0.0000E+00    0.0000E+00    0.0000E+00    0.0000E+00
    8.2600E+04    0.0000E+00    0.0000E+00    0.0000E+00    0.0000E+00
    8.3000E+04    0.0000E+00    0.0000E+00    0.0000E+00    0.0000E+00
    8.3400E+04    0.0000E+00    0.0000E+00    0.0000E+00    0.0000E+00
    8.3800E+04    0.0000E+00    0.0000E+00    0.0000E+00    0.0000E+00
    8.4200E+04    0.0000E+00    0.0000E+00    0.0000E+00    0.0000E+00
    8.4600E+04    0.0000E+00    0.0000E+00    0.0000E+00    0.0000E+00
    8.5000E+04    0.0000E+00    0.0000E+00    0.0000E+00    0.0000E+00
    8.5400E+04    0.0000E+00    0.0000E+00    0.0000E+00    0.0000E+00
    8.5800E+04    0.0000E+00    0.0000E+00    0.0000E+00    0.0000E+00
    8.6200E+04    0.0000E+00    0.0000E+00    0.0000E+00    0.0000E+00
    8.6600E+04    0.0000E+00    0.0000E+00    0.0000E+00    0.0000E+00
    8.7000E+04    0.0000E+00    0.0000E+00    0.0000E+00    0.0000E+00
    8.7400E+04    0.0000E+00    0.0000E+00    0.0000E+00    0.0000E+00
    8.7800E+04    0.0000E+00    0.0000E+00    0.0000E+00    0.0000E+00
    8.8200E+04    0.0000E+00    0.0000E+00    0.0000E+00    0.0000E+00
    8.8600E+04    0.0000E+00    0.0000E+00    0.0000E+00    0.0000E+00
    8.9000E+04    0.0000E+00    0.0000E+00    0.0000E+00    0.0000E+00
    8.9400E+04    0.0000E+00    0.0000E+00    0.0000E+00    0.0000E+00
    8.9800E+04    0.0000E+00    0.0000E+00    0.0000E+00    0.0000E+00
    9.0200E+04    0.0000E+00    0.0000E+00    0.0000E+00    0.0000E+00
    9.0600E+04    0.0000E+00    0.0000E+00    0.0000E+00    0.0000E+00
    9.1000E+04    0.0000E+00    0.0000E+00    0.0000E+00    0.0000E+00
    9.1400E+04    0.0000E+00    0.0000E+00    0.0000E+00    0.0000E+00
    9.1800E+04    0.0000E+00    0.0000E+00    0.0000E+00    0.0000E+00
    9.2200E+04    0.0000E+00    0.0000E+00    0.0000E+00    0.0000E+00
    9.2600E+04    0.0000E+00    0.0000E+00    0.0000E+00    0.0000E+00
    9.3000E+04    0.0000E+00    0.0000E+00    0.0000E+00    0.0000E+00
    9.3400E+04    0.0000E+00    0.0000E+00    0.0000E+00    0.0000E+00
    9.3800E+04    0.0000E+00    0.0000E+00    0.0000E+00    0.0000E+00
    9.4200E+04    0.0000E+00    0.0000E+00    0.0000E+00    0.0000E+00
    9.4600E+04    0.0000E+00    0.0000E+00    0.0000E+00    0.0000E+00
    9.5000E+04    0.0000E+00    0.0000E+00    0.0000E+00    0.0000E+00
    9.5400E+04    0.0000E+00    0.0000E+00    0.0000E+00    0.0000E+00
    9.5800E+04    0.0000E+00    0.0000E+00    0.0000E+00    0.0000E+00
    9.6200E+04    0.0000E+00    0.0000E+00    0.0000E+00    0.0000E+00
    9.6600E+04    0.0000E+00    0.0000E+00    0.0000E+00    0.0000E+00
    9.7000E+04    0.0000E+00    0.0000E+00    0.0000E+00    0.0000E+00
    9.7400E+04    0.0000E+00    0.0000E+00    0.0000E+00    0.0000E+00
    9.7800E+04    0.0000E+00    0.0000E+00    0.0000E+00    0.0000E+00
    9.8200E+04    0.0000E+00    0.0000E+00    0.0000E+00    0.0000E+00
    9.8600E+04    0.0000E+00    0.0000E+00    0.0000E+00    0.0000E+00
    9.9000E+04    0.0000E+00    0.0000E+00    0.0000E+00    0.0000E+00
    9.9400E+04    0.0000E+00    0.0000E+00    0.0000E+00    0.0000E+00
    9.9800E+04    0.0000E+00    0.0000E+00    0.0000E+00    0.0000E+00
    1.0020E+05    0.0000E+00    0.0000E+00    0.0000E+00    0.0000E+00
    2.0000E+05    0.0000E+00    0.0000E+00    0.0000E+00    0.0000E+00
    4.0000E+05    0.0000E+00    0.0000E+00    0.0000E+00    0.0000E+00
    6.0000E+05    0.0000E+00    0.0000E+00    0.0000E+00    0.0000E+00
    8.0000E+05    0.0000E+00    0.0000E+00    0.0000E+00    0.0000E+00
    1.0000E+06    0.0000E+00    0.0000E+00    0.0000E+00    0.0000E+00
    1.2000E+06    0.0000E+00    0.0000E+00    0.0000E+00    0.0000E+00
    1.4000E+06    0.0000E+00    0.0000E+00    0.0000E+00    0.0000E+00
    1.6000E+06    0.0000E+00    0.0000E+00    0.0000E+00    0.0000E+00
