    9.1000E+01    0.0000E+00    0.0000E+00    0.0000E+00    0.0000E+00
    9.4000E+01    0.0000E+00    0.0000E+00    0.0000E+00    0.0000E+00
    9.6000E+01    0.0000E+00    0.0000E+00    0.0000E+00    0.0000E+00
    9.8000E+01    0.0000E+00    0.0000E+00    0.0000E+00    0.0000E+00
    1.0000E+02    0.0000E+00    0.0000E+00    0.0000E+00    0.0000E+00
    1.0200E+02    0.0000E+00    0.0000E+00    0.0000E+00    0.0000E+00
    1.0400E+02    0.0000E+00    0.0000E+00    0.0000E+00    0.0000E+00
    1.0600E+02    0.0000E+00    0.0000E+00    0.0000E+00    0.0000E+00
    1.0800E+02    0.0000E+00    0.0000E+00    0.0000E+00    0.0000E+00
    1.1000E+02    0.0000E+00    0.0000E+00    0.0000E+00    0.0000E+00
    1.1400E+02    0.0000E+00    0.0000E+00    0.0000E+00    0.0000E+00
    1.1800E+02    0.0000E+00    0.0000E+00    0.0000E+00    0.0000E+00
    1.2100E+02    0.0000E+00    0.0000E+00    0.0000E+00    0.0000E+00
    1.2500E+02    0.0000E+00    0.0000E+00    0.0000E+00    0.0000E+00
    1.2700E+02    0.0000E+00    0.0000E+00    0.0000E+00    0.0000E+00
    1.2800E+02    0.0000E+00    0.0000E+00    0.0000E+00    0.0000E+00
    1.3100E+02    0.0000E+00    0.0000E+00    0.0000E+00    0.0000E+00
    1.3200E+02    0.0000E+00    0.0000E+00    0.0000E+00    0.0000E+00
    1.3400E+02    0.0000E+00    0.0000E+00    0.0000E+00    0.0000E+00
    1.3700E+02    0.0000E+00    0.0000E+00    0.0000E+00    0.0000E+00
    1.4000E+02    0.0000E+00    0.0000E+00    0.0000E+00    0.0000E+00
    1.4300E+02    0.0000E+00    0.0000E+00    0.0000E+00    0.0000E+00
    1.4700E+02    0.0000E+00    0.0000E+00    0.0000E+00    0.0000E+00
    1.5100E+02    0.0000E+00    0.0000E+00    0.0000E+00    0.0000E+00
    1.5500E+02    0.0000E+00    0.0000E+00    0.0000E+00    0.0000E+00
    1.5900E+02    0.0000E+00    0.0000E+00    0.0000E+00    0.0000E+00
    1.6200E+02    0.0000E+00    0.0000E+00    0.0000E+00    0.0000E+00
    1.6600E+02    0.0000E+00    0.0000E+00    0.0000E+00    0.0000E+00
    1.7000E+02    0.0000E+00    0.0000E+00    0.0000E+00    0.0000E+00
    1.7300E+02    0.0000E+00    0.0000E+00    0.0000E+00    0.0000E+00
    1.7700E+02    0.0000E+00    0.0000E+00    0.0000E+00    0.0000E+00
    1.8000E+02    0.0000E+00    0.0000E+00    0.0000E+00    0.0000E+00
    1.8200E+02    0.0000E+00    0.0000E+00    0.0000E+00    0.0000E+00
    1.8600E+02    0.0000E+00    0.0000E+00    0.0000E+00    0.0000E+00
    1.9100E+02    0.0000E+00    0.0000E+00    0.0000E+00    0.0000E+00
    1.9400E+02    0.0000E+00    0.0000E+00    0.0000E+00    0.0000E+00
    1.9800E+02    0.0000E+00    0.0000E+00    0.0000E+00    0.0000E+00
    2.0200E+02    0.0000E+00    0.0000E+00    0.0000E+00    0.0000E+00
    2.0500E+02    0.0000E+00    0.0000E+00    0.0000E+00    0.0000E+00
    2.1000E+02    0.0000E+00    0.0000E+00    0.0000E+00    0.0000E+00
    2.1600E+02    0.0000E+00    0.0000E+00    0.0000E+00    0.0000E+00
    2.2000E+02    0.0000E+00    0.0000E+00    0.0000E+00    0.0000E+00
    2.2300E+02    0.0000E+00    0.0000E+00    0.0000E+00    0.0000E+00
    2.2700E+02    0.0000E+00    0.0000E+00    0.0000E+00    0.0000E+00
    2.3000E+02    0.0000E+00    0.0000E+00    0.0000E+00    0.0000E+00
    2.3400E+02    0.0000E+00    0.0000E+00    0.0000E+00    0.0000E+00
    2.4000E+02    0.0000E+00    0.0000E+00    0.0000E+00    0.0000E+00
    2.4600E+02    0.0000E+00    0.0000E+00    0.0000E+00    0.0000E+00
    2.5200E+02    0.0000E+00    0.0000E+00    0.0000E+00    0.0000E+00
    2.5700E+02    0.0000E+00    0.0000E+00    0.0000E+00    0.0000E+00
    2.6000E+02    0.0000E+00    0.0000E+00    0.0000E+00    0.0000E+00
    2.6400E+02    0.0000E+00    0.0000E+00    0.0000E+00    0.0000E+00
    2.6900E+02    0.0000E+00    0.0000E+00    0.0000E+00    0.0000E+00
    2.7400E+02    0.0000E+00    0.0000E+00    0.0000E+00    0.0000E+00
    2.7900E+02    0.0000E+00    0.0000E+00    0.0000E+00    0.0000E+00
    2.8400E+02    0.0000E+00    0.0000E+00    0.0000E+00    0.0000E+00
    2.9000E+02    0.0000E+00    0.0000E+00    0.0000E+00    0.0000E+00
    2.9600E+02    0.0000E+00    0.0000E+00    0.0000E+00    0.0000E+00
    3.0100E+02    0.0000E+00    0.0000E+00    0.0000E+00    0.0000E+00
    3.0800E+02    0.0000E+00    0.0000E+00    0.0000E+00    0.0000E+00
    3.1800E+02    0.0000E+00    0.0000E+00    0.0000E+00    0.0000E+00
    3.2800E+02    0.0000E+00    0.0000E+00    0.0000E+00    0.0000E+00
    3.3800E+02    0.0000E+00    0.0000E+00    0.0000E+00    0.0000E+00
    3.4800E+02    0.0000E+00    0.0000E+00    0.0000E+00    0.0000E+00
    3.5700E+02    0.0000E+00    0.0000E+00    0.0000E+00    0.0000E+00
    3.6600E+02    0.0000E+00    0.0000E+00    0.0000E+00    0.0000E+00
    3.7500E+02    0.0000E+00    0.0000E+00    0.0000E+00    0.0000E+00
    3.8500E+02    0.0000E+00    0.0000E+00    0.0000E+00    0.0000E+00
    3.9500E+02    0.0000E+00    0.0000E+00    0.0000E+00    0.0000E+00
    4.0500E+02    0.0000E+00    0.0000E+00    0.0000E+00    0.0000E+00
    4.1400E+02    0.0000E+00    0.0000E+00    0.0000E+00    0.0000E+00
    4.2200E+02    0.0000E+00    0.0000E+00    0.0000E+00    0.0000E+00
    4.3000E+02    0.0000E+00    0.0000E+00    0.0000E+00    0.0000E+00
    4.4100E+02    0.0000E+00    0.0000E+00    0.0000E+00    0.0000E+00
    4.5100E+02    0.0000E+00    0.0000E+00    0.0000E+00    0.0000E+00
    4.6000E+02    0.0000E+00    0.0000E+00    0.0000E+00    0.0000E+00
    4.7000E+02    0.0000E+00    0.0000E+00    0.0000E+00    0.0000E+00
    4.8000E+02    0.0000E+00    0.0000E+00    0.0000E+00    0.0000E+00
    4.9000E+02    0.0000E+00    0.0000E+00    0.0000E+00    0.0000E+00
    5.0000E+02    0.0000E+00    0.0000E+00    0.0000E+00    0.0000E+00
    5.0600E+02    0.0000E+00    0.0000E+00    0.0000E+00    0.0000E+00
    5.1200E+02    0.0000E+00    0.0000E+00    0.0000E+00    0.0000E+00
    5.2000E+02    0.0000E+00    0.0000E+00    0.0000E+00    0.0000E+00
    5.3000E+02    0.0000E+00    0.0000E+00    0.0000E+00    0.0000E+00
    5.4000E+02    0.0000E+00    0.0000E+00    0.0000E+00    0.0000E+00
    5.5000E+02    0.0000E+00    0.0000E+00    0.0000E+00    0.0000E+00
    5.6000E+02    0.0000E+00    0.0000E+00    0.0000E+00    0.0000E+00
    5.7000E+02    0.0000E+00    0.0000E+00    0.0000E+00    0.0000E+00
    5.8000E+02    0.0000E+00    0.0000E+00    0.0000E+00    0.0000E+00
    5.9000E+02    0.0000E+00    0.0000E+00    0.0000E+00    0.0000E+00
    6.0000E+02    0.0000E+00    0.0000E+00    0.0000E+00    0.0000E+00
    6.1000E+02    0.0000E+00    0.0000E+00    0.0000E+00    0.0000E+00
    6.2000E+02    0.0000E+00    0.0000E+00    0.0000E+00    0.0000E+00
    6.3000E+02    0.0000E+00    0.0000E+00    0.0000E+00    0.0000E+00
    6.4000E+02    0.0000E+00    0.0000E+00    0.0000E+00    0.0000E+00
    6.5000E+02    0.0000E+00    0.0000E+00    0.0000E+00    0.0000E+00
    6.5800E+02    0.0000E+00    0.0000E+00    0.0000E+00    0.0000E+00
    6.6500E+02    0.0000E+00    0.0000E+00    0.0000E+00    0.0000E+00
    6.7500E+02    0.0000E+00    0.0000E+00    0.0000E+00    0.0000E+00
    6.8500E+02    0.0000E+00    0.0000E+00    0.0000E+00    0.0000E+00
    6.9500E+02    0.0000E+00    0.0000E+00    0.0000E+00    0.0000E+00
    7.0500E+02    0.0000E+00    0.0000E+00    0.0000E+00    0.0000E+00
    7.1600E+02    0.0000E+00    0.0000E+00    0.0000E+00    0.0000E+00
    7.2600E+02    0.0000E+00    0.0000E+00    0.0000E+00    0.0000E+00
    7.3500E+02    0.0000E+00    0.0000E+00    0.0000E+00    0.0000E+00
    7.4500E+02    0.0000E+00    0.0000E+00    0.0000E+00    0.0000E+00
    7.5500E+02    0.0000E+00    0.0000E+00    0.0000E+00    0.0000E+00
    7.6500E+02    0.0000E+00    0.0000E+00    0.0000E+00    0.0000E+00
    7.7500E+02    0.0000E+00    0.0000E+00    0.0000E+00    0.0000E+00
    7.8500E+02    0.0000E+00    0.0000E+00    0.0000E+00    0.0000E+00
    7.9500E+02    0.0000E+00    0.0000E+00    0.0000E+00    0.0000E+00
    8.0500E+02    0.0000E+00    0.0000E+00    0.0000E+00    0.0000E+00
    8.1500E+02    0.0000E+00    0.0000E+00    0.0000E+00    0.0000E+00
    8.2500E+02    0.0000E+00    0.0000E+00    0.0000E+00    0.0000E+00
    8.3500E+02    0.0000E+00    0.0000E+00    0.0000E+00    0.0000E+00
    8.4500E+02    0.0000E+00    0.0000E+00    0.0000E+00    0.0000E+00
    8.5500E+02    0.0000E+00    0.0000E+00    0.0000E+00    0.0000E+00
    8.6500E+02    0.0000E+00    0.0000E+00    0.0000E+00    0.0000E+00
    8.7500E+02    0.0000E+00    0.0000E+00    0.0000E+00    0.0000E+00
    8.8500E+02    0.0000E+00    0.0000E+00    0.0000E+00    0.0000E+00
    8.9500E+02    0.0000E+00    0.0000E+00    0.0000E+00    0.0000E+00
    9.0500E+02    0.0000E+00    0.0000E+00    0.0000E+00    0.0000E+00
    9.1500E+02    0.0000E+00    0.0000E+00    0.0000E+00    0.0000E+00
    9.2500E+02    0.0000E+00    0.0000E+00    0.0000E+00    0.0000E+00
    9.3500E+02    0.0000E+00    0.0000E+00    0.0000E+00    0.0000E+00
    9.4500E+02    0.0000E+00    0.0000E+00    0.0000E+00    0.0000E+00
    9.5500E+02    0.0000E+00    0.0000E+00    0.0000E+00    0.0000E+00
    9.6500E+02    0.0000E+00    0.0000E+00    0.0000E+00    0.0000E+00
    9.7500E+02    0.0000E+00    0.0000E+00    0.0000E+00    0.0000E+00
    9.8500E+02    0.0000E+00    0.0000E+00    0.0000E+00    0.0000E+00
    9.9500E+02    0.0000E+00    0.0000E+00    0.0000E+00    0.0000E+00
    1.0050E+03    0.0000E+00    0.0000E+00    0.0000E+00    0.0000E+00
    1.0150E+03    0.0000E+00    0.0000E+00    0.0000E+00    0.0000E+00
    1.0250E+03    0.0000E+00    0.0000E+00    0.0000E+00    0.0000E+00
    1.0350E+03    0.0000E+00    0.0000E+00    0.0000E+00    0.0000E+00
    1.0450E+03    0.0000E+00    0.0000E+00    0.0000E+00    0.0000E+00
    1.0550E+03    0.0000E+00    0.0000E+00    0.0000E+00    0.0000E+00
    1.0650E+03    0.0000E+00    0.0000E+00    0.0000E+00    0.0000E+00
    1.0750E+03    0.0000E+00    0.0000E+00    0.0000E+00    0.0000E+00
    1.0850E+03    0.0000E+00    0.0000E+00    0.0000E+00    0.0000E+00
    1.0950E+03    0.0000E+00    0.0000E+00    0.0000E+00    0.0000E+00
    1.1050E+03    0.0000E+00    0.0000E+00    0.0000E+00    0.0000E+00
    1.1150E+03    0.0000E+00    0.0000E+00    0.0000E+00    0.0000E+00
    1.1250E+03    0.0000E+00    0.0000E+00    0.0000E+00    0.0000E+00
    1.1350E+03    0.0000E+00    0.0000E+00    0.0000E+00    0.0000E+00
    1.1450E+03    0.0000E+00    0.0000E+00    0.0000E+00    0.0000E+00
    1.1550E+03    0.0000E+00    0.0000E+00    0.0000E+00    0.0000E+00
    1.1650E+03    0.0000E+00    0.0000E+00    0.0000E+00    0.0000E+00
    1.1750E+03    0.0000E+00    0.0000E+00    0.0000E+00    0.0000E+00
    1.1850E+03    0.0000E+00    0.0000E+00    0.0000E+00    0.0000E+00
    1.1950E+03    0.0000E+00    0.0000E+00    0.0000E+00    0.0000E+00
    1.2050E+03    0.0000E+00    0.0000E+00    0.0000E+00    0.0000E+00
    1.2150E+03    0.0000E+00    0.0000E+00    0.0000E+00    0.0000E+00
    1.2250E+03    4.6109E+29    2.3051E+30    2.3367E+30    2.3367E+30
    1.2350E+03    0.0000E+00    0.0000E+00    0.0000E+00    0.0000E+00
    1.2450E+03    0.0000E+00    0.0000E+00    0.0000E+00    0.0000E+00
    1.2550E+03    0.0000E+00    0.0000E+00    0.0000E+00    0.0000E+00
    1.2650E+03    8.2415E+25    7.5038E+26    1.3009E+27    1.4577E+27
    1.2750E+03    0.0000E+00    0.0000E+00    0.0000E+00    0.0000E+00
    1.2850E+03    0.0000E+00    0.0000E+00    0.0000E+00    0.0000E+00
    1.2950E+03    0.0000E+00    0.0000E+00    0.0000E+00    0.0000E+00
    1.3050E+03    0.0000E+00    0.0000E+00    0.0000E+00    0.0000E+00
    1.3150E+03    4.4803E+25    4.2642E+26    7.5953E+26    8.7447E+26
    1.3250E+03    0.0000E+00    0.0000E+00    0.0000E+00    0.0000E+00
    1.3350E+03    1.9202E+26    1.4930E+27    2.2347E+27    2.5092E+27
    1.3450E+03    0.0000E+00    0.0000E+00    0.0000E+00    0.0000E+00
    1.3550E+03    0.0000E+00    0.0000E+00    0.0000E+00    0.0000E+00
    1.3650E+03    0.0000E+00    0.0000E+00    0.0000E+00    0.0000E+00
    1.3750E+03    0.0000E+00    0.0000E+00    0.0000E+00    0.0000E+00
    1.3850E+03    0.0000E+00    0.0000E+00    0.0000E+00    0.0000E+00
    1.3950E+03    0.0000E+00    0.0000E+00    0.0000E+00    0.0000E+00
    1.4050E+03    1.7482E+27    8.7035E+27    9.6287E+27    1.0017E+28
    1.4150E+03    0.0000E+00    0.0000E+00    0.0000E+00    0.0000E+00
    1.4250E+03    0.0000E+00    0.0000E+00    0.0000E+00    0.0000E+00
    1.4350E+03    0.0000E+00    0.0000E+00    0.0000E+00    0.0000E+00
    1.4420E+03    0.0000E+00    0.0000E+00    0.0000E+00    0.0000E+00
    1.4470E+03    0.0000E+00    0.0000E+00    0.0000E+00    0.0000E+00
    1.4550E+03    0.0000E+00    0.0000E+00    0.0000E+00    0.0000E+00
    1.4650E+03    0.0000E+00    0.0000E+00    0.0000E+00    0.0000E+00
    1.4750E+03    0.0000E+00    0.0000E+00    0.0000E+00    0.0000E+00
    1.4850E+03    0.0000E+00    0.0000E+00    0.0000E+00    0.0000E+00
    1.4950E+03    1.1565E+27    4.4428E+27    4.4072E+27    4.4062E+27
    1.5050E+03    0.0000E+00    0.0000E+00    0.0000E+00    0.0000E+00
    1.5120E+03    0.0000E+00    0.0000E+00    0.0000E+00    0.0000E+00
    1.5170E+03    0.0000E+00    0.0000E+00    0.0000E+00    0.0000E+00
    1.5250E+03    0.0000E+00    0.0000E+00    0.0000E+00    0.0000E+00
    1.5350E+03    5.8555E+25    5.0518E+26    8.6982E+26    1.0315E+27
    1.5450E+03    0.0000E+00    0.0000E+00    0.0000E+00    0.0000E+00
    1.5550E+03    1.5389E+28    5.6178E+28    5.6917E+28    5.7508E+28
    1.5650E+03    0.0000E+00    0.0000E+00    0.0000E+00    0.0000E+00
    1.5750E+03    0.0000E+00    0.0000E+00    0.0000E+00    0.0000E+00
    1.5850E+03    0.0000E+00    0.0000E+00    0.0000E+00    0.0000E+00
    1.5950E+03    0.0000E+00    0.0000E+00    0.0000E+00    0.0000E+00
    1.6050E+03    0.0000E+00    0.0000E+00    0.0000E+00    0.0000E+00
    1.6150E+03    0.0000E+00    0.0000E+00    0.0000E+00    0.0000E+00
    1.6250E+03    0.0000E+00    0.0000E+00    0.0000E+00    0.0000E+00
    1.6350E+03    0.0000E+00    0.0000E+00    0.0000E+00    0.0000E+00
    1.6450E+03    2.6276E+26    9.3223E+26    9.2687E+26    9.2687E+26
    1.6550E+03    0.0000E+00    0.0000E+00    0.0000E+00    0.0000E+00
    1.6650E+03    3.1284E+27    1.4459E+28    1.4469E+28    1.4458E+28
    1.6720E+03    1.1938E+26    9.0489E+26    1.3678E+27    1.5763E+27
    1.6770E+03    0.0000E+00    0.0000E+00    0.0000E+00    0.0000E+00
    1.6850E+03    0.0000E+00    0.0000E+00    0.0000E+00    0.0000E+00
    1.6950E+03    0.0000E+00    0.0000E+00    0.0000E+00    0.0000E+00
    1.7050E+03    0.0000E+00    0.0000E+00    0.0000E+00    0.0000E+00
    1.7150E+03    0.0000E+00    0.0000E+00    0.0000E+00    0.0000E+00
    1.7250E+03    0.0000E+00    0.0000E+00    0.0000E+00    0.0000E+00
    1.7350E+03    0.0000E+00    0.0000E+00    0.0000E+00    0.0000E+00
    1.7450E+03    0.0000E+00    0.0000E+00    0.0000E+00    0.0000E+00
    1.7550E+03    8.3266E+26    4.6017E+27    4.6346E+27    4.6335E+27
    1.7650E+03    0.0000E+00    0.0000E+00    0.0000E+00    0.0000E+00
    1.7750E+03    0.0000E+00    0.0000E+00    0.0000E+00    0.0000E+00
    1.7850E+03    0.0000E+00    0.0000E+00    0.0000E+00    0.0000E+00
    1.7950E+03    4.5481E+25    3.9789E+26    7.1492E+26    8.7047E+26
    1.8050E+03    0.0000E+00    0.0000E+00    0.0000E+00    0.0000E+00
    1.8150E+03    1.5888E+26    8.1843E+26    8.6148E+26    8.8083E+26
    1.8250E+03    0.0000E+00    0.0000E+00    0.0000E+00    0.0000E+00
    1.8350E+03    0.0000E+00    0.0000E+00    0.0000E+00    0.0000E+00
    1.8450E+03    0.0000E+00    0.0000E+00    0.0000E+00    0.0000E+00
    1.8550E+03    0.0000E+00    0.0000E+00    0.0000E+00    0.0000E+00
    1.8650E+03    1.7786E+26    1.2571E+27    1.7907E+27    2.0577E+27
    1.8750E+03    0.0000E+00    0.0000E+00    0.0000E+00    0.0000E+00
    1.8850E+03    0.0000E+00    0.0000E+00    0.0000E+00    0.0000E+00
    1.8950E+03    4.6406E+27    2.6099E+28    2.6392E+28    2.6392E+28
    1.9050E+03    0.0000E+00    0.0000E+00    0.0000E+00    0.0000E+00
    1.9150E+03    1.2485E+28    6.6277E+28    6.6615E+28    6.6603E+28
    1.9250E+03    0.0000E+00    0.0000E+00    0.0000E+00    0.0000E+00
    1.9350E+03    0.0000E+00    0.0000E+00    0.0000E+00    0.0000E+00
    1.9450E+03    0.0000E+00    0.0000E+00    0.0000E+00    0.0000E+00
    1.9550E+03    0.0000E+00    0.0000E+00    0.0000E+00    0.0000E+00
    1.9670E+03    0.0000E+00    0.0000E+00    0.0000E+00    0.0000E+00
    1.9760E+03    0.0000E+00    0.0000E+00    0.0000E+00    0.0000E+00
    1.9840E+03    0.0000E+00    0.0000E+00    0.0000E+00    0.0000E+00
    1.9950E+03    0.0000E+00    0.0000E+00    0.0000E+00    0.0000E+00
    2.0050E+03    0.0000E+00    0.0000E+00    0.0000E+00    0.0000E+00
    2.0150E+03    0.0000E+00    0.0000E+00    0.0000E+00    0.0000E+00
    2.0250E+03    0.0000E+00    0.0000E+00    0.0000E+00    0.0000E+00
    2.0350E+03    0.0000E+00    0.0000E+00    0.0000E+00    0.0000E+00
    2.0450E+03    0.0000E+00    0.0000E+00    0.0000E+00    0.0000E+00
    2.0550E+03    0.0000E+00    0.0000E+00    0.0000E+00    0.0000E+00
    2.0650E+03    0.0000E+00    0.0000E+00    0.0000E+00    0.0000E+00
    2.0740E+03    0.0000E+00    0.0000E+00    0.0000E+00    0.0000E+00
    2.0780E+03    0.0000E+00    0.0000E+00    0.0000E+00    0.0000E+00
    2.0850E+03    0.0000E+00    0.0000E+00    0.0000E+00    0.0000E+00
    2.0950E+03    0.0000E+00    0.0000E+00    0.0000E+00    0.0000E+00
    2.1050E+03    0.0000E+00    0.0000E+00    0.0000E+00    0.0000E+00
    2.1150E+03    0.0000E+00    0.0000E+00    0.0000E+00    0.0000E+00
    2.1250E+03    0.0000E+00    0.0000E+00    0.0000E+00    0.0000E+00
    2.1350E+03    0.0000E+00    0.0000E+00    0.0000E+00    0.0000E+00
    2.1450E+03    4.7713E+25    2.7344E+26    2.7769E+26    2.7769E+26
    2.1550E+03    0.0000E+00    0.0000E+00    0.0000E+00    0.0000E+00
    2.1650E+03    0.0000E+00    0.0000E+00    0.0000E+00    0.0000E+00
    2.1750E+03    0.0000E+00    0.0000E+00    0.0000E+00    0.0000E+00
    2.1850E+03    0.0000E+00    0.0000E+00    0.0000E+00    0.0000E+00
    2.1950E+03    0.0000E+00    0.0000E+00    0.0000E+00    0.0000E+00
    2.2050E+03    0.0000E+00    0.0000E+00    0.0000E+00    0.0000E+00
    2.2150E+03    0.0000E+00    0.0000E+00    0.0000E+00    0.0000E+00
    2.2250E+03    0.0000E+00    0.0000E+00    0.0000E+00    0.0000E+00
    2.2350E+03    0.0000E+00    0.0000E+00    0.0000E+00    0.0000E+00
    2.2450E+03    0.0000E+00    0.0000E+00    0.0000E+00    0.0000E+00
    2.2550E+03    0.0000E+00    0.0000E+00    0.0000E+00    0.0000E+00
    2.2650E+03    0.0000E+00    0.0000E+00    0.0000E+00    0.0000E+00
    2.2750E+03    0.0000E+00    0.0000E+00    0.0000E+00    0.0000E+00
    2.2850E+03    0.0000E+00    0.0000E+00    0.0000E+00    0.0000E+00
    2.2950E+03    0.0000E+00    0.0000E+00    0.0000E+00    0.0000E+00
    2.3050E+03    0.0000E+00    0.0000E+00    0.0000E+00    0.0000E+00
    2.3150E+03    0.0000E+00    0.0000E+00    0.0000E+00    0.0000E+00
    2.3250E+03    0.0000E+00    0.0000E+00    0.0000E+00    0.0000E+00
    2.3350E+03    7.5529E+26    4.4162E+27    4.4929E+27    4.4928E+27
    2.3450E+03    0.0000E+00    0.0000E+00    0.0000E+00    0.0000E+00
    2.3550E+03    0.0000E+00    0.0000E+00    0.0000E+00    0.0000E+00
    2.3650E+03    0.0000E+00    0.0000E+00    0.0000E+00    0.0000E+00
    2.3750E+03    0.0000E+00    0.0000E+00    0.0000E+00    0.0000E+00
    2.3850E+03    0.0000E+00    0.0000E+00    0.0000E+00    0.0000E+00
    2.3950E+03    0.0000E+00    0.0000E+00    0.0000E+00    0.0000E+00
    2.4050E+03    5.6834E+26    2.8892E+27    3.1516E+27    3.2929E+27
    2.4150E+03    0.0000E+00    0.0000E+00    0.0000E+00    0.0000E+00
    2.4250E+03    0.0000E+00    0.0000E+00    0.0000E+00    0.0000E+00
    2.4350E+03    0.0000E+00    0.0000E+00    0.0000E+00    0.0000E+00
    2.4450E+03    0.0000E+00    0.0000E+00    0.0000E+00    0.0000E+00
    2.4550E+03    0.0000E+00    0.0000E+00    0.0000E+00    0.0000E+00
    2.4650E+03    0.0000E+00    0.0000E+00    0.0000E+00    0.0000E+00
    2.4750E+03    1.0935E+26    6.4755E+26    6.5744E+26    6.5728E+26
    2.4850E+03    0.0000E+00    0.0000E+00    0.0000E+00    0.0000E+00
    2.4950E+03    0.0000E+00    0.0000E+00    0.0000E+00    0.0000E+00
    2.5050E+03    0.0000E+00    0.0000E+00    0.0000E+00    0.0000E+00
    2.5130E+03    0.0000E+00    0.0000E+00    0.0000E+00    0.0000E+00
    2.5180E+03    0.0000E+00    0.0000E+00    0.0000E+00    0.0000E+00
    2.5250E+03    0.0000E+00    0.0000E+00    0.0000E+00    0.0000E+00
    2.5350E+03    0.0000E+00    0.0000E+00    0.0000E+00    0.0000E+00
    2.5450E+03    0.0000E+00    0.0000E+00    0.0000E+00    0.0000E+00
    2.5550E+03    0.0000E+00    0.0000E+00    0.0000E+00    0.0000E+00
    2.5650E+03    0.0000E+00    0.0000E+00    0.0000E+00    0.0000E+00
    2.5750E+03    5.1286E+26    2.4748E+27    2.4830E+27    2.4830E+27
    2.5850E+03    0.0000E+00    0.0000E+00    0.0000E+00    0.0000E+00
    2.5950E+03    0.0000E+00    0.0000E+00    0.0000E+00    0.0000E+00
    2.6050E+03    0.0000E+00    0.0000E+00    0.0000E+00    0.0000E+00
    2.6150E+03    0.0000E+00    0.0000E+00    0.0000E+00    0.0000E+00
    2.6250E+03    0.0000E+00    0.0000E+00    0.0000E+00    0.0000E+00
    2.6350E+03    0.0000E+00    0.0000E+00    0.0000E+00    0.0000E+00
    2.6450E+03    0.0000E+00    0.0000E+00    0.0000E+00    0.0000E+00
    2.6550E+03    0.0000E+00    0.0000E+00    0.0000E+00    0.0000E+00
    2.6650E+03    4.2116E+26    2.4078E+27    2.4451E+27    2.4434E+27
    2.6750E+03    0.0000E+00    0.0000E+00    0.0000E+00    0.0000E+00
    2.6850E+03    0.0000E+00    0.0000E+00    0.0000E+00    0.0000E+00
    2.6950E+03    0.0000E+00    0.0000E+00    0.0000E+00    0.0000E+00
    2.7050E+03    0.0000E+00    0.0000E+00    0.0000E+00    0.0000E+00
    2.7150E+03    0.0000E+00    0.0000E+00    0.0000E+00    0.0000E+00
    2.7250E+03    0.0000E+00    0.0000E+00    0.0000E+00    0.0000E+00
    2.7350E+03    0.0000E+00    0.0000E+00    0.0000E+00    0.0000E+00
    2.7450E+03    0.0000E+00    0.0000E+00    0.0000E+00    0.0000E+00
    2.7550E+03    0.0000E+00    0.0000E+00    0.0000E+00    0.0000E+00
    2.7650E+03    0.0000E+00    0.0000E+00    0.0000E+00    0.0000E+00
    2.7750E+03    0.0000E+00    0.0000E+00    0.0000E+00    0.0000E+00
    2.7850E+03    0.0000E+00    0.0000E+00    0.0000E+00    0.0000E+00
    2.7950E+03    0.0000E+00    0.0000E+00    0.0000E+00    0.0000E+00
    2.8050E+03    3.3225E+27    1.7250E+28    1.8163E+28    1.8688E+28
    2.8150E+03    0.0000E+00    0.0000E+00    0.0000E+00    0.0000E+00
    2.8250E+03    0.0000E+00    0.0000E+00    0.0000E+00    0.0000E+00
    2.8350E+03    1.4961E+27    7.4227E+27    7.4757E+27    7.4849E+27
    2.8450E+03    3.7342E+27    1.8072E+28    1.8135E+28    1.8131E+28
    2.8550E+03    5.3572E+25    3.3763E+26    4.6947E+26    5.6539E+26
    2.8650E+03    0.0000E+00    0.0000E+00    0.0000E+00    0.0000E+00
    2.8750E+03    0.0000E+00    0.0000E+00    0.0000E+00    0.0000E+00
    2.8850E+03    0.0000E+00    0.0000E+00    0.0000E+00    0.0000E+00
    2.8950E+03    0.0000E+00    0.0000E+00    0.0000E+00    0.0000E+00
    2.9100E+03    0.0000E+00    0.0000E+00    0.0000E+00    0.0000E+00
    2.9300E+03    0.0000E+00    0.0000E+00    0.0000E+00    0.0000E+00
    2.9500E+03    8.0107E+26    4.2100E+27    4.2729E+27    4.2862E+27
    2.9700E+03    0.0000E+00    0.0000E+00    0.0000E+00    0.0000E+00
    2.9900E+03    0.0000E+00    0.0000E+00    0.0000E+00    0.0000E+00
    3.0100E+03    0.0000E+00    0.0000E+00    0.0000E+00    0.0000E+00
    3.0300E+03    0.0000E+00    0.0000E+00    0.0000E+00    0.0000E+00
    3.0500E+03    0.0000E+00    0.0000E+00    0.0000E+00    0.0000E+00
    3.0700E+03    0.0000E+00    0.0000E+00    0.0000E+00    0.0000E+00
    3.0900E+03    0.0000E+00    0.0000E+00    0.0000E+00    0.0000E+00
    3.1100E+03    1.6471E+27    8.0226E+27    8.0572E+27    8.0552E+27
    3.1300E+03    0.0000E+00    0.0000E+00    0.0000E+00    0.0000E+00
    3.1500E+03    0.0000E+00    0.0000E+00    0.0000E+00    0.0000E+00
    3.1700E+03    0.0000E+00    0.0000E+00    0.0000E+00    0.0000E+00
    3.1900E+03    1.7846E+27    9.3789E+27    9.5127E+27    9.5457E+27
    3.2100E+03    2.3175E+24    9.8234E+24    9.7853E+24    9.7832E+24
    3.2300E+03    0.0000E+00    0.0000E+00    0.0000E+00    0.0000E+00
    3.2500E+03    0.0000E+00    0.0000E+00    0.0000E+00    0.0000E+00
    3.2700E+03    0.0000E+00    0.0000E+00    0.0000E+00    0.0000E+00
    3.2900E+03    0.0000E+00    0.0000E+00    0.0000E+00    0.0000E+00
    3.3100E+03    0.0000E+00    0.0000E+00    0.0000E+00    0.0000E+00
    3.3300E+03    0.0000E+00    0.0000E+00    0.0000E+00    0.0000E+00
    3.3500E+03    0.0000E+00    0.0000E+00    0.0000E+00    0.0000E+00
    3.3700E+03    0.0000E+00    0.0000E+00    0.0000E+00    0.0000E+00
    3.3900E+03    0.0000E+00    0.0000E+00    0.0000E+00    0.0000E+00
    3.4100E+03    0.0000E+00    0.0000E+00    0.0000E+00    0.0000E+00
    3.4300E+03    0.0000E+00    0.0000E+00    0.0000E+00    0.0000E+00
    3.4500E+03    0.0000E+00    0.0000E+00    0.0000E+00    0.0000E+00
    3.4700E+03    0.0000E+00    0.0000E+00    0.0000E+00    0.0000E+00
    3.4900E+03    0.0000E+00    0.0000E+00    0.0000E+00    0.0000E+00
    3.5100E+03    0.0000E+00    0.0000E+00    0.0000E+00    0.0000E+00
    3.5300E+03    0.0000E+00    0.0000E+00    0.0000E+00    0.0000E+00
    3.5500E+03    0.0000E+00    0.0000E+00    0.0000E+00    0.0000E+00
    3.5700E+03    0.0000E+00    0.0000E+00    0.0000E+00    0.0000E+00
    3.5900E+03    0.0000E+00    0.0000E+00    0.0000E+00    0.0000E+00
    3.6100E+03    0.0000E+00    0.0000E+00    0.0000E+00    0.0000E+00
    3.6300E+03    0.0000E+00    0.0000E+00    0.0000E+00    0.0000E+00
    3.6400E+03    0.0000E+00    0.0000E+00    0.0000E+00    0.0000E+00
    3.6500E+03    0.0000E+00    0.0000E+00    0.0000E+00    0.0000E+00
    3.6700E+03    0.0000E+00    0.0000E+00    0.0000E+00    0.0000E+00
    3.6900E+03    1.3862E+27    7.3205E+27    7.3958E+27    7.3948E+27
    3.7100E+03    1.3737E+27    7.2548E+27    7.3275E+27    7.3273E+27
    3.7300E+03    8.2144E+27    4.7540E+28    4.8225E+28    4.8224E+28
    3.7500E+03    2.3347E+27    1.2327E+28    1.2451E+28    1.2451E+28
    3.7700E+03    0.0000E+00    0.0000E+00    0.0000E+00    0.0000E+00
    3.7900E+03    1.7169E+27    9.0647E+27    9.1555E+27    9.1555E+27
    3.8100E+03    2.4954E+27    1.3510E+28    1.3725E+28    1.3725E+28
    3.8300E+03    5.4805E+26    2.8936E+27    2.9219E+27    2.9244E+27
    3.8500E+03    3.4465E+27    1.8501E+28    1.8828E+28    1.8825E+28
    3.8700E+03    6.5042E+27    3.2218E+28    3.2395E+28    3.2395E+28
    3.8900E+03    1.0215E+28    5.4082E+28    5.4892E+28    5.5043E+28
    3.9100E+03    0.0000E+00    0.0000E+00    0.0000E+00    0.0000E+00
    3.9300E+03    0.0000E+00    0.0000E+00    0.0000E+00    0.0000E+00
    3.9500E+03    0.0000E+00    0.0000E+00    0.0000E+00    0.0000E+00
    3.9700E+03    1.0269E+28    5.3868E+28    5.4579E+28    5.4576E+28
    3.9900E+03    0.0000E+00    0.0000E+00    0.0000E+00    0.0000E+00
    4.0100E+03    0.0000E+00    0.0000E+00    0.0000E+00    0.0000E+00
    4.0300E+03    1.0467E+27    5.5268E+27    5.5862E+27    5.5862E+27
    4.0500E+03    0.0000E+00    0.0000E+00    0.0000E+00    0.0000E+00
    4.0700E+03    1.0290E+26    5.6677E+26    5.7578E+26    5.7578E+26
    4.0900E+03    1.7037E+26    9.3837E+26    9.5316E+26    9.5319E+26
    4.1100E+03    1.3010E+28    6.9075E+28    7.0257E+28    7.0258E+28
    4.1300E+03    0.0000E+00    0.0000E+00    0.0000E+00    0.0000E+00
    4.1500E+03    0.0000E+00    0.0000E+00    0.0000E+00    0.0000E+00
    4.1700E+03    0.0000E+00    0.0000E+00    0.0000E+00    0.0000E+00
    4.1900E+03    0.0000E+00    0.0000E+00    0.0000E+00    0.0000E+00
    4.2100E+03    0.0000E+00    0.0000E+00    0.0000E+00    0.0000E+00
    4.2300E+03    0.0000E+00    0.0000E+00    0.0000E+00    0.0000E+00
    4.2500E+03    0.0000E+00    0.0000E+00    0.0000E+00    0.0000E+00
    4.2700E+03    0.0000E+00    0.0000E+00    0.0000E+00    0.0000E+00
    4.2900E+03    0.0000E+00    0.0000E+00    0.0000E+00    0.0000E+00
    4.3100E+03    2.9750E+26    1.4369E+27    1.4471E+27    1.4482E+27
    4.3300E+03    0.0000E+00    0.0000E+00    0.0000E+00    0.0000E+00
    4.3500E+03    2.4970E+28    1.3167E+29    1.3399E+29    1.3399E+29
    4.3700E+03    2.3889E+27    1.1425E+28    1.1459E+28    1.1456E+28
    4.3900E+03    0.0000E+00    0.0000E+00    0.0000E+00    0.0000E+00
    4.4100E+03    0.0000E+00    0.0000E+00    0.0000E+00    0.0000E+00
    4.4300E+03    0.0000E+00    0.0000E+00    0.0000E+00    0.0000E+00
    4.4500E+03    0.0000E+00    0.0000E+00    0.0000E+00    0.0000E+00
    4.4700E+03    0.0000E+00    0.0000E+00    0.0000E+00    0.0000E+00
    4.4900E+03    2.4166E+27    1.2763E+28    1.2899E+28    1.2905E+28
    4.5100E+03    0.0000E+00    0.0000E+00    0.0000E+00    0.0000E+00
    4.5300E+03    0.0000E+00    0.0000E+00    0.0000E+00    0.0000E+00
    4.5500E+03    0.0000E+00    0.0000E+00    0.0000E+00    0.0000E+00
    4.5700E+03    0.0000E+00    0.0000E+00    0.0000E+00    0.0000E+00
    4.5900E+03    0.0000E+00    0.0000E+00    0.0000E+00    0.0000E+00
    4.6100E+03    0.0000E+00    0.0000E+00    0.0000E+00    0.0000E+00
    4.6300E+03    0.0000E+00    0.0000E+00    0.0000E+00    0.0000E+00
    4.6500E+03    0.0000E+00    0.0000E+00    0.0000E+00    0.0000E+00
    4.6700E+03    4.2679E+26    2.4998E+27    2.5391E+27    2.5388E+27
    4.6900E+03    1.2422E+25    4.9867E+25    4.9628E+25    4.9629E+25
    4.7100E+03    1.2830E+26    7.5131E+26    7.6308E+26    7.6308E+26
    4.7300E+03    0.0000E+00    0.0000E+00    0.0000E+00    0.0000E+00
    4.7500E+03    0.0000E+00    0.0000E+00    0.0000E+00    0.0000E+00
    4.7700E+03    1.2327E+26    7.2205E+26    7.3327E+26    7.3321E+26
    4.7900E+03    0.0000E+00    0.0000E+00    0.0000E+00    0.0000E+00
    4.8100E+03    0.0000E+00    0.0000E+00    0.0000E+00    0.0000E+00
    4.8300E+03    0.0000E+00    0.0000E+00    0.0000E+00    0.0000E+00
    4.8500E+03    0.0000E+00    0.0000E+00    0.0000E+00    0.0000E+00
    4.8700E+03    5.9002E+28    3.0994E+29    3.1430E+29    3.1430E+29
    4.8900E+03    6.3570E+25    3.7222E+26    3.7808E+26    3.7808E+26
    4.9100E+03    0.0000E+00    0.0000E+00    0.0000E+00    0.0000E+00
    4.9300E+03    7.1452E+26    3.7754E+27    3.8157E+27    3.8157E+27
    4.9500E+03    0.0000E+00    0.0000E+00    0.0000E+00    0.0000E+00
    4.9700E+03    2.5967E+28    1.2929E+29    1.3005E+29    1.3002E+29
    4.9900E+03    0.0000E+00    0.0000E+00    0.0000E+00    0.0000E+00
    5.0100E+03    7.8946E+28    3.9300E+29    3.9528E+29    3.9528E+29
    5.0300E+03    1.7090E+27    9.0362E+27    9.1280E+27    9.1280E+27
    5.0500E+03    0.0000E+00    0.0000E+00    0.0000E+00    0.0000E+00
    5.0700E+03    0.0000E+00    0.0000E+00    0.0000E+00    0.0000E+00
    5.0900E+03    0.0000E+00    0.0000E+00    0.0000E+00    0.0000E+00
    5.1100E+03    0.0000E+00    0.0000E+00    0.0000E+00    0.0000E+00
    5.1300E+03    0.0000E+00    0.0000E+00    0.0000E+00    0.0000E+00
    5.1500E+03    0.0000E+00    0.0000E+00    0.0000E+00    0.0000E+00
    5.1700E+03    0.0000E+00    0.0000E+00    0.0000E+00    0.0000E+00
    5.1900E+03    0.0000E+00    0.0000E+00    0.0000E+00    0.0000E+00
    5.2100E+03    3.4985E+25    1.6787E+26    1.6639E+26    1.6616E+26
    5.2300E+03    0.0000E+00    0.0000E+00    0.0000E+00    0.0000E+00
    5.2500E+03    0.0000E+00    0.0000E+00    0.0000E+00    0.0000E+00
    5.2700E+03    0.0000E+00    0.0000E+00    0.0000E+00    0.0000E+00
    5.2900E+03    2.3915E+26    1.4005E+27    1.4229E+27    1.4225E+27
    5.3100E+03    0.0000E+00    0.0000E+00    0.0000E+00    0.0000E+00
    5.3300E+03    0.0000E+00    0.0000E+00    0.0000E+00    0.0000E+00
    5.3500E+03    0.0000E+00    0.0000E+00    0.0000E+00    0.0000E+00
    5.3700E+03    0.0000E+00    0.0000E+00    0.0000E+00    0.0000E+00
    5.3900E+03    0.0000E+00    0.0000E+00    0.0000E+00    0.0000E+00
    5.4100E+03    0.0000E+00    0.0000E+00    0.0000E+00    0.0000E+00
    5.4300E+03    0.0000E+00    0.0000E+00    0.0000E+00    0.0000E+00
    5.4500E+03    0.0000E+00    0.0000E+00    0.0000E+00    0.0000E+00
    5.4700E+03    0.0000E+00    0.0000E+00    0.0000E+00    0.0000E+00
    5.4900E+03    0.0000E+00    0.0000E+00    0.0000E+00    0.0000E+00
    5.5100E+03    0.0000E+00    0.0000E+00    0.0000E+00    0.0000E+00
    5.5300E+03    0.0000E+00    0.0000E+00    0.0000E+00    0.0000E+00
    5.5500E+03    0.0000E+00    0.0000E+00    0.0000E+00    0.0000E+00
    5.5700E+03    0.0000E+00    0.0000E+00    0.0000E+00    0.0000E+00
    5.5900E+03    0.0000E+00    0.0000E+00    0.0000E+00    0.0000E+00
    5.6100E+03    0.0000E+00    0.0000E+00    0.0000E+00    0.0000E+00
    5.6300E+03    0.0000E+00    0.0000E+00    0.0000E+00    0.0000E+00
    5.6500E+03    0.0000E+00    0.0000E+00    0.0000E+00    0.0000E+00
    5.6700E+03    0.0000E+00    0.0000E+00    0.0000E+00    0.0000E+00
    5.6900E+03    0.0000E+00    0.0000E+00    0.0000E+00    0.0000E+00
    5.7100E+03    0.0000E+00    0.0000E+00    0.0000E+00    0.0000E+00
    5.7300E+03    0.0000E+00    0.0000E+00    0.0000E+00    0.0000E+00
    5.7500E+03    0.0000E+00    0.0000E+00    0.0000E+00    0.0000E+00
    5.7700E+03    4.6718E+25    2.6633E+26    2.7052E+26    2.7052E+26
    5.7900E+03    0.0000E+00    0.0000E+00    0.0000E+00    0.0000E+00
    5.8100E+03    0.0000E+00    0.0000E+00    0.0000E+00    0.0000E+00
    5.8300E+03    1.0144E+26    5.7970E+26    5.8822E+26    5.8822E+26
    5.8500E+03    0.0000E+00    0.0000E+00    0.0000E+00    0.0000E+00
    5.8700E+03    0.0000E+00    0.0000E+00    0.0000E+00    0.0000E+00
    5.8900E+03    8.3304E+27    4.4060E+28    4.4565E+28    4.4565E+28
    5.9100E+03    0.0000E+00    0.0000E+00    0.0000E+00    0.0000E+00
    5.9300E+03    0.0000E+00    0.0000E+00    0.0000E+00    0.0000E+00
    5.9500E+03    0.0000E+00    0.0000E+00    0.0000E+00    0.0000E+00
    5.9700E+03    0.0000E+00    0.0000E+00    0.0000E+00    0.0000E+00
    5.9900E+03    0.0000E+00    0.0000E+00    0.0000E+00    0.0000E+00
    6.0100E+03    0.0000E+00    0.0000E+00    0.0000E+00    0.0000E+00
    6.0300E+03    0.0000E+00    0.0000E+00    0.0000E+00    0.0000E+00
    6.0500E+03    0.0000E+00    0.0000E+00    0.0000E+00    0.0000E+00
    6.0700E+03    0.0000E+00    0.0000E+00    0.0000E+00    0.0000E+00
    6.0900E+03    0.0000E+00    0.0000E+00    0.0000E+00    0.0000E+00
    6.1100E+03    0.0000E+00    0.0000E+00    0.0000E+00    0.0000E+00
    6.1300E+03    0.0000E+00    0.0000E+00    0.0000E+00    0.0000E+00
    6.1500E+03    0.0000E+00    0.0000E+00    0.0000E+00    0.0000E+00
    6.1700E+03    0.0000E+00    0.0000E+00    0.0000E+00    0.0000E+00
    6.1900E+03    0.0000E+00    0.0000E+00    0.0000E+00    0.0000E+00
    6.2100E+03    0.0000E+00    0.0000E+00    0.0000E+00    0.0000E+00
    6.2300E+03    0.0000E+00    0.0000E+00    0.0000E+00    0.0000E+00
    6.2500E+03    0.0000E+00    0.0000E+00    0.0000E+00    0.0000E+00
    6.2700E+03    0.0000E+00    0.0000E+00    0.0000E+00    0.0000E+00
    6.2900E+03    0.0000E+00    0.0000E+00    0.0000E+00    0.0000E+00
    6.3100E+03    1.5378E+26    7.0779E+26    7.0958E+26    7.0959E+26
    6.3300E+03    3.8292E+26    2.1540E+27    2.1781E+27    2.1777E+27
    6.3500E+03    0.0000E+00    0.0000E+00    0.0000E+00    0.0000E+00
    6.3700E+03    4.9530E+25    2.2793E+26    2.2850E+26    2.2854E+26
    6.3900E+03    0.0000E+00    0.0000E+00    0.0000E+00    0.0000E+00
    6.4100E+03    0.0000E+00    0.0000E+00    0.0000E+00    0.0000E+00
    6.4300E+03    0.0000E+00    0.0000E+00    0.0000E+00    0.0000E+00
    6.4500E+03    0.0000E+00    0.0000E+00    0.0000E+00    0.0000E+00
    6.4700E+03    0.0000E+00    0.0000E+00    0.0000E+00    0.0000E+00
    6.4900E+03    0.0000E+00    0.0000E+00    0.0000E+00    0.0000E+00
    6.5100E+03    0.0000E+00    0.0000E+00    0.0000E+00    0.0000E+00
    6.5300E+03    0.0000E+00    0.0000E+00    0.0000E+00    0.0000E+00
    6.5500E+03    6.4799E+26    3.6632E+27    3.7210E+27    3.7210E+27
    6.5700E+03    2.3078E+29    1.2060E+30    1.2221E+30    1.2221E+30
    6.5900E+03    1.9228E+27    1.0869E+28    1.1043E+28    1.1043E+28
    6.6100E+03    0.0000E+00    0.0000E+00    0.0000E+00    0.0000E+00
    6.6300E+03    0.0000E+00    0.0000E+00    0.0000E+00    0.0000E+00
    6.6500E+03    0.0000E+00    0.0000E+00    0.0000E+00    0.0000E+00
    6.6700E+03    0.0000E+00    0.0000E+00    0.0000E+00    0.0000E+00
    6.6900E+03    2.6433E+27    1.3992E+28    1.4141E+28    1.4141E+28
    6.7100E+03    0.0000E+00    0.0000E+00    0.0000E+00    0.0000E+00
    6.7300E+03    3.3835E+27    1.8515E+28    1.8796E+28    1.8801E+28
    6.7500E+03    8.9952E+26    4.9270E+27    5.0005E+27    5.0005E+27
    6.7700E+03    0.0000E+00    0.0000E+00    0.0000E+00    0.0000E+00
    6.7900E+03    0.0000E+00    0.0000E+00    0.0000E+00    0.0000E+00
    6.8100E+03    0.0000E+00    0.0000E+00    0.0000E+00    0.0000E+00
    6.8300E+03    0.0000E+00    0.0000E+00    0.0000E+00    0.0000E+00
    6.8500E+03    0.0000E+00    0.0000E+00    0.0000E+00    0.0000E+00
    6.8700E+03    0.0000E+00    0.0000E+00    0.0000E+00    0.0000E+00
    6.8900E+03    0.0000E+00    0.0000E+00    0.0000E+00    0.0000E+00
    6.9100E+03    0.0000E+00    0.0000E+00    0.0000E+00    0.0000E+00
    6.9300E+03    0.0000E+00    0.0000E+00    0.0000E+00    0.0000E+00
    6.9500E+03    0.0000E+00    0.0000E+00    0.0000E+00    0.0000E+00
    6.9700E+03    0.0000E+00    0.0000E+00    0.0000E+00    0.0000E+00
    6.9900E+03    0.0000E+00    0.0000E+00    0.0000E+00    0.0000E+00
    7.0100E+03    0.0000E+00    0.0000E+00    0.0000E+00    0.0000E+00
    7.0300E+03    0.0000E+00    0.0000E+00    0.0000E+00    0.0000E+00
    7.0500E+03    0.0000E+00    0.0000E+00    0.0000E+00    0.0000E+00
    7.0700E+03    2.6524E+27    1.3906E+28    1.4083E+28    1.4143E+28
    7.0900E+03    0.0000E+00    0.0000E+00    0.0000E+00    0.0000E+00
    7.1100E+03    0.0000E+00    0.0000E+00    0.0000E+00    0.0000E+00
    7.1300E+03    0.0000E+00    0.0000E+00    0.0000E+00    0.0000E+00
    7.1500E+03    8.3036E+26    4.6131E+27    4.6686E+27    4.6686E+27
    7.1700E+03    0.0000E+00    0.0000E+00    0.0000E+00    0.0000E+00
    7.1900E+03    0.0000E+00    0.0000E+00    0.0000E+00    0.0000E+00
    7.2100E+03    0.0000E+00    0.0000E+00    0.0000E+00    0.0000E+00
    7.2300E+03    0.0000E+00    0.0000E+00    0.0000E+00    0.0000E+00
    7.2500E+03    0.0000E+00    0.0000E+00    0.0000E+00    0.0000E+00
    7.2700E+03    0.0000E+00    0.0000E+00    0.0000E+00    0.0000E+00
    7.2900E+03    0.0000E+00    0.0000E+00    0.0000E+00    0.0000E+00
    7.3100E+03    0.0000E+00    0.0000E+00    0.0000E+00    0.0000E+00
    7.3300E+03    4.3708E+26    2.5833E+27    2.6224E+27    2.6219E+27
    7.3500E+03    0.0000E+00    0.0000E+00    0.0000E+00    0.0000E+00
    7.3700E+03    0.0000E+00    0.0000E+00    0.0000E+00    0.0000E+00
    7.3900E+03    0.0000E+00    0.0000E+00    0.0000E+00    0.0000E+00
    7.4100E+03    0.0000E+00    0.0000E+00    0.0000E+00    0.0000E+00
    7.4300E+03    0.0000E+00    0.0000E+00    0.0000E+00    0.0000E+00
    7.4500E+03    0.0000E+00    0.0000E+00    0.0000E+00    0.0000E+00
    7.4700E+03    0.0000E+00    0.0000E+00    0.0000E+00    0.0000E+00
    7.4900E+03    0.0000E+00    0.0000E+00    0.0000E+00    0.0000E+00
    7.5100E+03    0.0000E+00    0.0000E+00    0.0000E+00    0.0000E+00
    7.5300E+03    0.0000E+00    0.0000E+00    0.0000E+00    0.0000E+00
    7.5500E+03    0.0000E+00    0.0000E+00    0.0000E+00    0.0000E+00
    7.5700E+03    0.0000E+00    0.0000E+00    0.0000E+00    0.0000E+00
    7.5900E+03    0.0000E+00    0.0000E+00    0.0000E+00    0.0000E+00
    7.6100E+03    0.0000E+00    0.0000E+00    0.0000E+00    0.0000E+00
    7.6300E+03    0.0000E+00    0.0000E+00    0.0000E+00    0.0000E+00
    7.6500E+03    0.0000E+00    0.0000E+00    0.0000E+00    0.0000E+00
    7.6700E+03    0.0000E+00    0.0000E+00    0.0000E+00    0.0000E+00
    7.6900E+03    0.0000E+00    0.0000E+00    0.0000E+00    0.0000E+00
    7.7100E+03    0.0000E+00    0.0000E+00    0.0000E+00    0.0000E+00
    7.7300E+03    0.0000E+00    0.0000E+00    0.0000E+00    0.0000E+00
    7.7500E+03    0.0000E+00    0.0000E+00    0.0000E+00    0.0000E+00
    7.7700E+03    2.1770E+26    1.2093E+27    1.2238E+27    1.2233E+27
    7.7900E+03    0.0000E+00    0.0000E+00    0.0000E+00    0.0000E+00
    7.8100E+03    0.0000E+00    0.0000E+00    0.0000E+00    0.0000E+00
    7.8300E+03    0.0000E+00    0.0000E+00    0.0000E+00    0.0000E+00
    7.8500E+03    0.0000E+00    0.0000E+00    0.0000E+00    0.0000E+00
    7.8700E+03    0.0000E+00    0.0000E+00    0.0000E+00    0.0000E+00
    7.8900E+03    0.0000E+00    0.0000E+00    0.0000E+00    0.0000E+00
    7.9100E+03    0.0000E+00    0.0000E+00    0.0000E+00    0.0000E+00
    7.9300E+03    0.0000E+00    0.0000E+00    0.0000E+00    0.0000E+00
    7.9500E+03    0.0000E+00    0.0000E+00    0.0000E+00    0.0000E+00
    7.9700E+03    0.0000E+00    0.0000E+00    0.0000E+00    0.0000E+00
    7.9900E+03    0.0000E+00    0.0000E+00    0.0000E+00    0.0000E+00
    8.0100E+03    0.0000E+00    0.0000E+00    0.0000E+00    0.0000E+00
    8.0300E+03    0.0000E+00    0.0000E+00    0.0000E+00    0.0000E+00
    8.0500E+03    0.0000E+00    0.0000E+00    0.0000E+00    0.0000E+00
    8.0700E+03    0.0000E+00    0.0000E+00    0.0000E+00    0.0000E+00
    8.0900E+03    0.0000E+00    0.0000E+00    0.0000E+00    0.0000E+00
    8.1100E+03    0.0000E+00    0.0000E+00    0.0000E+00    0.0000E+00
    8.1300E+03    0.0000E+00    0.0000E+00    0.0000E+00    0.0000E+00
    8.1500E+03    0.0000E+00    0.0000E+00    0.0000E+00    0.0000E+00
    8.1700E+03    0.0000E+00    0.0000E+00    0.0000E+00    0.0000E+00
    8.1900E+03    0.0000E+00    0.0000E+00    0.0000E+00    0.0000E+00
    8.2100E+03    0.0000E+00    0.0000E+00    0.0000E+00    0.0000E+00
    8.2300E+03    0.0000E+00    0.0000E+00    0.0000E+00    0.0000E+00
    8.2500E+03    0.0000E+00    0.0000E+00    0.0000E+00    0.0000E+00
    8.2700E+03    0.0000E+00    0.0000E+00    0.0000E+00    0.0000E+00
    8.2900E+03    0.0000E+00    0.0000E+00    0.0000E+00    0.0000E+00
    8.3100E+03    0.0000E+00    0.0000E+00    0.0000E+00    0.0000E+00
    8.3300E+03    0.0000E+00    0.0000E+00    0.0000E+00    0.0000E+00
    8.3500E+03    2.5056E+26    1.3258E+27    1.3395E+27    1.3390E+27
    8.3700E+03    1.5250E+26    8.0693E+26    8.1502E+26    8.1503E+26
    8.3900E+03    1.7554E+26    9.2852E+26    9.3831E+26    9.3831E+26
    8.4100E+03    2.0352E+26    1.0771E+27    1.0885E+27    1.0879E+27
    8.4300E+03    2.3793E+26    1.2590E+27    1.2723E+27    1.2718E+27
    8.4500E+03    2.8073E+26    1.4849E+27    1.5009E+27    1.5003E+27
    8.4700E+03    3.3442E+26    1.7691E+27    1.7874E+27    1.7874E+27
    8.4900E+03    0.0000E+00    0.0000E+00    0.0000E+00    0.0000E+00
    8.5100E+03    4.0288E+26    2.1315E+27    2.1538E+27    2.1532E+27
    8.5300E+03    0.0000E+00    0.0000E+00    0.0000E+00    0.0000E+00
    8.5500E+03    4.9162E+26    2.6005E+27    2.6277E+27    2.6277E+27
    8.5700E+03    0.0000E+00    0.0000E+00    0.0000E+00    0.0000E+00
    8.5900E+03    0.0000E+00    0.0000E+00    0.0000E+00    0.0000E+00
    8.6100E+03    6.0874E+26    3.2208E+27    3.2544E+27    3.2538E+27
    8.6300E+03    5.6386E+25    2.7202E+26    2.7356E+26    2.7362E+26
    8.6500E+03    0.0000E+00    0.0000E+00    0.0000E+00    0.0000E+00
    8.6700E+03    7.6704E+26    4.0586E+27    4.1005E+27    4.0999E+27
    8.6900E+03    0.0000E+00    0.0000E+00    0.0000E+00    0.0000E+00
    8.7100E+03    0.0000E+00    0.0000E+00    0.0000E+00    0.0000E+00
    8.7300E+03    0.0000E+00    0.0000E+00    0.0000E+00    0.0000E+00
    8.7500E+03    9.8634E+26    5.2182E+27    5.2728E+27    5.2722E+27
    8.7700E+03    0.0000E+00    0.0000E+00    0.0000E+00    0.0000E+00
    8.7900E+03    0.0000E+00    0.0000E+00    0.0000E+00    0.0000E+00
    8.8100E+03    0.0000E+00    0.0000E+00    0.0000E+00    0.0000E+00
    8.8300E+03    0.0000E+00    0.0000E+00    0.0000E+00    0.0000E+00
    8.8500E+03    0.0000E+00    0.0000E+00    0.0000E+00    0.0000E+00
    8.8700E+03    1.2995E+27    6.8775E+27    6.9511E+27    6.9454E+27
    8.8900E+03    0.0000E+00    0.0000E+00    0.0000E+00    0.0000E+00
    8.9100E+03    0.0000E+00    0.0000E+00    0.0000E+00    0.0000E+00
    8.9300E+03    0.0000E+00    0.0000E+00    0.0000E+00    0.0000E+00
    8.9500E+03    0.0000E+00    0.0000E+00    0.0000E+00    0.0000E+00
    8.9700E+03    0.0000E+00    0.0000E+00    0.0000E+00    0.0000E+00
    8.9900E+03    0.0000E+00    0.0000E+00    0.0000E+00    0.0000E+00
    9.0100E+03    0.0000E+00    0.0000E+00    0.0000E+00    0.0000E+00
    9.0300E+03    1.8657E+27    9.9729E+27    1.0101E+28    1.0101E+28
    9.0500E+03    0.0000E+00    0.0000E+00    0.0000E+00    0.0000E+00
    9.0700E+03    3.0987E+27    1.7504E+28    1.7720E+28    1.7714E+28
    9.0900E+03    0.0000E+00    0.0000E+00    0.0000E+00    0.0000E+00
    9.1100E+03    0.0000E+00    0.0000E+00    0.0000E+00    0.0000E+00
    9.1300E+03    0.0000E+00    0.0000E+00    0.0000E+00    0.0000E+00
    9.1500E+03    0.0000E+00    0.0000E+00    0.0000E+00    0.0000E+00
    9.1700E+03    0.0000E+00    0.0000E+00    0.0000E+00    0.0000E+00
    9.1900E+03    0.0000E+00    0.0000E+00    0.0000E+00    0.0000E+00
    9.2100E+03    0.0000E+00    0.0000E+00    0.0000E+00    0.0000E+00
    9.2300E+03    2.6246E+27    1.3964E+28    1.4160E+28    1.4160E+28
    9.2500E+03    0.0000E+00    0.0000E+00    0.0000E+00    0.0000E+00
    9.2700E+03    0.0000E+00    0.0000E+00    0.0000E+00    0.0000E+00
    9.2900E+03    0.0000E+00    0.0000E+00    0.0000E+00    0.0000E+00
    9.3100E+03    0.0000E+00    0.0000E+00    0.0000E+00    0.0000E+00
    9.3300E+03    0.0000E+00    0.0000E+00    0.0000E+00    0.0000E+00
    9.3500E+03    0.0000E+00    0.0000E+00    0.0000E+00    0.0000E+00
    9.3700E+03    0.0000E+00    0.0000E+00    0.0000E+00    0.0000E+00
    9.3900E+03    0.0000E+00    0.0000E+00    0.0000E+00    0.0000E+00
    9.4100E+03    0.0000E+00    0.0000E+00    0.0000E+00    0.0000E+00
    9.4300E+03    0.0000E+00    0.0000E+00    0.0000E+00    0.0000E+00
    9.4500E+03    0.0000E+00    0.0000E+00    0.0000E+00    0.0000E+00
    9.4700E+03    0.0000E+00    0.0000E+00    0.0000E+00    0.0000E+00
    9.4900E+03    0.0000E+00    0.0000E+00    0.0000E+00    0.0000E+00
    9.5100E+03    0.0000E+00    0.0000E+00    0.0000E+00    0.0000E+00
    9.5300E+03    0.0000E+00    0.0000E+00    0.0000E+00    0.0000E+00
    9.5500E+03    1.1968E+28    6.6259E+28    6.7079E+28    6.7067E+28
    9.5700E+03    0.0000E+00    0.0000E+00    0.0000E+00    0.0000E+00
    9.5900E+03    0.0000E+00    0.0000E+00    0.0000E+00    0.0000E+00
    9.6100E+03    0.0000E+00    0.0000E+00    0.0000E+00    0.0000E+00
    9.6300E+03    0.0000E+00    0.0000E+00    0.0000E+00    0.0000E+00
    9.6500E+03    0.0000E+00    0.0000E+00    0.0000E+00    0.0000E+00
    9.6700E+03    0.0000E+00    0.0000E+00    0.0000E+00    0.0000E+00
    9.6900E+03    0.0000E+00    0.0000E+00    0.0000E+00    0.0000E+00
    9.7100E+03    0.0000E+00    0.0000E+00    0.0000E+00    0.0000E+00
    9.7300E+03    0.0000E+00    0.0000E+00    0.0000E+00    0.0000E+00
    9.7500E+03    0.0000E+00    0.0000E+00    0.0000E+00    0.0000E+00
    9.7700E+03    0.0000E+00    0.0000E+00    0.0000E+00    0.0000E+00
    9.7900E+03    0.0000E+00    0.0000E+00    0.0000E+00    0.0000E+00
    9.8100E+03    0.0000E+00    0.0000E+00    0.0000E+00    0.0000E+00
    9.8300E+03    0.0000E+00    0.0000E+00    0.0000E+00    0.0000E+00
    9.8500E+03    0.0000E+00    0.0000E+00    0.0000E+00    0.0000E+00
    9.8700E+03    0.0000E+00    0.0000E+00    0.0000E+00    0.0000E+00
    9.8900E+03    0.0000E+00    0.0000E+00    0.0000E+00    0.0000E+00
    9.9100E+03    0.0000E+00    0.0000E+00    0.0000E+00    0.0000E+00
    9.9300E+03    0.0000E+00    0.0000E+00    0.0000E+00    0.0000E+00
    9.9500E+03    0.0000E+00    0.0000E+00    0.0000E+00    0.0000E+00
    9.9700E+03    0.0000E+00    0.0000E+00    0.0000E+00    0.0000E+00
    9.9900E+03    0.0000E+00    0.0000E+00    0.0000E+00    0.0000E+00
    1.0025E+04    0.0000E+00    0.0000E+00    0.0000E+00    0.0000E+00
    1.0075E+04    0.0000E+00    0.0000E+00    0.0000E+00    0.0000E+00
    1.0125E+04    0.0000E+00    0.0000E+00    0.0000E+00    0.0000E+00
    1.0175E+04    0.0000E+00    0.0000E+00    0.0000E+00    0.0000E+00
    1.0225E+04    0.0000E+00    0.0000E+00    0.0000E+00    0.0000E+00
    1.0275E+04    0.0000E+00    0.0000E+00    0.0000E+00    0.0000E+00
    1.0325E+04    0.0000E+00    0.0000E+00    0.0000E+00    0.0000E+00
    1.0375E+04    0.0000E+00    0.0000E+00    0.0000E+00    0.0000E+00
    1.0425E+04    0.0000E+00    0.0000E+00    0.0000E+00    0.0000E+00
    1.0475E+04    0.0000E+00    0.0000E+00    0.0000E+00    0.0000E+00
    1.0525E+04    0.0000E+00    0.0000E+00    0.0000E+00    0.0000E+00
    1.0575E+04    0.0000E+00    0.0000E+00    0.0000E+00    0.0000E+00
    1.0625E+04    0.0000E+00    0.0000E+00    0.0000E+00    0.0000E+00
    1.0675E+04    0.0000E+00    0.0000E+00    0.0000E+00    0.0000E+00
    1.0725E+04    0.0000E+00    0.0000E+00    0.0000E+00    0.0000E+00
    1.0775E+04    0.0000E+00    0.0000E+00    0.0000E+00    0.0000E+00
    1.0825E+04    0.0000E+00    0.0000E+00    0.0000E+00    0.0000E+00
    1.0875E+04    0.0000E+00    0.0000E+00    0.0000E+00    0.0000E+00
    1.0925E+04    0.0000E+00    0.0000E+00    0.0000E+00    0.0000E+00
    1.0975E+04    0.0000E+00    0.0000E+00    0.0000E+00    0.0000E+00
    1.1025E+04    0.0000E+00    0.0000E+00    0.0000E+00    0.0000E+00
    1.1075E+04    0.0000E+00    0.0000E+00    0.0000E+00    0.0000E+00
    1.1125E+04    0.0000E+00    0.0000E+00    0.0000E+00    0.0000E+00
    1.1175E+04    0.0000E+00    0.0000E+00    0.0000E+00    0.0000E+00
    1.1225E+04    0.0000E+00    0.0000E+00    0.0000E+00    0.0000E+00
    1.1275E+04    0.0000E+00    0.0000E+00    0.0000E+00    0.0000E+00
    1.1325E+04    0.0000E+00    0.0000E+00    0.0000E+00    0.0000E+00
    1.1375E+04    0.0000E+00    0.0000E+00    0.0000E+00    0.0000E+00
    1.1425E+04    0.0000E+00    0.0000E+00    0.0000E+00    0.0000E+00
    1.1475E+04    0.0000E+00    0.0000E+00    0.0000E+00    0.0000E+00
    1.1525E+04    0.0000E+00    0.0000E+00    0.0000E+00    0.0000E+00
    1.1575E+04    0.0000E+00    0.0000E+00    0.0000E+00    0.0000E+00
    1.1625E+04    0.0000E+00    0.0000E+00    0.0000E+00    0.0000E+00
    1.1675E+04    0.0000E+00    0.0000E+00    0.0000E+00    0.0000E+00
    1.1725E+04    0.0000E+00    0.0000E+00    0.0000E+00    0.0000E+00
    1.1775E+04    0.0000E+00    0.0000E+00    0.0000E+00    0.0000E+00
    1.1825E+04    0.0000E+00    0.0000E+00    0.0000E+00    0.0000E+00
    1.1875E+04    0.0000E+00    0.0000E+00    0.0000E+00    0.0000E+00
    1.1925E+04    0.0000E+00    0.0000E+00    0.0000E+00    0.0000E+00
    1.1975E+04    0.0000E+00    0.0000E+00    0.0000E+00    0.0000E+00
    1.2025E+04    0.0000E+00    0.0000E+00    0.0000E+00    0.0000E+00
    1.2075E+04    0.0000E+00    0.0000E+00    0.0000E+00    0.0000E+00
    1.2125E+04    0.0000E+00    0.0000E+00    0.0000E+00    0.0000E+00
    1.2175E+04    0.0000E+00    0.0000E+00    0.0000E+00    0.0000E+00
    1.2225E+04    0.0000E+00    0.0000E+00    0.0000E+00    0.0000E+00
    1.2275E+04    0.0000E+00    0.0000E+00    0.0000E+00    0.0000E+00
    1.2325E+04    0.0000E+00    0.0000E+00    0.0000E+00    0.0000E+00
    1.2375E+04    0.0000E+00    0.0000E+00    0.0000E+00    0.0000E+00
    1.2425E+04    0.0000E+00    0.0000E+00    0.0000E+00    0.0000E+00
    1.2475E+04    0.0000E+00    0.0000E+00    0.0000E+00    0.0000E+00
    1.2525E+04    0.0000E+00    0.0000E+00    0.0000E+00    0.0000E+00
    1.2575E+04    0.0000E+00    0.0000E+00    0.0000E+00    0.0000E+00
    1.2625E+04    0.0000E+00    0.0000E+00    0.0000E+00    0.0000E+00
    1.2675E+04    0.0000E+00    0.0000E+00    0.0000E+00    0.0000E+00
    1.2725E+04    0.0000E+00    0.0000E+00    0.0000E+00    0.0000E+00
    1.2775E+04    0.0000E+00    0.0000E+00    0.0000E+00    0.0000E+00
    1.2825E+04    0.0000E+00    0.0000E+00    0.0000E+00    0.0000E+00
    1.2875E+04    0.0000E+00    0.0000E+00    0.0000E+00    0.0000E+00
    1.2925E+04    0.0000E+00    0.0000E+00    0.0000E+00    0.0000E+00
    1.2975E+04    0.0000E+00    0.0000E+00    0.0000E+00    0.0000E+00
    1.3025E+04    0.0000E+00    0.0000E+00    0.0000E+00    0.0000E+00
    1.3075E+04    0.0000E+00    0.0000E+00    0.0000E+00    0.0000E+00
    1.3125E+04    0.0000E+00    0.0000E+00    0.0000E+00    0.0000E+00
    1.3175E+04    0.0000E+00    0.0000E+00    0.0000E+00    0.0000E+00
    1.3225E+04    0.0000E+00    0.0000E+00    0.0000E+00    0.0000E+00
    1.3275E+04    0.0000E+00    0.0000E+00    0.0000E+00    0.0000E+00
    1.3325E+04    0.0000E+00    0.0000E+00    0.0000E+00    0.0000E+00
    1.3375E+04    0.0000E+00    0.0000E+00    0.0000E+00    0.0000E+00
    1.3425E+04    0.0000E+00    0.0000E+00    0.0000E+00    0.0000E+00
    1.3475E+04    0.0000E+00    0.0000E+00    0.0000E+00    0.0000E+00
    1.3525E+04    0.0000E+00    0.0000E+00    0.0000E+00    0.0000E+00
    1.3575E+04    0.0000E+00    0.0000E+00    0.0000E+00    0.0000E+00
    1.3625E+04    0.0000E+00    0.0000E+00    0.0000E+00    0.0000E+00
    1.3675E+04    0.0000E+00    0.0000E+00    0.0000E+00    0.0000E+00
    1.3725E+04    0.0000E+00    0.0000E+00    0.0000E+00    0.0000E+00
    1.3775E+04    0.0000E+00    0.0000E+00    0.0000E+00    0.0000E+00
    1.3825E+04    0.0000E+00    0.0000E+00    0.0000E+00    0.0000E+00
    1.3875E+04    0.0000E+00    0.0000E+00    0.0000E+00    0.0000E+00
    1.3925E+04    0.0000E+00    0.0000E+00    0.0000E+00    0.0000E+00
    1.3975E+04    0.0000E+00    0.0000E+00    0.0000E+00    0.0000E+00
    1.4025E+04    0.0000E+00    0.0000E+00    0.0000E+00    0.0000E+00
    1.4075E+04    0.0000E+00    0.0000E+00    0.0000E+00    0.0000E+00
    1.4125E+04    0.0000E+00    0.0000E+00    0.0000E+00    0.0000E+00
    1.4175E+04    0.0000E+00    0.0000E+00    0.0000E+00    0.0000E+00
    1.4225E+04    0.0000E+00    0.0000E+00    0.0000E+00    0.0000E+00
    1.4275E+04    0.0000E+00    0.0000E+00    0.0000E+00    0.0000E+00
    1.4325E+04    0.0000E+00    0.0000E+00    0.0000E+00    0.0000E+00
    1.4375E+04    0.0000E+00    0.0000E+00    0.0000E+00    0.0000E+00
    1.4425E+04    0.0000E+00    0.0000E+00    0.0000E+00    0.0000E+00
    1.4475E+04    0.0000E+00    0.0000E+00    0.0000E+00    0.0000E+00
    1.4525E+04    0.0000E+00    0.0000E+00    0.0000E+00    0.0000E+00
    1.4570E+04    0.0000E+00    0.0000E+00    0.0000E+00    0.0000E+00
    1.4620E+04    0.0000E+00    0.0000E+00    0.0000E+00    0.0000E+00
    1.4675E+04    0.0000E+00    0.0000E+00    0.0000E+00    0.0000E+00
    1.4725E+04    0.0000E+00    0.0000E+00    0.0000E+00    0.0000E+00
    1.4775E+04    0.0000E+00    0.0000E+00    0.0000E+00    0.0000E+00
    1.4825E+04    0.0000E+00    0.0000E+00    0.0000E+00    0.0000E+00
    1.4875E+04    0.0000E+00    0.0000E+00    0.0000E+00    0.0000E+00
    1.4925E+04    0.0000E+00    0.0000E+00    0.0000E+00    0.0000E+00
    1.4975E+04    0.0000E+00    0.0000E+00    0.0000E+00    0.0000E+00
    1.5025E+04    0.0000E+00    0.0000E+00    0.0000E+00    0.0000E+00
    1.5075E+04    0.0000E+00    0.0000E+00    0.0000E+00    0.0000E+00
    1.5125E+04    0.0000E+00    0.0000E+00    0.0000E+00    0.0000E+00
    1.5175E+04    0.0000E+00    0.0000E+00    0.0000E+00    0.0000E+00
    1.5225E+04    0.0000E+00    0.0000E+00    0.0000E+00    0.0000E+00
    1.5275E+04    0.0000E+00    0.0000E+00    0.0000E+00    0.0000E+00
    1.5325E+04    0.0000E+00    0.0000E+00    0.0000E+00    0.0000E+00
    1.5375E+04    0.0000E+00    0.0000E+00    0.0000E+00    0.0000E+00
    1.5425E+04    0.0000E+00    0.0000E+00    0.0000E+00    0.0000E+00
    1.5475E+04    0.0000E+00    0.0000E+00    0.0000E+00    0.0000E+00
    1.5525E+04    0.0000E+00    0.0000E+00    0.0000E+00    0.0000E+00
    1.5575E+04    0.0000E+00    0.0000E+00    0.0000E+00    0.0000E+00
    1.5625E+04    0.0000E+00    0.0000E+00    0.0000E+00    0.0000E+00
    1.5675E+04    0.0000E+00    0.0000E+00    0.0000E+00    0.0000E+00
    1.5725E+04    0.0000E+00    0.0000E+00    0.0000E+00    0.0000E+00
    1.5775E+04    0.0000E+00    0.0000E+00    0.0000E+00    0.0000E+00
    1.5825E+04    0.0000E+00    0.0000E+00    0.0000E+00    0.0000E+00
    1.5875E+04    0.0000E+00    0.0000E+00    0.0000E+00    0.0000E+00
    1.5925E+04    0.0000E+00    0.0000E+00    0.0000E+00    0.0000E+00
    1.5975E+04    0.0000E+00    0.0000E+00    0.0000E+00    0.0000E+00
    1.6050E+04    0.0000E+00    0.0000E+00    0.0000E+00    0.0000E+00
    1.6150E+04    0.0000E+00    0.0000E+00    0.0000E+00    0.0000E+00
    1.6250E+04    0.0000E+00    0.0000E+00    0.0000E+00    0.0000E+00
    1.6350E+04    0.0000E+00    0.0000E+00    0.0000E+00    0.0000E+00
    1.6450E+04    0.0000E+00    0.0000E+00    0.0000E+00    0.0000E+00
    1.6550E+04    0.0000E+00    0.0000E+00    0.0000E+00    0.0000E+00
    1.6650E+04    0.0000E+00    0.0000E+00    0.0000E+00    0.0000E+00
    1.6750E+04    0.0000E+00    0.0000E+00    0.0000E+00    0.0000E+00
    1.6850E+04    0.0000E+00    0.0000E+00    0.0000E+00    0.0000E+00
    1.6950E+04    0.0000E+00    0.0000E+00    0.0000E+00    0.0000E+00
    1.7050E+04    0.0000E+00    0.0000E+00    0.0000E+00    0.0000E+00
    1.7150E+04    0.0000E+00    0.0000E+00    0.0000E+00    0.0000E+00
    1.7250E+04    0.0000E+00    0.0000E+00    0.0000E+00    0.0000E+00
    1.7350E+04    0.0000E+00    0.0000E+00    0.0000E+00    0.0000E+00
    1.7450E+04    0.0000E+00    0.0000E+00    0.0000E+00    0.0000E+00
    1.7550E+04    0.0000E+00    0.0000E+00    0.0000E+00    0.0000E+00
    1.7650E+04    0.0000E+00    0.0000E+00    0.0000E+00    0.0000E+00
    1.7750E+04    0.0000E+00    0.0000E+00    0.0000E+00    0.0000E+00
    1.7850E+04    0.0000E+00    0.0000E+00    0.0000E+00    0.0000E+00
    1.7950E+04    0.0000E+00    0.0000E+00    0.0000E+00    0.0000E+00
    1.8050E+04    0.0000E+00    0.0000E+00    0.0000E+00    0.0000E+00
    1.8150E+04    0.0000E+00    0.0000E+00    0.0000E+00    0.0000E+00
    1.8250E+04    0.0000E+00    0.0000E+00    0.0000E+00    0.0000E+00
    1.8350E+04    0.0000E+00    0.0000E+00    0.0000E+00    0.0000E+00
    1.8450E+04    0.0000E+00    0.0000E+00    0.0000E+00    0.0000E+00
    1.8550E+04    0.0000E+00    0.0000E+00    0.0000E+00    0.0000E+00
    1.8650E+04    0.0000E+00    0.0000E+00    0.0000E+00    0.0000E+00
    1.8750E+04    0.0000E+00    0.0000E+00    0.0000E+00    0.0000E+00
    1.8850E+04    0.0000E+00    0.0000E+00    0.0000E+00    0.0000E+00
    1.8950E+04    0.0000E+00    0.0000E+00    0.0000E+00    0.0000E+00
    1.9050E+04    0.0000E+00    0.0000E+00    0.0000E+00    0.0000E+00
    1.9150E+04    0.0000E+00    0.0000E+00    0.0000E+00    0.0000E+00
    1.9250E+04    0.0000E+00    0.0000E+00    0.0000E+00    0.0000E+00
    1.9350E+04    0.0000E+00    0.0000E+00    0.0000E+00    0.0000E+00
    1.9450E+04    0.0000E+00    0.0000E+00    0.0000E+00    0.0000E+00
    1.9550E+04    0.0000E+00    0.0000E+00    0.0000E+00    0.0000E+00
    1.9650E+04    0.0000E+00    0.0000E+00    0.0000E+00    0.0000E+00
    1.9750E+04    0.0000E+00    0.0000E+00    0.0000E+00    0.0000E+00
    1.9850E+04    0.0000E+00    0.0000E+00    0.0000E+00    0.0000E+00
    1.9950E+04    0.0000E+00    0.0000E+00    0.0000E+00    0.0000E+00
    2.0050E+04    0.0000E+00    0.0000E+00    0.0000E+00    0.0000E+00
    2.0150E+04    0.0000E+00    0.0000E+00    0.0000E+00    0.0000E+00
    2.0250E+04    0.0000E+00    0.0000E+00    0.0000E+00    0.0000E+00
    2.0350E+04    0.0000E+00    0.0000E+00    0.0000E+00    0.0000E+00
    2.0450E+04    0.0000E+00    0.0000E+00    0.0000E+00    0.0000E+00
    2.0550E+04    0.0000E+00    0.0000E+00    0.0000E+00    0.0000E+00
    2.0650E+04    0.0000E+00    0.0000E+00    0.0000E+00    0.0000E+00
    2.0750E+04    0.0000E+00    0.0000E+00    0.0000E+00    0.0000E+00
    2.0850E+04    0.0000E+00    0.0000E+00    0.0000E+00    0.0000E+00
    2.0950E+04    0.0000E+00    0.0000E+00    0.0000E+00    0.0000E+00
    2.1050E+04    0.0000E+00    0.0000E+00    0.0000E+00    0.0000E+00
    2.1150E+04    0.0000E+00    0.0000E+00    0.0000E+00    0.0000E+00
    2.1250E+04    0.0000E+00    0.0000E+00    0.0000E+00    0.0000E+00
    2.1350E+04    0.0000E+00    0.0000E+00    0.0000E+00    0.0000E+00
    2.1450E+04    0.0000E+00    0.0000E+00    0.0000E+00    0.0000E+00
    2.1550E+04    0.0000E+00    0.0000E+00    0.0000E+00    0.0000E+00
    2.1650E+04    0.0000E+00    0.0000E+00    0.0000E+00    0.0000E+00
    2.1750E+04    0.0000E+00    0.0000E+00    0.0000E+00    0.0000E+00
    2.1850E+04    0.0000E+00    0.0000E+00    0.0000E+00    0.0000E+00
    2.1950E+04    0.0000E+00    0.0000E+00    0.0000E+00    0.0000E+00
    2.2050E+04    0.0000E+00    0.0000E+00    0.0000E+00    0.0000E+00
    2.2150E+04    0.0000E+00    0.0000E+00    0.0000E+00    0.0000E+00
    2.2250E+04    0.0000E+00    0.0000E+00    0.0000E+00    0.0000E+00
    2.2350E+04    0.0000E+00    0.0000E+00    0.0000E+00    0.0000E+00
    2.2450E+04    0.0000E+00    0.0000E+00    0.0000E+00    0.0000E+00
    2.2550E+04    0.0000E+00    0.0000E+00    0.0000E+00    0.0000E+00
    2.2650E+04    0.0000E+00    0.0000E+00    0.0000E+00    0.0000E+00
    2.2750E+04    0.0000E+00    0.0000E+00    0.0000E+00    0.0000E+00
    2.2850E+04    0.0000E+00    0.0000E+00    0.0000E+00    0.0000E+00
    2.2950E+04    0.0000E+00    0.0000E+00    0.0000E+00    0.0000E+00
    2.3050E+04    0.0000E+00    0.0000E+00    0.0000E+00    0.0000E+00
    2.3150E+04    0.0000E+00    0.0000E+00    0.0000E+00    0.0000E+00
    2.3250E+04    0.0000E+00    0.0000E+00    0.0000E+00    0.0000E+00
    2.3350E+04    0.0000E+00    0.0000E+00    0.0000E+00    0.0000E+00
    2.3450E+04    0.0000E+00    0.0000E+00    0.0000E+00    0.0000E+00
    2.3550E+04    0.0000E+00    0.0000E+00    0.0000E+00    0.0000E+00
    2.3650E+04    0.0000E+00    0.0000E+00    0.0000E+00    0.0000E+00
    2.3750E+04    0.0000E+00    0.0000E+00    0.0000E+00    0.0000E+00
    2.3850E+04    0.0000E+00    0.0000E+00    0.0000E+00    0.0000E+00
    2.3950E+04    0.0000E+00    0.0000E+00    0.0000E+00    0.0000E+00
    2.4050E+04    0.0000E+00    0.0000E+00    0.0000E+00    0.0000E+00
    2.4150E+04    0.0000E+00    0.0000E+00    0.0000E+00    0.0000E+00
    2.4250E+04    0.0000E+00    0.0000E+00    0.0000E+00    0.0000E+00
    2.4350E+04    0.0000E+00    0.0000E+00    0.0000E+00    0.0000E+00
    2.4450E+04    0.0000E+00    0.0000E+00    0.0000E+00    0.0000E+00
    2.4550E+04    0.0000E+00    0.0000E+00    0.0000E+00    0.0000E+00
    2.4650E+04    0.0000E+00    0.0000E+00    0.0000E+00    0.0000E+00
    2.4750E+04    0.0000E+00    0.0000E+00    0.0000E+00    0.0000E+00
    2.4850E+04    0.0000E+00    0.0000E+00    0.0000E+00    0.0000E+00
    2.4950E+04    0.0000E+00    0.0000E+00    0.0000E+00    0.0000E+00
    2.5050E+04    0.0000E+00    0.0000E+00    0.0000E+00    0.0000E+00
    2.5150E+04    0.0000E+00    0.0000E+00    0.0000E+00    0.0000E+00
    2.5250E+04    0.0000E+00    0.0000E+00    0.0000E+00    0.0000E+00
    2.5350E+04    0.0000E+00    0.0000E+00    0.0000E+00    0.0000E+00
    2.5450E+04    0.0000E+00    0.0000E+00    0.0000E+00    0.0000E+00
    2.5550E+04    0.0000E+00    0.0000E+00    0.0000E+00    0.0000E+00
    2.5650E+04    0.0000E+00    0.0000E+00    0.0000E+00    0.0000E+00
    2.5750E+04    0.0000E+00    0.0000E+00    0.0000E+00    0.0000E+00
    2.5850E+04    0.0000E+00    0.0000E+00    0.0000E+00    0.0000E+00
    2.5950E+04    0.0000E+00    0.0000E+00    0.0000E+00    0.0000E+00
    2.6050E+04    0.0000E+00    0.0000E+00    0.0000E+00    0.0000E+00
    2.6150E+04    0.0000E+00    0.0000E+00    0.0000E+00    0.0000E+00
    2.6250E+04    0.0000E+00    0.0000E+00    0.0000E+00    0.0000E+00
    2.6350E+04    0.0000E+00    0.0000E+00    0.0000E+00    0.0000E+00
    2.6450E+04    0.0000E+00    0.0000E+00    0.0000E+00    0.0000E+00
    2.6550E+04    0.0000E+00    0.0000E+00    0.0000E+00    0.0000E+00
    2.6650E+04    0.0000E+00    0.0000E+00    0.0000E+00    0.0000E+00
    2.6750E+04    0.0000E+00    0.0000E+00    0.0000E+00    0.0000E+00
    2.6850E+04    0.0000E+00    0.0000E+00    0.0000E+00    0.0000E+00
    2.6950E+04    0.0000E+00    0.0000E+00    0.0000E+00    0.0000E+00
    2.7050E+04    0.0000E+00    0.0000E+00    0.0000E+00    0.0000E+00
    2.7150E+04    0.0000E+00    0.0000E+00    0.0000E+00    0.0000E+00
    2.7250E+04    0.0000E+00    0.0000E+00    0.0000E+00    0.0000E+00
    2.7350E+04    0.0000E+00    0.0000E+00    0.0000E+00    0.0000E+00
    2.7450E+04    0.0000E+00    0.0000E+00    0.0000E+00    0.0000E+00
    2.7550E+04    0.0000E+00    0.0000E+00    0.0000E+00    0.0000E+00
    2.7650E+04    0.0000E+00    0.0000E+00    0.0000E+00    0.0000E+00
    2.7750E+04    0.0000E+00    0.0000E+00    0.0000E+00    0.0000E+00
    2.7850E+04    0.0000E+00    0.0000E+00    0.0000E+00    0.0000E+00
    2.7950E+04    0.0000E+00    0.0000E+00    0.0000E+00    0.0000E+00
    2.8050E+04    0.0000E+00    0.0000E+00    0.0000E+00    0.0000E+00
    2.8150E+04    0.0000E+00    0.0000E+00    0.0000E+00    0.0000E+00
    2.8250E+04    0.0000E+00    0.0000E+00    0.0000E+00    0.0000E+00
    2.8350E+04    0.0000E+00    0.0000E+00    0.0000E+00    0.0000E+00
    2.8450E+04    0.0000E+00    0.0000E+00    0.0000E+00    0.0000E+00
    2.8550E+04    0.0000E+00    0.0000E+00    0.0000E+00    0.0000E+00
    2.8650E+04    0.0000E+00    0.0000E+00    0.0000E+00    0.0000E+00
    2.8750E+04    0.0000E+00    0.0000E+00    0.0000E+00    0.0000E+00
    2.8850E+04    0.0000E+00    0.0000E+00    0.0000E+00    0.0000E+00
    2.8950E+04    0.0000E+00    0.0000E+00    0.0000E+00    0.0000E+00
    2.9050E+04    0.0000E+00    0.0000E+00    0.0000E+00    0.0000E+00
    2.9150E+04    0.0000E+00    0.0000E+00    0.0000E+00    0.0000E+00
    2.9250E+04    0.0000E+00    0.0000E+00    0.0000E+00    0.0000E+00
    2.9350E+04    0.0000E+00    0.0000E+00    0.0000E+00    0.0000E+00
    2.9450E+04    0.0000E+00    0.0000E+00    0.0000E+00    0.0000E+00
    2.9550E+04    0.0000E+00    0.0000E+00    0.0000E+00    0.0000E+00
    2.9650E+04    0.0000E+00    0.0000E+00    0.0000E+00    0.0000E+00
    2.9750E+04    0.0000E+00    0.0000E+00    0.0000E+00    0.0000E+00
    2.9850E+04    0.0000E+00    0.0000E+00    0.0000E+00    0.0000E+00
    2.9950E+04    0.0000E+00    0.0000E+00    0.0000E+00    0.0000E+00
    3.0050E+04    0.0000E+00    0.0000E+00    0.0000E+00    0.0000E+00
    3.0150E+04    0.0000E+00    0.0000E+00    0.0000E+00    0.0000E+00
    3.0250E+04    0.0000E+00    0.0000E+00    0.0000E+00    0.0000E+00
    3.0350E+04    0.0000E+00    0.0000E+00    0.0000E+00    0.0000E+00
    3.0450E+04    0.0000E+00    0.0000E+00    0.0000E+00    0.0000E+00
    3.0550E+04    0.0000E+00    0.0000E+00    0.0000E+00    0.0000E+00
    3.0650E+04    0.0000E+00    0.0000E+00    0.0000E+00    0.0000E+00
    3.0750E+04    0.0000E+00    0.0000E+00    0.0000E+00    0.0000E+00
    3.0850E+04    0.0000E+00    0.0000E+00    0.0000E+00    0.0000E+00
    3.0950E+04    0.0000E+00    0.0000E+00    0.0000E+00    0.0000E+00
    3.1050E+04    0.0000E+00    0.0000E+00    0.0000E+00    0.0000E+00
    3.1150E+04    0.0000E+00    0.0000E+00    0.0000E+00    0.0000E+00
    3.1250E+04    0.0000E+00    0.0000E+00    0.0000E+00    0.0000E+00
    3.1350E+04    0.0000E+00    0.0000E+00    0.0000E+00    0.0000E+00
    3.1450E+04    0.0000E+00    0.0000E+00    0.0000E+00    0.0000E+00
    3.1550E+04    0.0000E+00    0.0000E+00    0.0000E+00    0.0000E+00
    3.1650E+04    0.0000E+00    0.0000E+00    0.0000E+00    0.0000E+00
    3.1750E+04    0.0000E+00    0.0000E+00    0.0000E+00    0.0000E+00
    3.1850E+04    0.0000E+00    0.0000E+00    0.0000E+00    0.0000E+00
    3.1950E+04    0.0000E+00    0.0000E+00    0.0000E+00    0.0000E+00
    3.2100E+04    0.0000E+00    0.0000E+00    0.0000E+00    0.0000E+00
    3.2300E+04    0.0000E+00    0.0000E+00    0.0000E+00    0.0000E+00
    3.2500E+04    0.0000E+00    0.0000E+00    0.0000E+00    0.0000E+00
    3.2700E+04    0.0000E+00    0.0000E+00    0.0000E+00    0.0000E+00
    3.2900E+04    0.0000E+00    0.0000E+00    0.0000E+00    0.0000E+00
    3.3100E+04    0.0000E+00    0.0000E+00    0.0000E+00    0.0000E+00
    3.3300E+04    0.0000E+00    0.0000E+00    0.0000E+00    0.0000E+00
    3.3500E+04    0.0000E+00    0.0000E+00    0.0000E+00    0.0000E+00
    3.3700E+04    0.0000E+00    0.0000E+00    0.0000E+00    0.0000E+00
    3.3900E+04    0.0000E+00    0.0000E+00    0.0000E+00    0.0000E+00
    3.4100E+04    0.0000E+00    0.0000E+00    0.0000E+00    0.0000E+00
    3.4300E+04    0.0000E+00    0.0000E+00    0.0000E+00    0.0000E+00
    3.4500E+04    0.0000E+00    0.0000E+00    0.0000E+00    0.0000E+00
    3.4700E+04    0.0000E+00    0.0000E+00    0.0000E+00    0.0000E+00
    3.4900E+04    0.0000E+00    0.0000E+00    0.0000E+00    0.0000E+00
    3.5100E+04    0.0000E+00    0.0000E+00    0.0000E+00    0.0000E+00
    3.5300E+04    0.0000E+00    0.0000E+00    0.0000E+00    0.0000E+00
    3.5500E+04    0.0000E+00    0.0000E+00    0.0000E+00    0.0000E+00
    3.5700E+04    0.0000E+00    0.0000E+00    0.0000E+00    0.0000E+00
    3.5900E+04    0.0000E+00    0.0000E+00    0.0000E+00    0.0000E+00
    3.6100E+04    0.0000E+00    0.0000E+00    0.0000E+00    0.0000E+00
    3.6300E+04    0.0000E+00    0.0000E+00    0.0000E+00    0.0000E+00
    3.6500E+04    0.0000E+00    0.0000E+00    0.0000E+00    0.0000E+00
    3.6700E+04    0.0000E+00    0.0000E+00    0.0000E+00    0.0000E+00
    3.6900E+04    0.0000E+00    0.0000E+00    0.0000E+00    0.0000E+00
    3.7100E+04    0.0000E+00    0.0000E+00    0.0000E+00    0.0000E+00
    3.7300E+04    0.0000E+00    0.0000E+00    0.0000E+00    0.0000E+00
    3.7500E+04    0.0000E+00    0.0000E+00    0.0000E+00    0.0000E+00
    3.7700E+04    0.0000E+00    0.0000E+00    0.0000E+00    0.0000E+00
    3.7900E+04    0.0000E+00    0.0000E+00    0.0000E+00    0.0000E+00
    3.8100E+04    0.0000E+00    0.0000E+00    0.0000E+00    0.0000E+00
    3.8300E+04    0.0000E+00    0.0000E+00    0.0000E+00    0.0000E+00
    3.8500E+04    0.0000E+00    0.0000E+00    0.0000E+00    0.0000E+00
    3.8700E+04    0.0000E+00    0.0000E+00    0.0000E+00    0.0000E+00
    3.8900E+04    0.0000E+00    0.0000E+00    0.0000E+00    0.0000E+00
    3.9100E+04    0.0000E+00    0.0000E+00    0.0000E+00    0.0000E+00
    3.9300E+04    0.0000E+00    0.0000E+00    0.0000E+00    0.0000E+00
    3.9500E+04    0.0000E+00    0.0000E+00    0.0000E+00    0.0000E+00
    3.9700E+04    0.0000E+00    0.0000E+00    0.0000E+00    0.0000E+00
    3.9900E+04    0.0000E+00    0.0000E+00    0.0000E+00    0.0000E+00
    4.0100E+04    0.0000E+00    0.0000E+00    0.0000E+00    0.0000E+00
    4.0300E+04    0.0000E+00    0.0000E+00    0.0000E+00    0.0000E+00
    4.0500E+04    0.0000E+00    0.0000E+00    0.0000E+00    0.0000E+00
    4.0700E+04    0.0000E+00    0.0000E+00    0.0000E+00    0.0000E+00
    4.0900E+04    0.0000E+00    0.0000E+00    0.0000E+00    0.0000E+00
    4.1100E+04    0.0000E+00    0.0000E+00    0.0000E+00    0.0000E+00
    4.1300E+04    0.0000E+00    0.0000E+00    0.0000E+00    0.0000E+00
    4.1500E+04    0.0000E+00    0.0000E+00    0.0000E+00    0.0000E+00
    4.1700E+04    0.0000E+00    0.0000E+00    0.0000E+00    0.0000E+00
    4.1900E+04    0.0000E+00    0.0000E+00    0.0000E+00    0.0000E+00
    4.2100E+04    0.0000E+00    0.0000E+00    0.0000E+00    0.0000E+00
    4.2300E+04    0.0000E+00    0.0000E+00    0.0000E+00    0.0000E+00
    4.2500E+04    0.0000E+00    0.0000E+00    0.0000E+00    0.0000E+00
    4.2700E+04    0.0000E+00    0.0000E+00    0.0000E+00    0.0000E+00
    4.2900E+04    0.0000E+00    0.0000E+00    0.0000E+00    0.0000E+00
    4.3100E+04    0.0000E+00    0.0000E+00    0.0000E+00    0.0000E+00
    4.3300E+04    0.0000E+00    0.0000E+00    0.0000E+00    0.0000E+00
    4.3500E+04    0.0000E+00    0.0000E+00    0.0000E+00    0.0000E+00
    4.3700E+04    0.0000E+00    0.0000E+00    0.0000E+00    0.0000E+00
    4.3900E+04    0.0000E+00    0.0000E+00    0.0000E+00    0.0000E+00
    4.4100E+04    0.0000E+00    0.0000E+00    0.0000E+00    0.0000E+00
    4.4300E+04    0.0000E+00    0.0000E+00    0.0000E+00    0.0000E+00
    4.4500E+04    0.0000E+00    0.0000E+00    0.0000E+00    0.0000E+00
    4.4700E+04    0.0000E+00    0.0000E+00    0.0000E+00    0.0000E+00
    4.4900E+04    0.0000E+00    0.0000E+00    0.0000E+00    0.0000E+00
    4.5100E+04    0.0000E+00    0.0000E+00    0.0000E+00    0.0000E+00
    4.5300E+04    0.0000E+00    0.0000E+00    0.0000E+00    0.0000E+00
    4.5500E+04    0.0000E+00    0.0000E+00    0.0000E+00    0.0000E+00
    4.5700E+04    0.0000E+00    0.0000E+00    0.0000E+00    0.0000E+00
    4.5900E+04    0.0000E+00    0.0000E+00    0.0000E+00    0.0000E+00
    4.6100E+04    0.0000E+00    0.0000E+00    0.0000E+00    0.0000E+00
    4.6300E+04    0.0000E+00    0.0000E+00    0.0000E+00    0.0000E+00
    4.6500E+04    0.0000E+00    0.0000E+00    0.0000E+00    0.0000E+00
    4.6700E+04    0.0000E+00    0.0000E+00    0.0000E+00    0.0000E+00
    4.6900E+04    0.0000E+00    0.0000E+00    0.0000E+00    0.0000E+00
    4.7100E+04    0.0000E+00    0.0000E+00    0.0000E+00    0.0000E+00
    4.7300E+04    0.0000E+00    0.0000E+00    0.0000E+00    0.0000E+00
    4.7500E+04    0.0000E+00    0.0000E+00    0.0000E+00    0.0000E+00
    4.7700E+04    0.0000E+00    0.0000E+00    0.0000E+00    0.0000E+00
    4.7900E+04    0.0000E+00    0.0000E+00    0.0000E+00    0.0000E+00
    4.8100E+04    0.0000E+00    0.0000E+00    0.0000E+00    0.0000E+00
    4.8300E+04    0.0000E+00    0.0000E+00    0.0000E+00    0.0000E+00
    4.8500E+04    0.0000E+00    0.0000E+00    0.0000E+00    0.0000E+00
    4.8700E+04    0.0000E+00    0.0000E+00    0.0000E+00    0.0000E+00
    4.8900E+04    0.0000E+00    0.0000E+00    0.0000E+00    0.0000E+00
    4.9100E+04    0.0000E+00    0.0000E+00    0.0000E+00    0.0000E+00
    4.9300E+04    0.0000E+00    0.0000E+00    0.0000E+00    0.0000E+00
    4.9500E+04    0.0000E+00    0.0000E+00    0.0000E+00    0.0000E+00
    4.9700E+04    0.0000E+00    0.0000E+00    0.0000E+00    0.0000E+00
    4.9900E+04    0.0000E+00    0.0000E+00    0.0000E+00    0.0000E+00
    5.0100E+04    0.0000E+00    0.0000E+00    0.0000E+00    0.0000E+00
    5.0300E+04    0.0000E+00    0.0000E+00    0.0000E+00    0.0000E+00
    5.0500E+04    0.0000E+00    0.0000E+00    0.0000E+00    0.0000E+00
    5.0700E+04    0.0000E+00    0.0000E+00    0.0000E+00    0.0000E+00
    5.0900E+04    0.0000E+00    0.0000E+00    0.0000E+00    0.0000E+00
    5.1100E+04    0.0000E+00    0.0000E+00    0.0000E+00    0.0000E+00
    5.1300E+04    0.0000E+00    0.0000E+00    0.0000E+00    0.0000E+00
    5.1500E+04    0.0000E+00    0.0000E+00    0.0000E+00    0.0000E+00
    5.1700E+04    0.0000E+00    0.0000E+00    0.0000E+00    0.0000E+00
    5.1900E+04    0.0000E+00    0.0000E+00    0.0000E+00    0.0000E+00
    5.2100E+04    0.0000E+00    0.0000E+00    0.0000E+00    0.0000E+00
    5.2300E+04    0.0000E+00    0.0000E+00    0.0000E+00    0.0000E+00
    5.2500E+04    0.0000E+00    0.0000E+00    0.0000E+00    0.0000E+00
    5.2700E+04    0.0000E+00    0.0000E+00    0.0000E+00    0.0000E+00
    5.2900E+04    0.0000E+00    0.0000E+00    0.0000E+00    0.0000E+00
    5.3100E+04    0.0000E+00    0.0000E+00    0.0000E+00    0.0000E+00
    5.3300E+04    0.0000E+00    0.0000E+00    0.0000E+00    0.0000E+00
    5.3500E+04    0.0000E+00    0.0000E+00    0.0000E+00    0.0000E+00
    5.3700E+04    0.0000E+00    0.0000E+00    0.0000E+00    0.0000E+00
    5.3900E+04    0.0000E+00    0.0000E+00    0.0000E+00    0.0000E+00
    5.4100E+04    0.0000E+00    0.0000E+00    0.0000E+00    0.0000E+00
    5.4300E+04    0.0000E+00    0.0000E+00    0.0000E+00    0.0000E+00
    5.4500E+04    0.0000E+00    0.0000E+00    0.0000E+00    0.0000E+00
    5.4700E+04    0.0000E+00    0.0000E+00    0.0000E+00    0.0000E+00
    5.4900E+04    0.0000E+00    0.0000E+00    0.0000E+00    0.0000E+00
    5.5100E+04    0.0000E+00    0.0000E+00    0.0000E+00    0.0000E+00
    5.5300E+04    0.0000E+00    0.0000E+00    0.0000E+00    0.0000E+00
    5.5500E+04    0.0000E+00    0.0000E+00    0.0000E+00    0.0000E+00
    5.5700E+04    0.0000E+00    0.0000E+00    0.0000E+00    0.0000E+00
    5.5900E+04    0.0000E+00    0.0000E+00    0.0000E+00    0.0000E+00
    5.6100E+04    0.0000E+00    0.0000E+00    0.0000E+00    0.0000E+00
    5.6300E+04    0.0000E+00    0.0000E+00    0.0000E+00    0.0000E+00
    5.6500E+04    0.0000E+00    0.0000E+00    0.0000E+00    0.0000E+00
    5.6700E+04    0.0000E+00    0.0000E+00    0.0000E+00    0.0000E+00
    5.6900E+04    0.0000E+00    0.0000E+00    0.0000E+00    0.0000E+00
    5.7100E+04    0.0000E+00    0.0000E+00    0.0000E+00    0.0000E+00
    5.7300E+04    0.0000E+00    0.0000E+00    0.0000E+00    0.0000E+00
    5.7500E+04    0.0000E+00    0.0000E+00    0.0000E+00    0.0000E+00
    5.7700E+04    0.0000E+00    0.0000E+00    0.0000E+00    0.0000E+00
    5.7900E+04    0.0000E+00    0.0000E+00    0.0000E+00    0.0000E+00
    5.8100E+04    0.0000E+00    0.0000E+00    0.0000E+00    0.0000E+00
    5.8300E+04    0.0000E+00    0.0000E+00    0.0000E+00    0.0000E+00
    5.8500E+04    0.0000E+00    0.0000E+00    0.0000E+00    0.0000E+00
    5.8700E+04    0.0000E+00    0.0000E+00    0.0000E+00    0.0000E+00
    5.8900E+04    0.0000E+00    0.0000E+00    0.0000E+00    0.0000E+00
    5.9100E+04    0.0000E+00    0.0000E+00    0.0000E+00    0.0000E+00
    5.9300E+04    0.0000E+00    0.0000E+00    0.0000E+00    0.0000E+00
    5.9500E+04    0.0000E+00    0.0000E+00    0.0000E+00    0.0000E+00
    5.9700E+04    0.0000E+00    0.0000E+00    0.0000E+00    0.0000E+00
    5.9900E+04    0.0000E+00    0.0000E+00    0.0000E+00    0.0000E+00
    6.0100E+04    0.0000E+00    0.0000E+00    0.0000E+00    0.0000E+00
    6.0300E+04    0.0000E+00    0.0000E+00    0.0000E+00    0.0000E+00
    6.0500E+04    0.0000E+00    0.0000E+00    0.0000E+00    0.0000E+00
    6.0700E+04    0.0000E+00    0.0000E+00    0.0000E+00    0.0000E+00
    6.0900E+04    0.0000E+00    0.0000E+00    0.0000E+00    0.0000E+00
    6.1100E+04    0.0000E+00    0.0000E+00    0.0000E+00    0.0000E+00
    6.1300E+04    0.0000E+00    0.0000E+00    0.0000E+00    0.0000E+00
    6.1500E+04    0.0000E+00    0.0000E+00    0.0000E+00    0.0000E+00
    6.1700E+04    0.0000E+00    0.0000E+00    0.0000E+00    0.0000E+00
    6.1900E+04    0.0000E+00    0.0000E+00    0.0000E+00    0.0000E+00
    6.2100E+04    0.0000E+00    0.0000E+00    0.0000E+00    0.0000E+00
    6.2300E+04    0.0000E+00    0.0000E+00    0.0000E+00    0.0000E+00
    6.2500E+04    0.0000E+00    0.0000E+00    0.0000E+00    0.0000E+00
    6.2700E+04    0.0000E+00    0.0000E+00    0.0000E+00    0.0000E+00
    6.2900E+04    0.0000E+00    0.0000E+00    0.0000E+00    0.0000E+00
    6.3100E+04    0.0000E+00    0.0000E+00    0.0000E+00    0.0000E+00
    6.3300E+04    0.0000E+00    0.0000E+00    0.0000E+00    0.0000E+00
    6.3500E+04    0.0000E+00    0.0000E+00    0.0000E+00    0.0000E+00
    6.3700E+04    0.0000E+00    0.0000E+00    0.0000E+00    0.0000E+00
    6.3900E+04    0.0000E+00    0.0000E+00    0.0000E+00    0.0000E+00
    6.4200E+04    0.0000E+00    0.0000E+00    0.0000E+00    0.0000E+00
    6.4600E+04    0.0000E+00    0.0000E+00    0.0000E+00    0.0000E+00
    6.5000E+04    0.0000E+00    0.0000E+00    0.0000E+00    0.0000E+00
    6.5400E+04    0.0000E+00    0.0000E+00    0.0000E+00    0.0000E+00
    6.5800E+04    0.0000E+00    0.0000E+00    0.0000E+00    0.0000E+00
    6.6200E+04    0.0000E+00    0.0000E+00    0.0000E+00    0.0000E+00
    6.6600E+04    0.0000E+00    0.0000E+00    0.0000E+00    0.0000E+00
    6.7000E+04    0.0000E+00    0.0000E+00    0.0000E+00    0.0000E+00
    6.7400E+04    0.0000E+00    0.0000E+00    0.0000E+00    0.0000E+00
    6.7800E+04    0.0000E+00    0.0000E+00    0.0000E+00    0.0000E+00
    6.8200E+04    0.0000E+00    0.0000E+00    0.0000E+00    0.0000E+00
    6.8600E+04    0.0000E+00    0.0000E+00    0.0000E+00    0.0000E+00
    6.9000E+04    0.0000E+00    0.0000E+00    0.0000E+00    0.0000E+00
    6.9400E+04    0.0000E+00    0.0000E+00    0.0000E+00    0.0000E+00
    6.9800E+04    0.0000E+00    0.0000E+00    0.0000E+00    0.0000E+00
    7.0200E+04    0.0000E+00    0.0000E+00    0.0000E+00    0.0000E+00
    7.0600E+04    0.0000E+00    0.0000E+00    0.0000E+00    0.0000E+00
    7.1000E+04    0.0000E+00    0.0000E+00    0.0000E+00    0.0000E+00
    7.1400E+04    0.0000E+00    0.0000E+00    0.0000E+00    0.0000E+00
    7.1800E+04    0.0000E+00    0.0000E+00    0.0000E+00    0.0000E+00
    7.2200E+04    0.0000E+00    0.0000E+00    0.0000E+00    0.0000E+00
    7.2600E+04    0.0000E+00    0.0000E+00    0.0000E+00    0.0000E+00
    7.3000E+04    0.0000E+00    0.0000E+00    0.0000E+00    0.0000E+00
    7.3400E+04    0.0000E+00    0.0000E+00    0.0000E+00    0.0000E+00
    7.3800E+04    0.0000E+00    0.0000E+00    0.0000E+00    0.0000E+00
    7.4200E+04    0.0000E+00    0.0000E+00    0.0000E+00    0.0000E+00
    7.4600E+04    0.0000E+00    0.0000E+00    0.0000E+00    0.0000E+00
    7.5000E+04    0.0000E+00    0.0000E+00    0.0000E+00    0.0000E+00
    7.5400E+04    0.0000E+00    0.0000E+00    0.0000E+00    0.0000E+00
    7.5800E+04    0.0000E+00    0.0000E+00    0.0000E+00    0.0000E+00
    7.6200E+04    0.0000E+00    0.0000E+00    0.0000E+00    0.0000E+00
    7.6600E+04    0.0000E+00    0.0000E+00    0.0000E+00    0.0000E+00
    7.7000E+04    0.0000E+00    0.0000E+00    0.0000E+00    0.0000E+00
    7.7400E+04    0.0000E+00    0.0000E+00    0.0000E+00    0.0000E+00
    7.7800E+04    0.0000E+00    0.0000E+00    0.0000E+00    0.0000E+00
    7.8200E+04    0.0000E+00    0.0000E+00    0.0000E+00    0.0000E+00
    7.8600E+04    0.0000E+00    0.0000E+00    0.0000E+00    0.0000E+00
    7.9000E+04    0.0000E+00    0.0000E+00    0.0000E+00    0.0000E+00
    7.9400E+04    0.0000E+00    0.0000E+00    0.0000E+00    0.0000E+00
    7.9800E+04    0.0000E+00    0.0000E+00    0.0000E+00    0.0000E+00
    8.0200E+04    0.0000E+00    0.0000E+00    0.0000E+00    0.0000E+00
    8.0600E+04    0.0000E+00    0.0000E+00    0.0000E+00    0.0000E+00
    8.1000E+04    0.0000E+00    0.0000E+00    0.0000E+00    0.0000E+00
    8.1400E+04    0.0000E+00    0.0000E+00    0.0000E+00    0.0000E+00
    8.1800E+04    0.0000E+00    0.0000E+00    0.0000E+00    0.0000E+00
    8.2200E+04    0.0000E+00    0.0000E+00    0.0000E+00    0.0000E+00
    8.2600E+04    0.0000E+00    0.0000E+00    0.0000E+00    0.0000E+00
    8.3000E+04    0.0000E+00    0.0000E+00    0.0000E+00    0.0000E+00
    8.3400E+04    0.0000E+00    0.0000E+00    0.0000E+00    0.0000E+00
    8.3800E+04    0.0000E+00    0.0000E+00    0.0000E+00    0.0000E+00
    8.4200E+04    0.0000E+00    0.0000E+00    0.0000E+00    0.0000E+00
    8.4600E+04    0.0000E+00    0.0000E+00    0.0000E+00    0.0000E+00
    8.5000E+04    0.0000E+00    0.0000E+00    0.0000E+00    0.0000E+00
    8.5400E+04    0.0000E+00    0.0000E+00    0.0000E+00    0.0000E+00
    8.5800E+04    0.0000E+00    0.0000E+00    0.0000E+00    0.0000E+00
    8.6200E+04    0.0000E+00    0.0000E+00    0.0000E+00    0.0000E+00
    8.6600E+04    0.0000E+00    0.0000E+00    0.0000E+00    0.0000E+00
    8.7000E+04    0.0000E+00    0.0000E+00    0.0000E+00    0.0000E+00
    8.7400E+04    0.0000E+00    0.0000E+00    0.0000E+00    0.0000E+00
    8.7800E+04    0.0000E+00    0.0000E+00    0.0000E+00    0.0000E+00
    8.8200E+04    0.0000E+00    0.0000E+00    0.0000E+00    0.0000E+00
    8.8600E+04    0.0000E+00    0.0000E+00    0.0000E+00    0.0000E+00
    8.9000E+04    0.0000E+00    0.0000E+00    0.0000E+00    0.0000E+00
    8.9400E+04    0.0000E+00    0.0000E+00    0.0000E+00    0.0000E+00
    8.9800E+04    0.0000E+00    0.0000E+00    0.0000E+00    0.0000E+00
    9.0200E+04    0.0000E+00    0.0000E+00    0.0000E+00    0.0000E+00
    9.0600E+04    0.0000E+00    0.0000E+00    0.0000E+00    0.0000E+00
    9.1000E+04    0.0000E+00    0.0000E+00    0.0000E+00    0.0000E+00
    9.1400E+04    0.0000E+00    0.0000E+00    0.0000E+00    0.0000E+00
    9.1800E+04    0.0000E+00    0.0000E+00    0.0000E+00    0.0000E+00
    9.2200E+04    0.0000E+00    0.0000E+00    0.0000E+00    0.0000E+00
    9.2600E+04    0.0000E+00    0.0000E+00    0.0000E+00    0.0000E+00
    9.3000E+04    0.0000E+00    0.0000E+00    0.0000E+00    0.0000E+00
    9.3400E+04    0.0000E+00    0.0000E+00    0.0000E+00    0.0000E+00
    9.3800E+04    0.0000E+00    0.0000E+00    0.0000E+00    0.0000E+00
    9.4200E+04    0.0000E+00    0.0000E+00    0.0000E+00    0.0000E+00
    9.4600E+04    0.0000E+00    0.0000E+00    0.0000E+00    0.0000E+00
    9.5000E+04    0.0000E+00    0.0000E+00    0.0000E+00    0.0000E+00
    9.5400E+04    0.0000E+00    0.0000E+00    0.0000E+00    0.0000E+00
    9.5800E+04    0.0000E+00    0.0000E+00    0.0000E+00    0.0000E+00
    9.6200E+04    0.0000E+00    0.0000E+00    0.0000E+00    0.0000E+00
    9.6600E+04    0.0000E+00    0.0000E+00    0.0000E+00    0.0000E+00
    9.7000E+04    0.0000E+00    0.0000E+00    0.0000E+00    0.0000E+00
    9.7400E+04    0.0000E+00    0.0000E+00    0.0000E+00    0.0000E+00
    9.7800E+04    0.0000E+00    0.0000E+00    0.0000E+00    0.0000E+00
    9.8200E+04    0.0000E+00    0.0000E+00    0.0000E+00    0.0000E+00
    9.8600E+04    0.0000E+00    0.0000E+00    0.0000E+00    0.0000E+00
    9.9000E+04    0.0000E+00    0.0000E+00    0.0000E+00    0.0000E+00
    9.9400E+04    0.0000E+00    0.0000E+00    0.0000E+00    0.0000E+00
    9.9800E+04    0.0000E+00    0.0000E+00    0.0000E+00    0.0000E+00
    1.0020E+05    0.0000E+00    0.0000E+00    0.0000E+00    0.0000E+00
    2.0000E+05    0.0000E+00    0.0000E+00    0.0000E+00    0.0000E+00
    4.0000E+05    0.0000E+00    0.0000E+00    0.0000E+00    0.0000E+00
    6.0000E+05    0.0000E+00    0.0000E+00    0.0000E+00    0.0000E+00
    8.0000E+05    0.0000E+00    0.0000E+00    0.0000E+00    0.0000E+00
    1.0000E+06    0.0000E+00    0.0000E+00    0.0000E+00    0.0000E+00
    1.2000E+06    0.0000E+00    0.0000E+00    0.0000E+00    0.0000E+00
    1.4000E+06    0.0000E+00    0.0000E+00    0.0000E+00    0.0000E+00
    1.6000E+06    0.0000E+00    0.0000E+00    0.0000E+00    0.0000E+00
