    9.0900E+01    0.0000E+00    0.0000E+00    0.0000E+00    0.0000E+00
    9.3500E+01    0.0000E+00    0.0000E+00    0.0000E+00    0.0000E+00
    9.6100E+01    0.0000E+00    0.0000E+00    0.0000E+00    0.0000E+00
    9.7700E+01    0.0000E+00    0.0000E+00    0.0000E+00    0.0000E+00
    9.9600E+01    0.0000E+00    0.0000E+00    0.0000E+00    0.0000E+00
    1.0200E+02    0.0000E+00    0.0000E+00    0.0000E+00    0.0000E+00
    1.0380E+02    0.0000E+00    0.0000E+00    0.0000E+00    0.0000E+00
    1.0560E+02    0.0000E+00    0.0000E+00    0.0000E+00    0.0000E+00
    1.0770E+02    0.0000E+00    0.0000E+00    0.0000E+00    0.0000E+00
    1.1040E+02    0.0000E+00    0.0000E+00    0.0000E+00    0.0000E+00
    1.1400E+02    0.0000E+00    0.0000E+00    0.0000E+00    0.0000E+00
    1.1780E+02    0.0000E+00    0.0000E+00    0.0000E+00    0.0000E+00
    1.2130E+02    0.0000E+00    0.0000E+00    0.0000E+00    0.0000E+00
    1.2480E+02    0.0000E+00    0.0000E+00    0.0000E+00    0.0000E+00
    1.2710E+02    0.0000E+00    0.0000E+00    0.0000E+00    0.0000E+00
    1.2840E+02    0.0000E+00    0.0000E+00    0.0000E+00    0.0000E+00
    1.3050E+02    0.0000E+00    0.0000E+00    0.0000E+00    0.0000E+00
    1.3240E+02    0.0000E+00    0.0000E+00    0.0000E+00    0.0000E+00
    1.3390E+02    0.0000E+00    0.0000E+00    0.0000E+00    0.0000E+00
    1.3660E+02    0.0000E+00    0.0000E+00    0.0000E+00    0.0000E+00
    1.3980E+02    0.0000E+00    0.0000E+00    0.0000E+00    0.0000E+00
    1.4330E+02    0.0000E+00    0.0000E+00    0.0000E+00    0.0000E+00
    1.4720E+02    0.0000E+00    0.0000E+00    0.0000E+00    0.0000E+00
    1.5100E+02    0.0000E+00    0.0000E+00    0.0000E+00    0.0000E+00
    1.5520E+02    0.0000E+00    0.0000E+00    0.0000E+00    0.0000E+00
    1.5880E+02    0.0000E+00    0.0000E+00    0.0000E+00    0.0000E+00
    1.6200E+02    0.0000E+00    0.0000E+00    0.0000E+00    0.0000E+00
    1.6600E+02    0.0000E+00    0.0000E+00    0.0000E+00    0.0000E+00
    1.7030E+02    0.0000E+00    0.0000E+00    0.0000E+00    0.0000E+00
    1.7340E+02    0.0000E+00    0.0000E+00    0.0000E+00    0.0000E+00
    1.7680E+02    0.0000E+00    0.0000E+00    0.0000E+00    0.0000E+00
    1.8020E+02    0.0000E+00    0.0000E+00    0.0000E+00    0.0000E+00
    1.8170E+02    0.0000E+00    0.0000E+00    0.0000E+00    0.0000E+00
    1.8610E+02    0.0000E+00    0.0000E+00    0.0000E+00    0.0000E+00
    1.9100E+02    0.0000E+00    0.0000E+00    0.0000E+00    0.0000E+00
    1.9390E+02    0.0000E+00    0.0000E+00    0.0000E+00    0.0000E+00
    1.9840E+02    0.0000E+00    0.0000E+00    0.0000E+00    0.0000E+00
    2.0180E+02    0.0000E+00    0.0000E+00    0.0000E+00    0.0000E+00
    2.0500E+02    0.0000E+00    0.0000E+00    0.0000E+00    0.0000E+00
    2.1050E+02    0.0000E+00    0.0000E+00    0.0000E+00    0.0000E+00
    2.1620E+02    0.0000E+00    0.0000E+00    0.0000E+00    0.0000E+00
    2.1980E+02    0.0000E+00    0.0000E+00    0.0000E+00    0.0000E+00
    2.2300E+02    0.0000E+00    0.0000E+00    0.0000E+00    0.0000E+00
    2.2680E+02    0.0000E+00    0.0000E+00    0.0000E+00    0.0000E+00
    2.3000E+02    0.0000E+00    0.0000E+00    0.0000E+00    0.0000E+00
    2.3400E+02    0.0000E+00    0.0000E+00    0.0000E+00    0.0000E+00
    2.4000E+02    0.0000E+00    0.0000E+00    0.0000E+00    0.0000E+00
    2.4650E+02    0.0000E+00    0.0000E+00    0.0000E+00    0.0000E+00
    2.5240E+02    0.0000E+00    0.0000E+00    0.0000E+00    0.0000E+00
    2.5680E+02    0.0000E+00    0.0000E+00    0.0000E+00    0.0000E+00
    2.6000E+02    0.0000E+00    0.0000E+00    0.0000E+00    0.0000E+00
    2.6400E+02    0.0000E+00    0.0000E+00    0.0000E+00    0.0000E+00
    2.6850E+02    0.0000E+00    0.0000E+00    0.0000E+00    0.0000E+00
    2.7350E+02    0.0000E+00    0.0000E+00    0.0000E+00    0.0000E+00
    2.7850E+02    0.0000E+00    0.0000E+00    0.0000E+00    0.0000E+00
    2.8400E+02    0.0000E+00    0.0000E+00    0.0000E+00    0.0000E+00
    2.9000E+02    0.0000E+00    0.0000E+00    0.0000E+00    0.0000E+00
    2.9600E+02    0.0000E+00    0.0000E+00    0.0000E+00    0.0000E+00
    3.0100E+02    0.0000E+00    0.0000E+00    0.0000E+00    0.0000E+00
    3.0800E+02    0.0000E+00    0.0000E+00    0.0000E+00    0.0000E+00
    3.1800E+02    0.0000E+00    0.0000E+00    0.0000E+00    0.0000E+00
    3.2800E+02    0.0000E+00    0.0000E+00    0.0000E+00    0.0000E+00
    3.3800E+02    0.0000E+00    0.0000E+00    0.0000E+00    0.0000E+00
    3.4800E+02    0.0000E+00    0.0000E+00    0.0000E+00    0.0000E+00
    3.5700E+02    0.0000E+00    0.0000E+00    0.0000E+00    0.0000E+00
    3.6600E+02    0.0000E+00    0.0000E+00    0.0000E+00    0.0000E+00
    3.7500E+02    0.0000E+00    0.0000E+00    0.0000E+00    0.0000E+00
    3.8500E+02    0.0000E+00    0.0000E+00    0.0000E+00    0.0000E+00
    3.9500E+02    0.0000E+00    0.0000E+00    0.0000E+00    0.0000E+00
    4.0500E+02    0.0000E+00    0.0000E+00    0.0000E+00    0.0000E+00
    4.1400E+02    0.0000E+00    0.0000E+00    0.0000E+00    0.0000E+00
    4.2200E+02    0.0000E+00    0.0000E+00    0.0000E+00    0.0000E+00
    4.3000E+02    0.0000E+00    0.0000E+00    0.0000E+00    0.0000E+00
    4.4100E+02    0.0000E+00    0.0000E+00    0.0000E+00    0.0000E+00
    4.5100E+02    0.0000E+00    0.0000E+00    0.0000E+00    0.0000E+00
    4.6000E+02    0.0000E+00    0.0000E+00    0.0000E+00    0.0000E+00
    4.7000E+02    0.0000E+00    0.0000E+00    0.0000E+00    0.0000E+00
    4.8000E+02    0.0000E+00    0.0000E+00    0.0000E+00    0.0000E+00
    4.9000E+02    0.0000E+00    0.0000E+00    0.0000E+00    0.0000E+00
    5.0000E+02    0.0000E+00    0.0000E+00    0.0000E+00    0.0000E+00
    5.0600E+02    0.0000E+00    0.0000E+00    0.0000E+00    0.0000E+00
    5.1200E+02    0.0000E+00    0.0000E+00    0.0000E+00    0.0000E+00
    5.2000E+02    0.0000E+00    0.0000E+00    0.0000E+00    0.0000E+00
    5.3000E+02    0.0000E+00    0.0000E+00    0.0000E+00    0.0000E+00
    5.4000E+02    0.0000E+00    0.0000E+00    0.0000E+00    0.0000E+00
    5.5000E+02    0.0000E+00    0.0000E+00    0.0000E+00    0.0000E+00
    5.6000E+02    0.0000E+00    0.0000E+00    0.0000E+00    0.0000E+00
    5.7000E+02    0.0000E+00    0.0000E+00    0.0000E+00    0.0000E+00
    5.8000E+02    0.0000E+00    0.0000E+00    0.0000E+00    0.0000E+00
    5.9000E+02    0.0000E+00    0.0000E+00    0.0000E+00    0.0000E+00
    6.0000E+02    0.0000E+00    0.0000E+00    0.0000E+00    0.0000E+00
    6.1000E+02    0.0000E+00    0.0000E+00    0.0000E+00    0.0000E+00
    6.2000E+02    0.0000E+00    0.0000E+00    0.0000E+00    0.0000E+00
    6.3000E+02    0.0000E+00    0.0000E+00    0.0000E+00    0.0000E+00
    6.4000E+02    0.0000E+00    0.0000E+00    0.0000E+00    0.0000E+00
    6.5000E+02    0.0000E+00    0.0000E+00    0.0000E+00    0.0000E+00
    6.5800E+02    0.0000E+00    0.0000E+00    0.0000E+00    0.0000E+00
    6.6500E+02    0.0000E+00    0.0000E+00    0.0000E+00    0.0000E+00
    6.7500E+02    0.0000E+00    0.0000E+00    0.0000E+00    0.0000E+00
    6.8500E+02    0.0000E+00    0.0000E+00    0.0000E+00    0.0000E+00
    6.9500E+02    0.0000E+00    0.0000E+00    0.0000E+00    0.0000E+00
    7.0500E+02    0.0000E+00    0.0000E+00    0.0000E+00    0.0000E+00
    7.1600E+02    0.0000E+00    0.0000E+00    0.0000E+00    0.0000E+00
    7.2600E+02    0.0000E+00    0.0000E+00    0.0000E+00    0.0000E+00
    7.3500E+02    0.0000E+00    0.0000E+00    0.0000E+00    0.0000E+00
    7.4500E+02    0.0000E+00    0.0000E+00    0.0000E+00    0.0000E+00
    7.5500E+02    0.0000E+00    0.0000E+00    0.0000E+00    0.0000E+00
    7.6500E+02    0.0000E+00    0.0000E+00    0.0000E+00    0.0000E+00
    7.7500E+02    0.0000E+00    0.0000E+00    0.0000E+00    0.0000E+00
    7.8500E+02    0.0000E+00    0.0000E+00    0.0000E+00    0.0000E+00
    7.9500E+02    0.0000E+00    0.0000E+00    0.0000E+00    0.0000E+00
    8.0500E+02    0.0000E+00    0.0000E+00    0.0000E+00    0.0000E+00
    8.1500E+02    0.0000E+00    0.0000E+00    0.0000E+00    0.0000E+00
    8.2500E+02    0.0000E+00    0.0000E+00    0.0000E+00    0.0000E+00
    8.3500E+02    0.0000E+00    0.0000E+00    0.0000E+00    0.0000E+00
    8.4500E+02    0.0000E+00    0.0000E+00    0.0000E+00    0.0000E+00
    8.5500E+02    0.0000E+00    0.0000E+00    0.0000E+00    0.0000E+00
    8.6500E+02    0.0000E+00    0.0000E+00    0.0000E+00    0.0000E+00
    8.7500E+02    0.0000E+00    0.0000E+00    0.0000E+00    0.0000E+00
    8.8500E+02    0.0000E+00    0.0000E+00    0.0000E+00    0.0000E+00
    8.9500E+02    0.0000E+00    0.0000E+00    0.0000E+00    0.0000E+00
    9.0500E+02    0.0000E+00    0.0000E+00    0.0000E+00    0.0000E+00
    9.1500E+02    4.5612E+20    9.9611E+19    1.7581E+17    4.0128E+14
    9.2500E+02    5.9016E+20    1.6197E+20    7.3734E+17    1.1426E+15
    9.3500E+02    6.8611E+20    2.2103E+20    2.5576E+18    2.0071E+15
    9.4500E+02    7.3296E+20    2.6143E+20    6.8363E+18    9.4259E+15
    9.5500E+02    7.4450E+20    2.7533E+20    1.0566E+19    8.7711E+16
    9.6500E+02    7.5721E+20    2.9086E+20    1.6667E+19    1.5189E+17
    9.7500E+02    6.8333E+20    2.3159E+20    3.0543E+18    2.5872E+16
    9.8500E+02    7.5790E+20    3.0038E+20    2.4583E+19    7.3979E+17
    9.9500E+02    7.5010E+20    2.9831E+20    2.8995E+19    1.4593E+18
    1.0050E+03    7.5046E+20    3.0228E+20    2.8684E+19    1.3116E+18
    1.0150E+03    7.3444E+20    2.9135E+20    2.1867E+19    4.4839E+17
    1.0250E+03    4.6084E+20    1.2412E+20    7.4996E+17    9.5462E+15
    1.0350E+03    7.1767E+20    2.8387E+20    1.9318E+19    3.4580E+17
    1.0450E+03    7.2391E+20    2.9396E+20    2.8156E+19    1.3951E+18
    1.0550E+03    7.2113E+20    2.9547E+20    3.1159E+19    2.0392E+18
    1.0650E+03    7.1562E+20    2.9424E+20    3.1721E+19    2.3571E+18
    1.0750E+03    7.0952E+20    2.9236E+20    3.1844E+19    2.5289E+18
    1.0850E+03    2.5652E+20    7.0764E+19    1.9601E+19    2.6026E+18
    1.0950E+03    6.9731E+20    2.8831E+20    3.1717E+19    2.6787E+18
    1.1050E+03    6.9137E+20    2.8629E+20    3.1560E+19    2.6995E+18
    1.1150E+03    6.8538E+20    2.8419E+20    3.1394E+19    2.7121E+18
    1.1250E+03    6.7944E+20    2.8205E+20    3.1184E+19    2.6964E+18
    1.1350E+03    6.7361E+20    2.7994E+20    3.0986E+19    2.6869E+18
    1.1450E+03    6.6782E+20    2.7778E+20    3.0738E+19    2.6438E+18
    1.1550E+03    6.6212E+20    2.7565E+20    3.0481E+19    2.5718E+18
    1.1650E+03    6.5626E+20    2.7327E+20    3.0016E+19    2.4559E+18
    1.1750E+03    6.5032E+20    2.7073E+20    2.9340E+19    2.2554E+18
    1.1850E+03    6.4410E+20    2.6784E+20    2.8398E+19    1.9366E+18
    1.1950E+03    6.3651E+20    2.6353E+20    2.6125E+19    1.3257E+18
    1.2050E+03    6.2329E+20    2.5379E+20    1.9800E+19    4.1158E+17
    1.2150E+03    3.6909E+20    1.1241E+20    1.2959E+18    2.4108E+16
    1.2250E+03    6.5173E+20    2.5206E+20    1.8251E+19    3.2042E+17
    1.2350E+03    6.9421E+20    2.6324E+20    2.5163E+19    1.2444E+18
    1.2450E+03    7.2520E+20    2.6723E+20    2.7305E+19    1.9211E+18
    1.2550E+03    7.5103E+20    2.6933E+20    2.8081E+19    2.3102E+18
    1.2650E+03    7.7325E+20    2.7060E+20    2.8364E+19    2.5211E+18
    1.2750E+03    7.9261E+20    2.7144E+20    2.8506E+19    2.6769E+18
    1.2850E+03    8.0957E+20    2.7194E+20    2.8542E+19    2.7789E+18
    1.2950E+03    8.2441E+20    2.7217E+20    2.8488E+19    2.8486E+18
    1.3050E+03    8.3742E+20    2.7218E+20    2.8405E+19    2.9016E+18
    1.3150E+03    8.4882E+20    2.7204E+20    2.8325E+19    2.9575E+18
    1.3250E+03    8.5879E+20    2.7174E+20    2.8221E+19    2.9957E+18
    1.3350E+03    8.6745E+20    2.7125E+20    2.8031E+19    2.9852E+18
    1.3450E+03    8.7510E+20    2.7079E+20    2.8000E+19    3.0537E+18
    1.3550E+03    8.8172E+20    2.7018E+20    2.7887E+19    3.0761E+18
    1.3650E+03    8.8741E+20    2.6947E+20    2.7771E+19    3.0991E+18
    1.3750E+03    8.9231E+20    2.6870E+20    2.7655E+19    3.1183E+18
    1.3850E+03    8.9646E+20    2.6785E+20    2.7535E+19    3.1346E+18
    1.3950E+03    8.9995E+20    2.6694E+20    2.7416E+19    3.1495E+18
    1.4050E+03    9.0286E+20    2.6598E+20    2.7296E+19    3.1610E+18
    1.4150E+03    9.0538E+20    2.6503E+20    2.7184E+19    3.1782E+18
    1.4250E+03    9.0735E+20    2.6401E+20    2.7064E+19    3.1874E+18
    1.4350E+03    9.0888E+20    2.6295E+20    2.6948E+19    3.1996E+18
    1.4420E+03    9.0973E+20    2.6220E+20    2.6867E+19    3.2072E+18
    1.4470E+03    9.1025E+20    2.6165E+20    2.6808E+19    3.2083E+18
    1.4550E+03    9.1088E+20    2.6077E+20    2.6721E+19    3.2213E+18
    1.4650E+03    9.1140E+20    2.5964E+20    2.6600E+19    3.2238E+18
    1.4750E+03    9.1169E+20    2.5851E+20    2.6493E+19    3.2375E+18
    1.4850E+03    9.1169E+20    2.5734E+20    2.6379E+19    3.2439E+18
    1.4950E+03    9.1148E+20    2.5618E+20    2.6269E+19    3.2525E+18
    1.5050E+03    9.1110E+20    2.5500E+20    2.6161E+19    3.2611E+18
    1.5120E+03    9.1069E+20    2.5417E+20    2.6086E+19    3.2680E+18
    1.5170E+03    9.1037E+20    2.5357E+20    2.6024E+19    3.2640E+18
    1.5250E+03    9.0978E+20    2.5262E+20    2.5945E+19    3.2758E+18
    1.5350E+03    9.0895E+20    2.5144E+20    2.5839E+19    3.2834E+18
    1.5450E+03    9.0792E+20    2.5022E+20    2.5732E+19    3.2892E+18
    1.5550E+03    9.0684E+20    2.4903E+20    2.5637E+19    3.3045E+18
    1.5650E+03    9.0573E+20    2.4786E+20    2.5529E+19    3.3049E+18
    1.5750E+03    9.0448E+20    2.4668E+20    2.5434E+19    3.3189E+18
    1.5850E+03    9.0317E+20    2.4549E+20    2.5332E+19    3.3246E+18
    1.5950E+03    9.0178E+20    2.4430E+20    2.5234E+19    3.3324E+18
    1.6050E+03    9.0033E+20    2.4311E+20    2.5124E+19    3.3278E+18
    1.6150E+03    8.9887E+20    2.4194E+20    2.5034E+19    3.3415E+18
    1.6250E+03    8.9733E+20    2.4073E+20    2.4939E+19    3.3497E+18
    1.6350E+03    8.9482E+20    2.3882E+20    2.4836E+19    3.3545E+18
    1.6450E+03    8.9250E+20    2.3716E+20    2.4739E+19    3.3707E+18
    1.6550E+03    8.9269E+20    2.3727E+20    2.4655E+19    3.3683E+18
    1.6650E+03    8.9120E+20    2.3620E+20    2.4579E+19    3.3910E+18
    1.6720E+03    8.9008E+20    2.3539E+20    2.4494E+19    3.3778E+18
    1.6770E+03    8.8933E+20    2.3486E+20    2.4471E+19    3.4004E+18
    1.6850E+03    8.8808E+20    2.3397E+20    2.4397E+19    3.4036E+18
    1.6950E+03    8.8652E+20    2.3286E+20    2.4308E+19    3.4105E+18
    1.7050E+03    8.8496E+20    2.3176E+20    2.4218E+19    3.4150E+18
    1.7150E+03    8.8344E+20    2.3068E+20    2.4129E+19    3.4196E+18
    1.7250E+03    8.8191E+20    2.2960E+20    2.4039E+19    3.4233E+18
    1.7350E+03    8.8042E+20    2.2853E+20    2.3952E+19    3.4280E+18
    1.7450E+03    8.7893E+20    2.2747E+20    2.3864E+19    3.4312E+18
    1.7550E+03    8.7747E+20    2.2642E+20    2.3777E+19    3.4352E+18
    1.7650E+03    8.7604E+20    2.2539E+20    2.3691E+19    3.4384E+18
    1.7750E+03    8.7465E+20    2.2437E+20    2.3606E+19    3.4422E+18
    1.7850E+03    8.7328E+20    2.2336E+20    2.3520E+19    3.4452E+18
    1.7950E+03    8.7195E+20    2.2235E+20    2.3437E+19    3.4490E+18
    1.8050E+03    8.7066E+20    2.2138E+20    2.3362E+19    3.4608E+18
    1.8150E+03    8.6939E+20    2.2040E+20    2.3280E+19    3.4640E+18
    1.8250E+03    8.6816E+20    2.1943E+20    2.3198E+19    3.4670E+18
    1.8350E+03    8.6698E+20    2.1848E+20    2.3118E+19    3.4706E+18
    1.8450E+03    8.6583E+20    2.1754E+20    2.3038E+19    3.4739E+18
    1.8550E+03    8.6472E+20    2.1661E+20    2.2957E+19    3.4769E+18
    1.8650E+03    8.6365E+20    2.1569E+20    2.2880E+19    3.4806E+18
    1.8750E+03    8.6261E+20    2.1478E+20    2.2802E+19    3.4843E+18
    1.8850E+03    8.6166E+20    2.1389E+20    2.2726E+19    3.4877E+18
    1.8950E+03    8.6071E+20    2.1301E+20    2.2649E+19    3.4911E+18
    1.9050E+03    8.5981E+20    2.1214E+20    2.2573E+19    3.4945E+18
    1.9150E+03    8.5897E+20    2.1128E+20    2.2498E+19    3.4977E+18
    1.9250E+03    8.5817E+20    2.1043E+20    2.2423E+19    3.5012E+18
    1.9350E+03    8.5741E+20    2.0960E+20    2.2349E+19    3.5038E+18
    1.9450E+03    8.5669E+20    2.0877E+20    2.2277E+19    3.5079E+18
    1.9550E+03    8.5604E+20    2.0796E+20    2.2204E+19    3.5112E+18
    1.9670E+03    8.5530E+20    2.0700E+20    2.2118E+19    3.5153E+18
    1.9760E+03    8.5477E+20    2.0629E+20    2.2053E+19    3.5183E+18
    1.9840E+03    8.5437E+20    2.0567E+20    2.1997E+19    3.5210E+18
    1.9950E+03    8.5383E+20    2.0482E+20    2.1920E+19    3.5248E+18
    2.0050E+03    8.5339E+20    2.0407E+20    2.1850E+19    3.5281E+18
    2.0150E+03    8.5302E+20    2.0333E+20    2.1781E+19    3.5314E+18
    2.0250E+03    8.5267E+20    2.0259E+20    2.1713E+19    3.5347E+18
    2.0350E+03    8.5239E+20    2.0187E+20    2.1646E+19    3.5383E+18
    2.0450E+03    8.5214E+20    2.0116E+20    2.1578E+19    3.5417E+18
    2.0550E+03    8.5615E+20    2.0351E+20    2.1508E+19    3.5448E+18
    2.0650E+03    8.5627E+20    2.0290E+20    2.1443E+19    3.5483E+18
    2.0740E+03    8.5695E+20    2.0256E+20    2.1386E+19    3.5516E+18
    2.0780E+03    8.5700E+20    2.0232E+20    2.1360E+19    3.5528E+18
    2.0850E+03    8.5695E+20    2.0183E+20    2.1315E+19    3.5553E+18
    2.0950E+03    8.5586E+20    2.0048E+20    2.1250E+19    3.5587E+18
    2.1050E+03    8.5447E+20    1.9874E+20    2.1186E+19    3.5622E+18
    2.1150E+03    8.5312E+20    1.9712E+20    2.1122E+19    3.5656E+18
    2.1250E+03    8.4947E+20    1.9392E+20    2.1059E+19    3.5690E+18
    2.1350E+03    8.4954E+20    1.9366E+20    2.0996E+19    3.5725E+18
    2.1450E+03    8.5579E+20    1.9680E+20    2.0934E+19    3.5760E+18
    2.1550E+03    8.5708E+20    1.9678E+20    2.0872E+19    3.5794E+18
    2.1650E+03    8.4492E+20    1.8896E+20    2.0810E+19    3.5826E+18
    2.1750E+03    8.5804E+20    1.9594E+20    2.0750E+19    3.5862E+18
    2.1850E+03    8.5265E+20    1.9203E+20    2.0690E+19    3.5899E+18
    2.1950E+03    8.5873E+20    1.9467E+20    2.0630E+19    3.5934E+18
    2.2050E+03    8.5939E+20    1.9425E+20    2.0570E+19    3.5968E+18
    2.2150E+03    8.2993E+20    1.7745E+20    2.0511E+19    3.6000E+18
    2.2250E+03    8.6038E+20    1.9309E+20    2.0452E+19    3.6036E+18
    2.2350E+03    8.6112E+20    1.9262E+20    2.0394E+19    3.6076E+18
    2.2450E+03    8.6152E+20    1.9196E+20    2.0337E+19    3.6111E+18
    2.2550E+03    8.4981E+20    1.8457E+20    2.0279E+19    3.6145E+18
    2.2650E+03    8.6307E+20    1.9104E+20    2.0222E+19    3.6180E+18
    2.2750E+03    8.6389E+20    1.9053E+20    2.0166E+19    3.6216E+18
    2.2850E+03    8.6469E+20    1.9003E+20    2.0110E+19    3.6254E+18
    2.2950E+03    8.6547E+20    1.8954E+20    2.0054E+19    3.6288E+18
    2.3050E+03    8.5675E+20    1.8434E+20    1.9999E+19    3.6328E+18
    2.3150E+03    8.6707E+20    1.8844E+20    1.9944E+19    3.6363E+18
    2.3250E+03    8.6828E+20    1.8812E+20    1.9874E+19    3.6278E+18
    2.3350E+03    8.6930E+20    1.8768E+20    1.9834E+19    3.6414E+18
    2.3450E+03    8.7033E+20    1.8723E+20    1.9776E+19    3.6419E+18
    2.3550E+03    8.7143E+20    1.8680E+20    1.9729E+19    3.6505E+18
    2.3650E+03    8.7252E+20    1.8636E+20    1.9672E+19    3.6506E+18
    2.3750E+03    8.7360E+20    1.8589E+20    1.9623E+19    3.6570E+18
    2.3850E+03    8.5530E+20    1.7627E+20    1.9564E+19    3.6555E+18
    2.3950E+03    8.7594E+20    1.8503E+20    1.9515E+19    3.6609E+18
    2.4050E+03    8.7740E+20    1.8474E+20    1.9464E+19    3.6653E+18
    2.4150E+03    8.7874E+20    1.8437E+20    1.9414E+19    3.6698E+18
    2.4250E+03    8.8011E+20    1.8400E+20    1.9367E+19    3.6773E+18
    2.4350E+03    8.8149E+20    1.8363E+20    1.9317E+19    3.6809E+18
    2.4450E+03    8.8291E+20    1.8327E+20    1.9267E+19    3.6846E+18
    2.4550E+03    8.8438E+20    1.8292E+20    1.9217E+19    3.6886E+18
    2.4650E+03    8.8588E+20    1.8257E+20    1.9168E+19    3.6922E+18
    2.4750E+03    8.8741E+20    1.8224E+20    1.9119E+19    3.6961E+18
    2.4850E+03    8.8897E+20    1.8191E+20    1.9070E+19    3.6996E+18
    2.4950E+03    8.9053E+20    1.8156E+20    1.9021E+19    3.7029E+18
    2.5050E+03    8.9177E+20    1.8104E+20    1.8974E+19    3.7077E+18
    2.5130E+03    8.7088E+20    1.7110E+20    1.8935E+19    3.7102E+18
    2.5180E+03    8.9380E+20    1.8057E+20    1.8912E+19    3.7122E+18
    2.5250E+03    8.9545E+20    1.8061E+20    1.8879E+19    3.7148E+18
    2.5350E+03    8.9726E+20    1.8036E+20    1.8832E+19    3.7186E+18
    2.5450E+03    8.9904E+20    1.8008E+20    1.8787E+19    3.7233E+18
    2.5550E+03    9.0085E+20    1.7980E+20    1.8741E+19    3.7277E+18
    2.5650E+03    9.0269E+20    1.7954E+20    1.8694E+19    3.7306E+18
    2.5750E+03    9.0456E+20    1.7927E+20    1.8649E+19    3.7354E+18
    2.5850E+03    9.0647E+20    1.7902E+20    1.8604E+19    3.7391E+18
    2.5950E+03    9.0840E+20    1.7876E+20    1.8558E+19    3.7426E+18
    2.6050E+03    9.1054E+20    1.7870E+20    1.8587E+19    3.7436E+18
    2.6150E+03    9.1253E+20    1.7846E+20    1.8542E+19    3.7489E+18
    2.6250E+03    9.1455E+20    1.7823E+20    1.8499E+19    3.7545E+18
    2.6350E+03    9.1661E+20    1.7800E+20    1.8452E+19    3.7577E+18
    2.6450E+03    9.1869E+20    1.7779E+20    1.8415E+19    3.7658E+18
    2.6550E+03    9.2081E+20    1.7758E+20    1.8370E+19    3.7697E+18
    2.6650E+03    9.2295E+20    1.7737E+20    1.8325E+19    3.7734E+18
    2.6750E+03    9.2513E+20    1.7717E+20    1.8280E+19    3.7773E+18
    2.6850E+03    9.2733E+20    1.7698E+20    1.8243E+19    3.7829E+18
    2.6950E+03    9.2954E+20    1.7678E+20    1.8191E+19    3.7851E+18
    2.7050E+03    9.3180E+20    1.7661E+20    1.8157E+19    3.7909E+18
    2.7150E+03    9.3406E+20    1.7642E+20    1.8114E+19    3.7947E+18
    2.7250E+03    9.3619E+20    1.7615E+20    1.8061E+19    3.7963E+18
    2.7350E+03    9.1663E+20    1.6665E+20    1.8029E+19    3.8026E+18
    2.7450E+03    9.4097E+20    1.7588E+20    1.7984E+19    3.8030E+18
    2.7550E+03    9.4346E+20    1.7578E+20    1.7942E+19    3.8069E+18
    2.7650E+03    9.4589E+20    1.7564E+20    1.7892E+19    3.8121E+18
    2.7750E+03    9.4834E+20    1.7550E+20    1.7863E+19    3.8191E+18
    2.7850E+03    9.5081E+20    1.7537E+20    1.7823E+19    3.8230E+18
    2.7950E+03    9.5329E+20    1.7522E+20    1.7763E+19    3.8100E+18
    2.8050E+03    9.5581E+20    1.7510E+20    1.7729E+19    3.8193E+18
    2.8150E+03    9.5836E+20    1.7500E+20    1.7702E+19    3.8351E+18
    2.8250E+03    9.6091E+20    1.7487E+20    1.7650E+19    3.8365E+18
    2.8350E+03    9.6351E+20    1.7477E+20    1.7619E+19    3.8425E+18
    2.8450E+03    9.6612E+20    1.7467E+20    1.7582E+19    3.8469E+18
    2.8550E+03    9.6875E+20    1.7457E+20    1.7543E+19    3.8503E+18
    2.8650E+03    9.7142E+20    1.7448E+20    1.7505E+19    3.8548E+18
    2.8750E+03    9.7409E+20    1.7439E+20    1.7465E+19    3.8587E+18
    2.8850E+03    9.7679E+20    1.7431E+20    1.7427E+19    3.8626E+18
    2.8950E+03    9.7952E+20    1.7423E+20    1.7389E+19    3.8666E+18
    2.9100E+03    9.8364E+20    1.7412E+20    1.7332E+19    3.8724E+18
    2.9300E+03    9.8923E+20    1.7400E+20    1.7257E+19    3.8801E+18
    2.9500E+03    9.9488E+20    1.7388E+20    1.7174E+19    3.8859E+18
    2.9700E+03    1.0006E+21    1.7380E+20    1.7109E+19    3.8954E+18
    2.9900E+03    1.0065E+21    1.7373E+20    1.7036E+19    3.9030E+18
    3.0100E+03    1.0124E+21    1.7367E+20    1.6964E+19    3.9105E+18
    3.0300E+03    1.0183E+21    1.7363E+20    1.6893E+19    3.9180E+18
    3.0500E+03    1.0244E+21    1.7361E+20    1.6822E+19    3.9253E+18
    3.0700E+03    1.0305E+21    1.7361E+20    1.6753E+19    3.9326E+18
    3.0900E+03    1.0367E+21    1.7362E+20    1.6684E+19    3.9399E+18
    3.1100E+03    1.0429E+21    1.7364E+20    1.6616E+19    3.9470E+18
    3.1300E+03    1.0493E+21    1.7371E+20    1.6559E+19    3.9543E+18
    3.1500E+03    1.0557E+21    1.7377E+20    1.6492E+19    3.9613E+18
    3.1700E+03    1.0621E+21    1.7384E+20    1.6425E+19    3.9683E+18
    3.1900E+03    1.0684E+21    1.7375E+20    1.6310E+19    3.9733E+18
    3.2100E+03    1.0745E+21    1.7372E+20    1.6295E+19    3.9822E+18
    3.2300E+03    1.0818E+21    1.7413E+20    1.6230E+19    3.9890E+18
    3.2500E+03    1.0885E+21    1.7426E+20    1.6167E+19    3.9958E+18
    3.2700E+03    1.0952E+21    1.7440E+20    1.6104E+19    4.0025E+18
    3.2900E+03    1.1020E+21    1.7455E+20    1.6041E+19    4.0089E+18
    3.3100E+03    1.1088E+21    1.7471E+20    1.5980E+19    4.0155E+18
    3.3300E+03    1.1157E+21    1.7488E+20    1.5918E+19    4.0218E+18
    3.3500E+03    1.1227E+21    1.7507E+20    1.5856E+19    4.0278E+18
    3.3700E+03    1.1296E+21    1.7527E+20    1.5797E+19    4.0341E+18
    3.3900E+03    1.1367E+21    1.7548E+20    1.5737E+19    4.0402E+18
    3.4100E+03    1.1437E+21    1.7570E+20    1.5678E+19    4.0461E+18
    3.4300E+03    1.1511E+21    1.7616E+20    1.5690E+19    4.0522E+18
    3.4500E+03    1.1582E+21    1.7640E+20    1.5629E+19    4.0574E+18
    3.4700E+03    1.1654E+21    1.7665E+20    1.5575E+19    4.0632E+18
    3.4900E+03    1.1726E+21    1.7691E+20    1.5517E+19    4.0687E+18
    3.5100E+03    1.1799E+21    1.7718E+20    1.5460E+19    4.0743E+18
    3.5300E+03    1.1872E+21    1.7746E+20    1.5402E+19    4.0796E+18
    3.5500E+03    1.1945E+21    1.7774E+20    1.5345E+19    4.0847E+18
    3.5700E+03    1.2019E+21    1.7804E+20    1.5290E+19    4.0902E+18
    3.5900E+03    1.2093E+21    1.7834E+20    1.5231E+19    4.0947E+18
    3.6100E+03    1.2167E+21    1.7866E+20    1.5176E+19    4.0998E+18
    3.6300E+03    1.2242E+21    1.7898E+20    1.5119E+19    4.1043E+18
    3.6400E+03    1.2278E+21    1.7913E+20    1.5096E+19    4.1073E+18
    3.6500E+03    4.9620E+20    1.0544E+20    1.5100E+19    4.1604E+18
    3.6700E+03    4.9551E+20    1.0482E+20    1.5008E+19    4.1253E+18
    3.6900E+03    4.9575E+20    1.0498E+20    1.5027E+19    3.8528E+18
    3.7100E+03    4.9727E+20    1.0610E+20    1.5517E+19    3.9497E+18
    3.7300E+03    4.9838E+20    1.0676E+20    1.5797E+19    4.0201E+18
    3.7500E+03    4.9872E+20    1.0693E+20    1.6516E+19    4.8178E+18
    3.7700E+03    4.9748E+20    1.0561E+20    1.6181E+19    5.0218E+18
    3.7900E+03    4.9713E+20    1.0527E+20    1.6898E+19    5.9106E+18
    3.8100E+03    4.9711E+20    1.0513E+20    1.7787E+19    6.8314E+18
    3.8300E+03    4.9394E+20    1.0236E+20    1.5904E+19    5.6705E+18
    3.8500E+03    4.9177E+20    1.0123E+20    1.7829E+19    7.6057E+18
    3.8700E+03    5.0683E+20    1.1327E+20    2.2983E+19    8.5182E+18
    3.8900E+03    4.7190E+20    8.7192E+19    1.2717E+19    5.1176E+18
    3.9100E+03    5.0674E+20    1.1263E+20    2.2979E+19    8.6231E+18
    3.9300E+03    5.0776E+20    1.1352E+20    2.4208E+19    9.3446E+18
    3.9500E+03    5.0659E+20    1.1193E+20    2.2925E+19    8.6516E+18
    3.9700E+03    4.7508E+20    8.9505E+19    1.3306E+19    5.1053E+18
    3.9900E+03    5.0570E+20    1.1047E+20    2.2240E+19    8.3803E+18
    4.0100E+03    5.0798E+20    1.1231E+20    2.3945E+19    9.3464E+18
    4.0300E+03    5.0662E+20    1.1118E+20    2.3996E+19    9.3946E+18
    4.0500E+03    5.0813E+20    1.1174E+20    2.3951E+19    9.3975E+18
    4.0700E+03    5.0735E+20    1.1063E+20    2.3277E+19    9.0854E+18
    4.0900E+03    5.0209E+20    1.0544E+20    1.9639E+19    7.1657E+18
    4.1100E+03    4.9547E+20    9.9835E+19    1.6428E+19    5.7174E+18
    4.1300E+03    5.0672E+20    1.0886E+20    2.2521E+19    8.7743E+18
    4.1500E+03    5.0775E+20    1.0942E+20    2.3183E+19    9.1819E+18
    4.1700E+03    5.0803E+20    1.0927E+20    2.3271E+19    9.2563E+18
    4.1900E+03    5.0791E+20    1.0879E+20    2.3188E+19    9.2524E+18
    4.2100E+03    5.0778E+20    1.0829E+20    2.3067E+19    9.2256E+18
    4.2300E+03    5.0820E+20    1.0809E+20    2.2930E+19    9.1851E+18
    4.2500E+03    5.0824E+20    1.0766E+20    2.2773E+19    9.1327E+18
    4.2700E+03    5.0825E+20    1.0720E+20    2.2587E+19    9.0639E+18
    4.2900E+03    5.0817E+20    1.0663E+20    2.2315E+19    8.9415E+18
    4.3100E+03    5.0755E+20    1.0556E+20    2.1628E+19    8.5823E+18
    4.3300E+03    5.0198E+20    1.0008E+20    1.7842E+19    6.5876E+18
    4.3500E+03    4.9869E+20    9.7034E+19    1.6022E+19    5.7717E+18
    4.3700E+03    5.0778E+20    1.0422E+20    2.1083E+19    8.3774E+18
    4.3900E+03    5.0885E+20    1.0470E+20    2.1618E+19    8.7229E+18
    4.4100E+03    5.0931E+20    1.0460E+20    2.1715E+19    8.8074E+18
    4.4300E+03    5.0959E+20    1.0431E+20    2.1640E+19    8.8018E+18
    4.4500E+03    5.0986E+20    1.0401E+20    2.1567E+19    8.7886E+18
    4.4700E+03    5.0877E+20    1.0233E+20    2.0684E+19    8.6830E+18
    4.4900E+03    5.1039E+20    1.0337E+20    2.1348E+19    8.7270E+18
    4.5100E+03    5.1066E+20    1.0304E+20    2.1234E+19    8.6933E+18
    4.5300E+03    5.1083E+20    1.0265E+20    2.1119E+19    8.6591E+18
    4.5500E+03    5.1064E+20    1.0205E+20    2.1004E+19    8.6244E+18
    4.5700E+03    5.1154E+20    1.0209E+20    2.0889E+19    8.5892E+18
    4.5900E+03    5.1186E+20    1.0178E+20    2.0775E+19    8.5540E+18
    4.6100E+03    5.1219E+20    1.0148E+20    2.0663E+19    8.5193E+18
    4.6300E+03    5.1254E+20    1.0118E+20    2.0551E+19    8.4845E+18
    4.6500E+03    5.1288E+20    1.0088E+20    2.0439E+19    8.4492E+18
    4.6700E+03    5.1319E+20    1.0056E+20    2.0328E+19    8.4137E+18
    4.6900E+03    5.1046E+20    9.8906E+19    2.0217E+19    8.3780E+18
    4.7100E+03    5.1393E+20    9.9948E+19    2.0053E+19    8.3225E+18
    4.7300E+03    5.1440E+20    9.9725E+19    1.9992E+19    8.3028E+18
    4.7500E+03    5.1478E+20    9.9427E+19    1.9863E+19    8.2596E+18
    4.7700E+03    5.1517E+20    9.9122E+19    1.9724E+19    8.2069E+18
    4.7900E+03    5.1553E+20    9.8792E+19    1.9565E+19    8.1403E+18
    4.8100E+03    5.1579E+20    9.8357E+19    1.9322E+19    8.0235E+18
    4.8300E+03    5.1558E+20    9.7486E+19    1.8722E+19    7.7018E+18
    4.8500E+03    5.1160E+20    9.3345E+19    1.5867E+19    6.1892E+18
    4.8700E+03    5.0740E+20    8.9457E+19    1.3777E+19    5.2147E+18
    4.8900E+03    5.1659E+20    9.6373E+19    1.8141E+19    7.4502E+18
    4.9100E+03    5.1808E+20    9.7056E+19    1.8766E+19    7.8373E+18
    4.9300E+03    5.1876E+20    9.6993E+19    1.8794E+19    7.8877E+18
    4.9500E+03    5.1940E+20    9.6889E+19    1.8818E+19    7.9204E+18
    4.9700E+03    5.1996E+20    9.6700E+19    1.8756E+19    7.9100E+18
    4.9900E+03    5.2051E+20    9.6499E+19    1.8681E+19    7.8884E+18
    5.0100E+03    5.2101E+20    9.6252E+19    1.8551E+19    7.8452E+18
    5.0300E+03    5.2160E+20    9.6074E+19    1.8502E+19    7.8348E+18
    5.0500E+03    5.2195E+20    9.5661E+19    1.8299E+19    7.8014E+18
    5.0700E+03    5.2270E+20    9.5650E+19    1.8317E+19    7.7761E+18
    5.0900E+03    5.2327E+20    9.5441E+19    1.8225E+19    7.7463E+18
    5.1100E+03    5.2384E+20    9.5236E+19    1.8133E+19    7.7164E+18
    5.1300E+03    5.2441E+20    9.5035E+19    1.8043E+19    7.6867E+18
    5.1500E+03    5.2500E+20    9.4835E+19    1.7953E+19    7.6573E+18
    5.1700E+03    5.2559E+20    9.4640E+19    1.7864E+19    7.6279E+18
    5.1900E+03    5.2619E+20    9.4446E+19    1.7775E+19    7.5989E+18
    5.2100E+03    5.2679E+20    9.4257E+19    1.7687E+19    7.5700E+18
    5.2300E+03    5.2740E+20    9.4070E+19    1.7600E+19    7.5412E+18
    5.2500E+03    5.2802E+20    9.3886E+19    1.7513E+19    7.5125E+18
    5.2700E+03    5.2865E+20    9.3706E+19    1.7428E+19    7.4841E+18
    5.2900E+03    5.2927E+20    9.3527E+19    1.7342E+19    7.4558E+18
    5.3100E+03    5.2991E+20    9.3353E+19    1.7258E+19    7.4277E+18
    5.3300E+03    5.3055E+20    9.3180E+19    1.7174E+19    7.3998E+18
    5.3500E+03    5.3120E+20    9.3011E+19    1.7091E+19    7.3720E+18
    5.3700E+03    5.3185E+20    9.2844E+19    1.7008E+19    7.3444E+18
    5.3900E+03    5.3249E+20    9.2670E+19    1.6926E+19    7.3170E+18
    5.4100E+03    5.3078E+20    9.1427E+19    1.6845E+19    7.2897E+18
    5.4300E+03    5.3379E+20    9.2329E+19    1.6764E+19    7.2626E+18
    5.4500E+03    5.3452E+20    9.2203E+19    1.6685E+19    7.2356E+18
    5.4700E+03    5.3520E+20    9.2049E+19    1.6605E+19    7.2088E+18
    5.4900E+03    5.3588E+20    9.1898E+19    1.6526E+19    7.1821E+18
    5.5100E+03    5.3657E+20    9.1749E+19    1.6448E+19    7.1556E+18
    5.5300E+03    5.3726E+20    9.1602E+19    1.6370E+19    7.1293E+18
    5.5500E+03    5.3796E+20    9.1457E+19    1.6293E+19    7.1031E+18
    5.5700E+03    5.3866E+20    9.1316E+19    1.6217E+19    7.0771E+18
    5.5900E+03    5.3937E+20    9.1177E+19    1.6141E+19    7.0512E+18
    5.6100E+03    5.4008E+20    9.1040E+19    1.6066E+19    7.0254E+18
    5.6300E+03    5.4079E+20    9.0905E+19    1.5991E+19    6.9999E+18
    5.6500E+03    5.4151E+20    9.0772E+19    1.5917E+19    6.9744E+18
    5.6700E+03    5.4224E+20    9.0642E+19    1.5843E+19    6.9490E+18
    5.6900E+03    5.4295E+20    9.0509E+19    1.5770E+19    6.9239E+18
    5.7100E+03    5.4370E+20    9.0413E+19    1.5697E+19    6.8989E+18
    5.7300E+03    5.4444E+20    9.0288E+19    1.5625E+19    6.8739E+18
    5.7500E+03    5.4518E+20    9.0166E+19    1.5554E+19    6.8492E+18
    5.7700E+03    5.4592E+20    9.0047E+19    1.5483E+19    6.8245E+18
    5.7900E+03    5.4667E+20    8.9933E+19    1.5412E+19    6.8001E+18
    5.8100E+03    5.4744E+20    8.9824E+19    1.5342E+19    6.7757E+18
    5.8300E+03    5.4821E+20    8.9715E+19    1.5273E+19    6.7515E+18
    5.8500E+03    5.4898E+20    8.9608E+19    1.5204E+19    6.7274E+18
    5.8700E+03    5.4964E+20    8.9401E+19    1.5044E+19    6.6651E+18
    5.8900E+03    5.5049E+20    8.9385E+19    1.5063E+19    6.6792E+18
    5.9100E+03    5.5126E+20    8.9281E+19    1.4999E+19    6.6560E+18
    5.9300E+03    5.5203E+20    8.9177E+19    1.4933E+19    6.6324E+18
    5.9500E+03    5.5279E+20    8.9073E+19    1.4866E+19    6.6090E+18
    5.9700E+03    5.5356E+20    8.8971E+19    1.4800E+19    6.5857E+18
    5.9900E+03    5.5434E+20    8.8872E+19    1.4734E+19    6.5625E+18
    6.0100E+03    5.5511E+20    8.8774E+19    1.4669E+19    6.5395E+18
    6.0300E+03    5.5589E+20    8.8678E+19    1.4604E+19    6.5166E+18
    6.0500E+03    5.5668E+20    8.8583E+19    1.4540E+19    6.4938E+18
    6.0700E+03    5.5746E+20    8.8489E+19    1.4476E+19    6.4712E+18
    6.0900E+03    5.5825E+20    8.8399E+19    1.4413E+19    6.4487E+18
    6.1100E+03    5.5903E+20    8.8308E+19    1.4350E+19    6.4263E+18
    6.1300E+03    5.5983E+20    8.8221E+19    1.4288E+19    6.4040E+18
    6.1500E+03    5.6062E+20    8.8135E+19    1.4226E+19    6.3819E+18
    6.1700E+03    5.6141E+20    8.8048E+19    1.4164E+19    6.3598E+18
    6.1900E+03    5.6221E+20    8.7966E+19    1.4103E+19    6.3379E+18
    6.2100E+03    5.6301E+20    8.7884E+19    1.4042E+19    6.3161E+18
    6.2300E+03    5.6381E+20    8.7803E+19    1.3982E+19    6.2944E+18
    6.2500E+03    5.6461E+20    8.7725E+19    1.3922E+19    6.2729E+18
    6.2700E+03    5.6542E+20    8.7647E+19    1.3862E+19    6.2514E+18
    6.2900E+03    5.6622E+20    8.7572E+19    1.3803E+19    6.2301E+18
    6.3100E+03    5.6703E+20    8.7495E+19    1.3744E+19    6.2088E+18
    6.3300E+03    5.6784E+20    8.7424E+19    1.3686E+19    6.1877E+18
    6.3500E+03    5.6865E+20    8.7351E+19    1.3628E+19    6.1667E+18
    6.3700E+03    5.6946E+20    8.7279E+19    1.3570E+19    6.1454E+18
    6.3900E+03    5.7027E+20    8.7207E+19    1.3511E+19    6.1227E+18
    6.4100E+03    5.7108E+20    8.7134E+19    1.3450E+19    6.0994E+18
    6.4300E+03    5.7189E+20    8.7062E+19    1.3389E+19    6.0753E+18
    6.4500E+03    5.7269E+20    8.6982E+19    1.3322E+19    6.0488E+18
    6.4700E+03    5.7349E+20    8.6898E+19    1.3247E+19    6.0166E+18
    6.4900E+03    5.7427E+20    8.6797E+19    1.3161E+19    5.9757E+18
    6.5100E+03    5.7499E+20    8.6643E+19    1.3031E+19    5.9092E+18
    6.5300E+03    5.7547E+20    8.6278E+19    1.2745E+19    5.7462E+18
    6.5500E+03    5.7425E+20    8.4533E+19    1.1515E+19    5.0646E+18
    6.5700E+03    5.6958E+20    8.1113E+19    9.8857E+18    4.2426E+18
    6.5900E+03    5.7751E+20    8.5735E+19    1.2300E+19    5.5246E+18
    6.6100E+03    5.7903E+20    8.6279E+19    1.2706E+19    5.7747E+18
    6.6300E+03    5.8002E+20    8.6371E+19    1.2768E+19    5.8269E+18
    6.6500E+03    5.8091E+20    8.6371E+19    1.2758E+19    5.8346E+18
    6.6700E+03    5.8175E+20    8.6328E+19    1.2708E+19    5.8226E+18
    6.6900E+03    5.8259E+20    8.6290E+19    1.2669E+19    5.8102E+18
    6.7100E+03    5.8345E+20    8.6267E+19    1.2643E+19    5.8024E+18
    6.7300E+03    5.8429E+20    8.6222E+19    1.2596E+19    5.7861E+18
    6.7500E+03    5.8512E+20    8.6177E+19    1.2547E+19    5.7685E+18
    6.7700E+03    5.8596E+20    8.6131E+19    1.2497E+19    5.7496E+18
    6.7900E+03    5.8679E+20    8.6086E+19    1.2446E+19    5.7309E+18
    6.8100E+03    5.8763E+20    8.6041E+19    1.2397E+19    5.7122E+18
    6.8300E+03    5.8846E+20    8.5998E+19    1.2347E+19    5.6936E+18
    6.8500E+03    5.8930E+20    8.5955E+19    1.2298E+19    5.6751E+18
    6.8700E+03    5.9013E+20    8.5913E+19    1.2249E+19    5.6567E+18
    6.8900E+03    5.9097E+20    8.5870E+19    1.2200E+19    5.6383E+18
    6.9100E+03    5.9181E+20    8.5832E+19    1.2152E+19    5.6201E+18
    6.9300E+03    5.9265E+20    8.5793E+19    1.2104E+19    5.6020E+18
    6.9500E+03    5.9348E+20    8.5755E+19    1.2056E+19    5.5839E+18
    6.9700E+03    5.9432E+20    8.5718E+19    1.2008E+19    5.5660E+18
    6.9900E+03    5.9516E+20    8.5682E+19    1.1961E+19    5.5481E+18
    7.0100E+03    5.9600E+20    8.5646E+19    1.1914E+19    5.5303E+18
    7.0300E+03    5.9684E+20    8.5612E+19    1.1868E+19    5.5126E+18
    7.0500E+03    5.9768E+20    8.5578E+19    1.1821E+19    5.4950E+18
    7.0700E+03    5.9847E+20    8.5503E+19    1.1745E+19    5.4706E+18
    7.0900E+03    5.9935E+20    8.5514E+19    1.1730E+19    5.4600E+18
    7.1100E+03    6.0019E+20    8.5483E+19    1.1684E+19    5.4426E+18
    7.1300E+03    6.0103E+20    8.5453E+19    1.1639E+19    5.4253E+18
    7.1500E+03    6.0187E+20    8.5423E+19    1.1594E+19    5.4082E+18
    7.1700E+03    6.0271E+20    8.5393E+19    1.1549E+19    5.3910E+18
    7.1900E+03    6.0355E+20    8.5366E+19    1.1505E+19    5.3740E+18
    7.2100E+03    6.0439E+20    8.5340E+19    1.1461E+19    5.3570E+18
    7.2300E+03    6.0523E+20    8.5314E+19    1.1417E+19    5.3402E+18
    7.2500E+03    6.0607E+20    8.5288E+19    1.1373E+19    5.3234E+18
    7.2700E+03    6.0691E+20    8.5264E+19    1.1330E+19    5.3066E+18
    7.2900E+03    6.0775E+20    8.5233E+19    1.1280E+19    5.2880E+18
    7.3100E+03    6.0859E+20    8.5217E+19    1.1244E+19    5.2734E+18
    7.3300E+03    6.0943E+20    8.5194E+19    1.1202E+19    5.2569E+18
    7.3500E+03    6.1027E+20    8.5173E+19    1.1159E+19    5.2405E+18
    7.3700E+03    6.1111E+20    8.5152E+19    1.1117E+19    5.2242E+18
    7.3900E+03    6.1195E+20    8.5131E+19    1.1075E+19    5.2079E+18
    7.4100E+03    6.1279E+20    8.5111E+19    1.1034E+19    5.1917E+18
    7.4300E+03    6.1363E+20    8.5093E+19    1.0992E+19    5.1757E+18
    7.4500E+03    6.1447E+20    8.5075E+19    1.0952E+19    5.1596E+18
    7.4700E+03    6.1530E+20    8.5057E+19    1.0911E+19    5.1437E+18
    7.4900E+03    6.1614E+20    8.5041E+19    1.0870E+19    5.1278E+18
    7.5100E+03    6.1698E+20    8.5024E+19    1.0830E+19    5.1119E+18
    7.5300E+03    6.1782E+20    8.5009E+19    1.0790E+19    5.0962E+18
    7.5500E+03    6.1865E+20    8.4994E+19    1.0750E+19    5.0806E+18
    7.5700E+03    6.1949E+20    8.4980E+19    1.0710E+19    5.0650E+18
    7.5900E+03    6.2032E+20    8.4964E+19    1.0671E+19    5.0494E+18
    7.6100E+03    6.2116E+20    8.4953E+19    1.0631E+19    5.0340E+18
    7.6300E+03    6.2200E+20    8.4940E+19    1.0592E+19    5.0186E+18
    7.6500E+03    6.2283E+20    8.4928E+19    1.0553E+19    5.0033E+18
    7.6700E+03    6.2367E+20    8.4917E+19    1.0515E+19    4.9881E+18
    7.6900E+03    6.2450E+20    8.4906E+19    1.0477E+19    4.9729E+18
    7.7100E+03    6.2533E+20    8.4896E+19    1.0438E+19    4.9578E+18
    7.7300E+03    6.2617E+20    8.4887E+19    1.0401E+19    4.9428E+18
    7.7500E+03    6.2700E+20    8.4877E+19    1.0363E+19    4.9278E+18
    7.7700E+03    6.2783E+20    8.4869E+19    1.0325E+19    4.9129E+18
    7.7900E+03    6.2866E+20    8.4861E+19    1.0288E+19    4.8981E+18
    7.8100E+03    6.2950E+20    8.4854E+19    1.0251E+19    4.8833E+18
    7.8300E+03    6.3033E+20    8.4847E+19    1.0214E+19    4.8686E+18
    7.8500E+03    6.3116E+20    8.4849E+19    1.0181E+19    4.8540E+18
    7.8700E+03    6.3199E+20    8.4843E+19    1.0144E+19    4.8395E+18
    7.8900E+03    6.3282E+20    8.4838E+19    1.0108E+19    4.8249E+18
    7.9100E+03    6.3365E+20    8.4833E+19    1.0072E+19    4.8105E+18
    7.9300E+03    6.3448E+20    8.4828E+19    1.0036E+19    4.7961E+18
    7.9500E+03    6.3530E+20    8.4824E+19    1.0000E+19    4.7818E+18
    7.9700E+03    6.3613E+20    8.4821E+19    9.9647E+18    4.7676E+18
    7.9900E+03    6.3696E+20    8.4818E+19    9.9295E+18    4.7534E+18
    8.0100E+03    6.3778E+20    8.4816E+19    9.8943E+18    4.7393E+18
    8.0300E+03    6.3860E+20    8.4814E+19    9.8595E+18    4.7252E+18
    8.0500E+03    6.3943E+20    8.4812E+19    9.8248E+18    4.7112E+18
    8.0700E+03    6.4025E+20    8.4812E+19    9.7905E+18    4.6973E+18
    8.0900E+03    6.4107E+20    8.4811E+19    9.7557E+18    4.6834E+18
    8.1100E+03    6.4189E+20    8.4811E+19    9.7216E+18    4.6696E+18
    8.1300E+03    6.4272E+20    8.4811E+19    9.6880E+18    4.6559E+18
    8.1500E+03    6.4353E+20    8.4812E+19    9.6537E+18    4.6421E+18
    8.1700E+03    6.4435E+20    8.4813E+19    9.6206E+18    4.6286E+18
    8.1900E+03    6.4517E+20    8.4814E+19    9.5872E+18    4.6150E+18
    8.2100E+03    4.2891E+20    6.3413E+19    9.8167E+18    4.6224E+18
    8.2300E+03    4.2926E+20    6.3368E+19    9.7861E+18    4.6116E+18
    8.2500E+03    4.2961E+20    6.3326E+19    9.7548E+18    4.6005E+18
    8.2700E+03    4.2997E+20    6.3284E+19    9.7234E+18    4.5890E+18
    8.2900E+03    4.3032E+20    6.3241E+19    9.6925E+18    4.5774E+18
    8.3100E+03    4.3068E+20    6.3197E+19    9.6587E+18    4.5638E+18
    8.3300E+03    4.3102E+20    6.3149E+19    9.6209E+18    4.5460E+18
    8.3500E+03    4.3137E+20    6.3094E+19    9.5750E+18    4.5206E+18
    8.3700E+03    4.3171E+20    6.3039E+19    9.5286E+18    4.4944E+18
    8.3900E+03    4.3204E+20    6.2970E+19    9.4662E+18    4.4522E+18
    8.4100E+03    4.3237E+20    6.2906E+19    9.4095E+18    4.4145E+18
    8.4300E+03    4.3269E+20    6.2821E+19    9.3298E+18    4.3664E+18
    8.4500E+03    4.3303E+20    6.2771E+19    9.2896E+18    4.3535E+18
    8.4700E+03    4.3333E+20    6.2675E+19    9.1968E+18    4.2771E+18
    8.4900E+03    4.3372E+20    6.2666E+19    9.2012E+18    4.3199E+18
    8.5100E+03    4.3400E+20    6.2549E+19    9.0832E+18    4.2143E+18
    8.5300E+03    4.3447E+20    6.2626E+19    9.1814E+18    4.3463E+18
    8.5500E+03    4.3458E+20    6.2340E+19    8.8822E+18    4.0706E+18
    8.5700E+03    4.3530E+20    6.2666E+19    9.2427E+18    4.4325E+18
    8.5900E+03    4.3537E+20    6.2334E+19    8.8988E+18    4.1419E+18
    8.6100E+03    4.3569E+20    6.2265E+19    8.8337E+18    4.0917E+18
    8.6300E+03    4.3652E+20    6.2694E+19    9.2958E+18    4.5203E+18
    8.6500E+03    4.3663E+20    6.2415E+19    9.0116E+18    4.2977E+18
    8.6700E+03    4.3647E+20    6.1856E+19    8.4295E+18    3.7934E+18
    8.6900E+03    4.3753E+20    6.2526E+19    9.1398E+18    4.4286E+18
    8.7100E+03    4.3811E+20    6.2715E+19    9.3416E+18    4.6057E+18
    8.7300E+03    4.3822E+20    6.2431E+19    9.0539E+18    4.3895E+18
    8.7500E+03    4.3778E+20    6.1602E+19    8.1923E+18    3.6657E+18
    8.7700E+03    4.3877E+20    6.2189E+19    8.8118E+18    4.2143E+18
    8.7900E+03    4.3959E+20    6.2621E+19    9.2628E+18    4.5878E+18
    8.8100E+03    4.4005E+20    6.2682E+19    9.3281E+18    4.6489E+18
    8.8300E+03    4.4028E+20    6.2519E+19    9.1657E+18    4.5357E+18
    8.8500E+03    4.4008E+20    6.1935E+19    8.5673E+18    4.0692E+18
    8.8700E+03    4.3991E+20    6.1371E+19    7.9820E+18    3.5838E+18
    8.8900E+03    4.4116E+20    6.2228E+19    8.8777E+18    4.3431E+18
    8.9100E+03    4.4184E+20    6.2517E+19    9.1745E+18    4.5830E+18
    8.9300E+03    4.4229E+20    6.2578E+19    9.2369E+18    4.6393E+18
    8.9500E+03    4.4266E+20    6.2550E+19    9.2096E+18    4.6280E+18
    8.9700E+03    4.4293E+20    6.2435E+19    9.0962E+18    4.5534E+18
    8.9900E+03    4.4301E+20    6.2121E+19    8.7785E+18    4.3220E+18
    9.0100E+03    4.4249E+20    6.1218E+19    7.8446E+18    3.5675E+18
    9.0300E+03    4.4318E+20    6.1514E+19    8.1536E+18    3.8394E+18
    9.0500E+03    4.4421E+20    6.2150E+19    8.8109E+18    4.3766E+18
    9.0700E+03    4.4478E+20    6.2329E+19    8.9911E+18    4.5232E+18
    9.0900E+03    4.4521E+20    6.2375E+19    9.0354E+18    4.5640E+18
    9.1100E+03    4.4559E+20    6.2369E+19    9.0307E+18    4.5690E+18
    9.1300E+03    4.4596E+20    6.2344E+19    9.0036E+18    4.5578E+18
    9.1500E+03    4.4630E+20    6.2299E+19    8.9577E+18    4.5326E+18
    9.1700E+03    4.4661E+20    6.2222E+19    8.8794E+18    4.4839E+18
    9.1900E+03    4.4684E+20    6.2064E+19    8.7195E+18    4.3734E+18
    9.2100E+03    4.4680E+20    6.1644E+19    8.2904E+18    4.0533E+18
    9.2300E+03    4.4630E+20    6.0764E+19    7.3769E+18    3.3106E+18
    9.2500E+03    4.4742E+20    6.1492E+19    8.1308E+18    3.9452E+18
    9.2700E+03    4.4825E+20    6.1930E+19    8.5768E+18    4.3019E+18
    9.2900E+03    4.4877E+20    6.2057E+19    8.7013E+18    4.4033E+18
    9.3100E+03    4.4918E+20    6.2086E+19    8.7269E+18    4.4316E+18
    9.3300E+03    4.4956E+20    6.2085E+19    8.7235E+18    4.4368E+18
    9.3500E+03    4.4993E+20    6.2068E+19    8.7053E+18    4.4319E+18
    9.3700E+03    4.4988E+20    6.1765E+19    8.6816E+18    4.4225E+18
    9.3900E+03    4.5066E+20    6.2027E+19    8.6541E+18    4.4108E+18
    9.4100E+03    4.5102E+20    6.2000E+19    8.6236E+18    4.3960E+18
    9.4300E+03    4.5137E+20    6.1970E+19    8.5895E+18    4.3789E+18
    9.4500E+03    4.5172E+20    6.1934E+19    8.5492E+18    4.3571E+18
    9.4700E+03    4.5205E+20    6.1883E+19    8.4937E+18    4.3249E+18
    9.4900E+03    4.5235E+20    6.1805E+19    8.4117E+18    4.2710E+18
    9.5100E+03    4.5256E+20    6.1632E+19    8.2334E+18    4.1468E+18
    9.5300E+03    4.5249E+20    6.1178E+19    7.7656E+18    3.7915E+18
    9.5500E+03    4.5088E+20    5.9662E+19    6.8351E+18    3.1770E+18
    9.5700E+03    4.5331E+20    6.1238E+19    7.8187E+18    3.8513E+18
    9.5900E+03    4.5404E+20    6.1586E+19    8.1671E+18    4.1285E+18
    9.6100E+03    4.5452E+20    6.1690E+19    8.2652E+18    4.2099E+18
    9.6300E+03    4.5493E+20    6.1717E+19    8.2857E+18    4.2335E+18
    9.6500E+03    4.5531E+20    6.1719E+19    8.2825E+18    4.2382E+18
    9.6700E+03    4.5568E+20    6.1710E+19    8.2670E+18    4.2347E+18
    9.6900E+03    4.5605E+20    6.1696E+19    8.2473E+18    4.2289E+18
    9.7100E+03    4.5641E+20    6.1682E+19    8.2257E+18    4.2198E+18
    9.7300E+03    4.5677E+20    6.1667E+19    8.2043E+18    4.2098E+18
    9.7500E+03    4.5713E+20    6.1649E+19    8.1791E+18    4.1987E+18
    9.7700E+03    4.5749E+20    6.1630E+19    8.1533E+18    4.1873E+18
    9.7900E+03    4.5785E+20    6.1612E+19    8.1278E+18    4.1760E+18
    9.8100E+03    4.5821E+20    6.1593E+19    8.1017E+18    4.1637E+18
    9.8300E+03    4.5856E+20    6.1574E+19    8.0753E+18    4.1512E+18
    9.8500E+03    4.5892E+20    6.1556E+19    8.0491E+18    4.1389E+18
    9.8700E+03    4.5928E+20    6.1535E+19    8.0217E+18    4.1260E+18
    9.8900E+03    4.5963E+20    6.1513E+19    7.9920E+18    4.1122E+18
    9.9100E+03    4.5998E+20    6.1490E+19    7.9604E+18    4.0965E+18
    9.9300E+03    4.6033E+20    6.1467E+19    7.9283E+18    4.0784E+18
    9.9500E+03    4.6068E+20    6.1438E+19    7.8916E+18    4.0581E+18
    9.9700E+03    4.6101E+20    6.1400E+19    7.8448E+18    4.0300E+18
    9.9900E+03    4.6132E+20    6.1335E+19    7.7734E+18    3.9835E+18
    1.0025E+04    4.6151E+20    6.0887E+19    7.3035E+18    3.6311E+18
    1.0075E+04    4.6229E+20    6.0733E+19    7.1241E+18    3.5057E+18
    1.0125E+04    4.6165E+20    6.0467E+19    7.6362E+18    3.9279E+18
    1.0175E+04    4.6469E+20    6.1281E+19    7.6333E+18    3.9431E+18
    1.0225E+04    4.6559E+20    6.1264E+19    7.5899E+18    3.9266E+18
    1.0275E+04    4.6648E+20    6.1236E+19    7.5356E+18    3.9029E+18
    1.0325E+04    4.6737E+20    6.1205E+19    7.4769E+18    3.8758E+18
    1.0375E+04    4.6825E+20    6.1178E+19    7.4220E+18    3.8500E+18
    1.0425E+04    4.6913E+20    6.1150E+19    7.3659E+18    3.8238E+18
    1.0475E+04    4.7001E+20    6.1123E+19    7.3104E+18    3.7979E+18
    1.0525E+04    4.7089E+20    6.1099E+19    7.2558E+18    3.7723E+18
    1.0575E+04    4.7177E+20    6.1074E+19    7.2015E+18    3.7469E+18
    1.0625E+04    4.7265E+20    6.1053E+19    7.1482E+18    3.7218E+18
    1.0675E+04    4.7352E+20    6.1031E+19    7.0946E+18    3.6967E+18
    1.0725E+04    4.7439E+20    6.1008E+19    7.0405E+18    3.6702E+18
    1.0775E+04    4.7526E+20    6.0981E+19    6.9807E+18    3.6406E+18
    1.0825E+04    4.7610E+20    6.0936E+19    6.9007E+18    3.5973E+18
    1.0875E+04    4.7690E+20    6.0852E+19    6.7849E+18    3.5205E+18
    1.0925E+04    4.7670E+20    5.9841E+19    5.8951E+18    3.0308E+18
    1.0975E+04    4.7840E+20    6.0591E+19    6.4508E+18    3.2906E+18
    1.1025E+04    4.7954E+20    6.0856E+19    6.6828E+18    3.4859E+18
    1.1075E+04    4.8044E+20    6.0883E+19    6.6750E+18    3.4937E+18
    1.1125E+04    4.8131E+20    6.0886E+19    6.6407E+18    3.4806E+18
    1.1175E+04    4.8218E+20    6.0882E+19    6.5974E+18    3.4613E+18
    1.1225E+04    4.8304E+20    6.0873E+19    6.5507E+18    3.4393E+18
    1.1275E+04    4.8389E+20    6.0864E+19    6.5044E+18    3.4173E+18
    1.1325E+04    4.8474E+20    6.0855E+19    6.4585E+18    3.3955E+18
    1.1375E+04    4.8559E+20    6.0849E+19    6.4133E+18    3.3739E+18
    1.1425E+04    4.8644E+20    6.0844E+19    6.3686E+18    3.3525E+18
    1.1475E+04    4.8728E+20    6.0838E+19    6.3241E+18    3.3312E+18
    1.1525E+04    4.8813E+20    6.0834E+19    6.2803E+18    3.3102E+18
    1.1575E+04    4.8897E+20    6.0831E+19    6.2370E+18    3.2894E+18
    1.1625E+04    4.8980E+20    6.0827E+19    6.1940E+18    3.2688E+18
    1.1675E+04    4.9064E+20    6.0826E+19    6.1514E+18    3.2484E+18
    1.1725E+04    4.9148E+20    6.0825E+19    6.1094E+18    3.2281E+18
    1.1775E+04    4.9231E+20    6.0825E+19    6.0678E+18    3.2080E+18
    1.1825E+04    4.9314E+20    6.0825E+19    6.0265E+18    3.1882E+18
    1.1875E+04    4.9397E+20    6.0827E+19    5.9859E+18    3.1685E+18
    1.1925E+04    4.9480E+20    6.0828E+19    5.9453E+18    3.1490E+18
    1.1975E+04    4.9562E+20    6.0829E+19    5.9039E+18    3.1293E+18
    1.2025E+04    4.9645E+20    6.0833E+19    5.8659E+18    3.1106E+18
    1.2075E+04    4.9727E+20    6.0837E+19    5.8268E+18    3.0916E+18
    1.2125E+04    4.9809E+20    6.0842E+19    5.7881E+18    3.0728E+18
    1.2175E+04    4.9890E+20    6.0847E+19    5.7497E+18    3.0542E+18
    1.2225E+04    4.9972E+20    6.0853E+19    5.7116E+18    3.0357E+18
    1.2275E+04    5.0053E+20    6.0860E+19    5.6743E+18    3.0175E+18
    1.2325E+04    5.0134E+20    6.0866E+19    5.6369E+18    2.9993E+18
    1.2375E+04    5.0214E+20    6.0873E+19    5.6001E+18    2.9814E+18
    1.2425E+04    5.0295E+20    6.0881E+19    5.5636E+18    2.9636E+18
    1.2475E+04    5.0375E+20    6.0890E+19    5.5275E+18    2.9459E+18
    1.2525E+04    5.0455E+20    6.0899E+19    5.4913E+18    2.9283E+18
    1.2575E+04    5.0535E+20    6.0908E+19    5.4555E+18    2.9102E+18
    1.2625E+04    5.0614E+20    6.0915E+19    5.4166E+18    2.8901E+18
    1.2675E+04    5.0693E+20    6.0915E+19    5.3719E+18    2.8658E+18
    1.2725E+04    5.0769E+20    6.0903E+19    5.3138E+18    2.8300E+18
    1.2775E+04    5.0836E+20    6.0793E+19    5.1569E+18    2.7178E+18
    1.2825E+04    5.0858E+20    6.0419E+19    4.7367E+18    2.3849E+18
    1.2875E+04    5.0997E+20    6.0856E+19    5.1287E+18    2.7148E+18
    1.2925E+04    5.1085E+20    6.0961E+19    5.1877E+18    2.7702E+18
    1.2975E+04    5.1164E+20    6.0994E+19    5.1666E+18    2.7692E+18
    1.3025E+04    5.1243E+20    6.1016E+19    5.1502E+18    2.7594E+18
    1.3075E+04    5.1321E+20    6.1034E+19    5.1205E+18    2.7458E+18
    1.3125E+04    5.1399E+20    6.1049E+19    5.0887E+18    2.7302E+18
    1.3175E+04    5.1476E+20    6.1064E+19    5.0572E+18    2.7146E+18
    1.3225E+04    5.1553E+20    6.1080E+19    5.0260E+18    2.6991E+18
    1.3275E+04    5.1629E+20    6.1096E+19    4.9950E+18    2.6838E+18
    1.3325E+04    5.1706E+20    6.1113E+19    4.9644E+18    2.6686E+18
    1.3375E+04    5.1782E+20    6.1129E+19    4.9339E+18    2.6535E+18
    1.3425E+04    5.1858E+20    6.1146E+19    4.9037E+18    2.6385E+18
    1.3475E+04    5.1934E+20    6.1164E+19    4.8740E+18    2.6237E+18
    1.3525E+04    5.2009E+20    6.1183E+19    4.8445E+18    2.6090E+18
    1.3575E+04    5.2085E+20    6.1201E+19    4.8152E+18    2.5944E+18
    1.3625E+04    5.2160E+20    6.1219E+19    4.7862E+18    2.5799E+18
    1.3675E+04    5.2235E+20    6.1238E+19    4.7574E+18    2.5655E+18
    1.3725E+04    5.2309E+20    6.1257E+19    4.7288E+18    2.5512E+18
    1.3775E+04    5.2384E+20    6.1277E+19    4.7006E+18    2.5371E+18
    1.3825E+04    5.2458E+20    6.1297E+19    4.6726E+18    2.5231E+18
    1.3875E+04    5.2532E+20    6.1317E+19    4.6448E+18    2.5092E+18
    1.3925E+04    5.2606E+20    6.1338E+19    4.6173E+18    2.4954E+18
    1.3975E+04    5.2679E+20    6.1359E+19    4.5901E+18    2.4817E+18
    1.4025E+04    5.2753E+20    6.1380E+19    4.5631E+18    2.4681E+18
    1.4075E+04    5.2826E+20    6.1401E+19    4.5362E+18    2.4546E+18
    1.4125E+04    5.2899E+20    6.1423E+19    4.5099E+18    2.4413E+18
    1.4175E+04    5.2971E+20    6.1445E+19    4.4836E+18    2.4280E+18
    1.4225E+04    5.3044E+20    6.1467E+19    4.4575E+18    2.4149E+18
    1.4275E+04    5.3116E+20    6.1490E+19    4.4316E+18    2.4018E+18
    1.4325E+04    5.3188E+20    6.1513E+19    4.4060E+18    2.3889E+18
    1.4375E+04    5.3260E+20    6.1536E+19    4.3806E+18    2.3760E+18
    1.4425E+04    5.3331E+20    6.1559E+19    4.3554E+18    2.3633E+18
    1.4475E+04    5.3403E+20    6.1582E+19    4.3303E+18    2.3506E+18
    1.4525E+04    5.3474E+20    6.1606E+19    4.3056E+18    2.3380E+18
    1.4570E+04    5.3538E+20    6.1627E+19    4.2834E+18    2.3268E+18
    1.4620E+04    4.4429E+20    5.2453E+19    4.2865E+18    2.3184E+18
    1.4675E+04    4.4489E+20    5.2463E+19    4.2603E+18    2.3055E+18
    1.4725E+04    4.4544E+20    5.2473E+19    4.2369E+18    2.2938E+18
    1.4775E+04    4.4599E+20    5.2482E+19    4.2135E+18    2.2822E+18
    1.4825E+04    4.4654E+20    5.2492E+19    4.1902E+18    2.2707E+18
    1.4875E+04    4.4708E+20    5.2502E+19    4.1669E+18    2.2590E+18
    1.4925E+04    4.4762E+20    5.2511E+19    4.1434E+18    2.2470E+18
    1.4975E+04    4.4817E+20    5.2520E+19    4.1191E+18    2.2340E+18
    1.5025E+04    4.4871E+20    5.2529E+19    4.0950E+18    2.2213E+18
    1.5075E+04    4.4924E+20    5.2537E+19    4.0692E+18    2.2068E+18
    1.5125E+04    4.4978E+20    5.2545E+19    4.0426E+18    2.1913E+18
    1.5175E+04    4.5031E+20    5.2550E+19    4.0145E+18    2.1745E+18
    1.5225E+04    4.5084E+20    5.2557E+19    3.9879E+18    2.1592E+18
    1.5275E+04    4.5137E+20    5.2565E+19    3.9626E+18    2.1452E+18
    1.5325E+04    4.5189E+20    5.2568E+19    3.9320E+18    2.1267E+18
    1.5375E+04    4.5243E+20    5.2583E+19    3.9137E+18    2.1200E+18
    1.5425E+04    4.5294E+20    5.2580E+19    3.8755E+18    2.0928E+18
    1.5475E+04    4.5348E+20    5.2605E+19    3.8685E+18    2.0969E+18
    1.5525E+04    4.5400E+20    5.2610E+19    3.8395E+18    2.0800E+18
    1.5575E+04    4.5450E+20    5.2600E+19    3.7939E+18    2.0438E+18
    1.5625E+04    4.5508E+20    5.2667E+19    3.8299E+18    2.0893E+18
    1.5675E+04    4.5556E+20    5.2630E+19    3.7568E+18    2.0301E+18
    1.5725E+04    4.5605E+20    5.2623E+19    3.7177E+18    2.0007E+18
    1.5775E+04    4.5666E+20    5.2722E+19    3.7839E+18    2.0713E+18
    1.5825E+04    4.5717E+20    5.2721E+19    3.7483E+18    2.0479E+18
    1.5875E+04    4.5757E+20    5.2617E+19    3.6046E+18    1.9230E+18
    1.5925E+04    4.5817E+20    5.2721E+19    3.6785E+18    1.9996E+18
    1.5975E+04    4.5877E+20    5.2814E+19    3.7392E+18    2.0590E+18
    1.6050E+04    4.5948E+20    5.2783E+19    3.6560E+18    1.9983E+18
    1.6150E+04    4.6043E+20    5.2744E+19    3.5459E+18    1.9145E+18
    1.6250E+04    4.6158E+20    5.2901E+19    3.6384E+18    2.0087E+18
    1.6350E+04    4.6251E+20    5.2857E+19    3.5247E+18    1.9256E+18
    1.6450E+04    4.6345E+20    5.2822E+19    3.4186E+18    1.8451E+18
    1.6550E+04    4.6460E+20    5.3001E+19    3.5319E+18    1.9542E+18
    1.6650E+04    4.6560E+20    5.3036E+19    3.4988E+18    1.9376E+18
    1.6750E+04    4.6650E+20    5.2979E+19    3.3715E+18    1.8434E+18
    1.6850E+04    4.6741E+20    5.2942E+19    3.2636E+18    1.7616E+18
    1.6950E+04    4.6855E+20    5.3132E+19    3.3881E+18    1.8777E+18
    1.7050E+04    4.6953E+20    5.3178E+19    3.3653E+18    1.8692E+18
    1.7150E+04    4.7050E+20    5.3212E+19    3.3298E+18    1.8494E+18
    1.7250E+04    4.7144E+20    5.3224E+19    3.2736E+18    1.8133E+18
    1.7350E+04    4.7221E+20    5.3074E+19    3.0511E+18    1.6368E+18
    1.7450E+04    4.7333E+20    5.3267E+19    3.1783E+18    1.7544E+18
    1.7550E+04    4.7432E+20    5.3351E+19    3.1948E+18    1.7762E+18
    1.7650E+04    4.7527E+20    5.3395E+19    3.1700E+18    1.7642E+18
    1.7750E+04    4.7621E+20    5.3434E+19    3.1395E+18    1.7483E+18
    1.7850E+04    4.7715E+20    5.3470E+19    3.1076E+18    1.7307E+18
    1.7950E+04    4.7807E+20    5.3504E+19    3.0728E+18    1.7111E+18
    1.8050E+04    4.7898E+20    5.3525E+19    3.0255E+18    1.6812E+18
    1.8150E+04    4.7973E+20    5.3399E+19    2.8287E+18    1.5260E+18
    1.8250E+04    4.8076E+20    5.3550E+19    2.9144E+18    1.6071E+18
    1.8350E+04    4.8173E+20    5.3652E+19    2.9483E+18    1.6421E+18
    1.8450E+04    4.8265E+20    5.3698E+19    2.9266E+18    1.6319E+18
    1.8550E+04    4.8354E+20    5.3735E+19    2.8957E+18    1.6144E+18
    1.8650E+04    4.8442E+20    5.3753E+19    2.8466E+18    1.5820E+18
    1.8750E+04    4.8528E+20    5.3657E+19    2.6584E+18    1.4335E+18
    1.8850E+04    4.8619E+20    5.3829E+19    2.7869E+18    1.5477E+18
    1.8950E+04    4.8710E+20    5.3897E+19    2.7875E+18    1.5556E+18
    1.9050E+04    4.8798E+20    5.3943E+19    2.7655E+18    1.5447E+18
    1.9150E+04    4.8886E+20    5.3984E+19    2.7400E+18    1.5307E+18
    1.9250E+04    4.8972E+20    5.4020E+19    2.7092E+18    1.5131E+18
    1.9350E+04    4.9056E+20    5.4035E+19    2.6573E+18    1.4780E+18
    1.9450E+04    4.9135E+20    5.3910E+19    2.3965E+18    1.3411E+18
    1.9550E+04    4.9218E+20    5.4017E+19    2.5774E+18    1.4516E+18
    1.9650E+04    4.9315E+20    5.4190E+19    2.6121E+18    1.4604E+18
    1.9750E+04    4.9400E+20    5.4238E+19    2.5936E+18    1.4514E+18
    1.9850E+04    4.9485E+20    5.4281E+19    2.5706E+18    1.4390E+18
    1.9950E+04    4.9569E+20    5.4324E+19    2.5475E+18    1.4264E+18
    2.0050E+04    4.9652E+20    5.4367E+19    2.5247E+18    1.4139E+18
    2.0150E+04    4.9735E+20    5.4410E+19    2.5022E+18    1.4016E+18
    2.0250E+04    4.9818E+20    5.4453E+19    2.4801E+18    1.3895E+18
    2.0350E+04    4.9900E+20    5.4497E+19    2.4581E+18    1.3775E+18
    2.0450E+04    4.9982E+20    5.4540E+19    2.4365E+18    1.3657E+18
    2.0550E+04    5.0063E+20    5.4584E+19    2.4149E+18    1.3539E+18
    2.0650E+04    5.0144E+20    5.4628E+19    2.3941E+18    1.3425E+18
    2.0750E+04    5.0225E+20    5.4672E+19    2.3734E+18    1.3311E+18
    2.0850E+04    5.0305E+20    5.4716E+19    2.3529E+18    1.3198E+18
    2.0950E+04    5.0384E+20    5.4760E+19    2.3326E+18    1.3087E+18
    2.1050E+04    5.0464E+20    5.4804E+19    2.3126E+18    1.2978E+18
    2.1150E+04    5.0543E+20    5.4848E+19    2.2927E+18    1.2869E+18
    2.1250E+04    5.0621E+20    5.4893E+19    2.2735E+18    1.2763E+18
    2.1350E+04    5.0700E+20    5.4936E+19    2.2536E+18    1.2651E+18
    2.1450E+04    5.0777E+20    5.4976E+19    2.2299E+18    1.2512E+18
    2.1550E+04    5.0853E+20    5.5002E+19    2.1928E+18    1.2262E+18
    2.1650E+04    5.0918E+20    5.4932E+19    2.0575E+18    1.1191E+18
    2.1750E+04    5.1005E+20    5.5080E+19    2.1443E+18    1.1965E+18
    2.1850E+04    5.1085E+20    5.5153E+19    2.1553E+18    1.2099E+18
    2.1950E+04    5.1161E+20    5.5204E+19    2.1431E+18    1.2043E+18
    2.2050E+04    5.1237E+20    5.5249E+19    2.1263E+18    1.1953E+18
    2.2150E+04    5.1312E+20    5.5294E+19    2.1090E+18    1.1858E+18
    2.2250E+04    5.1387E+20    5.5339E+19    2.0918E+18    1.1763E+18
    2.2350E+04    5.1461E+20    5.5384E+19    2.0749E+18    1.1670E+18
    2.2450E+04    5.1536E+20    5.5429E+19    2.0581E+18    1.1577E+18
    2.2550E+04    5.1610E+20    5.5474E+19    2.0416E+18    1.1486E+18
    2.2650E+04    5.1683E+20    5.5519E+19    2.0253E+18    1.1396E+18
    2.2750E+04    5.1756E+20    5.5564E+19    2.0091E+18    1.1307E+18
    2.2850E+04    4.7129E+20    5.0884E+19    1.9970E+18    1.1225E+18
    2.2950E+04    4.7195E+20    5.0922E+19    1.9814E+18    1.1140E+18
    2.3050E+04    4.7261E+20    5.0961E+19    1.9659E+18    1.1055E+18
    2.3150E+04    4.7326E+20    5.0999E+19    1.9506E+18    1.0971E+18
    2.3250E+04    4.7391E+20    5.1038E+19    1.9354E+18    1.0888E+18
    2.3350E+04    4.7456E+20    5.1077E+19    1.9205E+18    1.0806E+18
    2.3450E+04    4.7521E+20    5.1115E+19    1.9056E+18    1.0725E+18
    2.3550E+04    4.7585E+20    5.1154E+19    1.8909E+18    1.0643E+18
    2.3650E+04    4.7649E+20    5.1193E+19    1.8763E+18    1.0562E+18
    2.3750E+04    4.7713E+20    5.1231E+19    1.8616E+18    1.0479E+18
    2.3850E+04    4.7776E+20    5.1269E+19    1.8470E+18    1.0396E+18
    2.3950E+04    4.7839E+20    5.1308E+19    1.8324E+18    1.0314E+18
    2.4050E+04    4.7902E+20    5.1346E+19    1.8178E+18    1.0231E+18
    2.4150E+04    4.7965E+20    5.1384E+19    1.8032E+18    1.0146E+18
    2.4250E+04    4.8027E+20    5.1421E+19    1.7883E+18    1.0060E+18
    2.4350E+04    4.8089E+20    5.1460E+19    1.7749E+18    9.9856E+17
    2.4450E+04    4.8151E+20    5.1497E+19    1.7600E+18    9.8964E+17
    2.4550E+04    4.8212E+20    5.1537E+19    1.7475E+18    9.8329E+17
    2.4650E+04    4.8274E+20    5.1573E+19    1.7321E+18    9.7381E+17
    2.4750E+04    4.8335E+20    5.1613E+19    1.7200E+18    9.6748E+17
    2.4850E+04    4.8396E+20    5.1653E+19    1.7095E+18    9.6291E+17
    2.4950E+04    4.8456E+20    5.1685E+19    1.6895E+18    9.4813E+17
    2.5050E+04    4.8518E+20    5.1744E+19    1.6979E+18    9.6063E+17
    2.5150E+04    4.8577E+20    5.1775E+19    1.6772E+18    9.4646E+17
    2.5250E+04    4.8635E+20    5.1797E+19    1.6473E+18    9.2298E+17
    2.5350E+04    4.8696E+20    5.1847E+19    1.6478E+18    9.2864E+17
    2.5450E+04    4.8756E+20    5.1892E+19    1.6429E+18    9.2841E+17
    2.5550E+04    4.8814E+20    5.1923E+19    1.6224E+18    9.1414E+17
    2.5650E+04    4.8871E+20    5.1943E+19    1.5918E+18    8.8965E+17
    2.5750E+04    4.8932E+20    5.2003E+19    1.6025E+18    9.0412E+17
    2.5850E+04    4.8991E+20    5.2049E+19    1.5987E+18    9.0448E+17
    2.5950E+04    4.9049E+20    5.2086E+19    1.5849E+18    8.9620E+17
    2.6050E+04    4.9105E+20    5.2107E+19    1.5563E+18    8.7479E+17
    2.6150E+04    4.9160E+20    5.2120E+19    1.5192E+18    8.4572E+17
    2.6250E+04    4.9216E+20    5.2123E+19    1.4623E+18    8.0349E+17
    2.6350E+04    4.9277E+20    5.2220E+19    1.5207E+18    8.5526E+17
    2.6450E+04    4.9336E+20    5.2279E+19    1.5308E+18    8.6617E+17
    2.6550E+04    4.9392E+20    5.2319E+19    1.5214E+18    8.6126E+17
    2.6650E+04    4.9448E+20    5.2346E+19    1.4993E+18    8.4559E+17
    2.6750E+04    4.9501E+20    5.2351E+19    1.4548E+18    8.0859E+17
    2.6850E+04    4.9560E+20    5.2423E+19    1.4790E+18    8.3431E+17
    2.6950E+04    4.9617E+20    5.2474E+19    1.4821E+18    8.3985E+17
    2.7050E+04    4.9673E+20    5.2516E+19    1.4754E+18    8.3705E+17
    2.7150E+04    4.9729E+20    5.2555E+19    1.4667E+18    8.3217E+17
    2.7250E+04    4.9784E+20    5.2593E+19    1.4560E+18    8.2625E+17
    2.7350E+04    4.9838E+20    5.2629E+19    1.4436E+18    8.1868E+17
    2.7450E+04    4.9892E+20    5.2658E+19    1.4254E+18    8.0630E+17
    2.7550E+04    4.9943E+20    5.2657E+19    1.3751E+18    7.6486E+17
    2.7650E+04    4.9999E+20    5.2715E+19    1.3869E+18    7.7880E+17
    2.7750E+04    5.0055E+20    5.2777E+19    1.4018E+18    7.9436E+17
    2.7850E+04    5.0110E+20    5.2820E+19    1.3977E+18    7.9338E+17
    2.7950E+04    5.0164E+20    5.2860E+19    1.3906E+18    7.8962E+17
    2.8050E+04    5.0217E+20    5.2899E+19    1.3817E+18    7.8475E+17
    2.8150E+04    5.0270E+20    5.2936E+19    1.3726E+18    7.7964E+17
    2.8250E+04    5.0323E+20    5.2974E+19    1.3636E+18    7.7459E+17
    2.8350E+04    5.0376E+20    5.3011E+19    1.3544E+18    7.6931E+17
    2.8450E+04    5.0429E+20    5.3047E+19    1.3436E+18    7.6303E+17
    2.8550E+04    5.0481E+20    5.3080E+19    1.3304E+18    7.5446E+17
    2.8650E+04    5.0531E+20    5.3098E+19    1.3016E+18    7.3281E+17
    2.8750E+04    5.0580E+20    5.3103E+19    1.2599E+18    6.9876E+17
    2.8850E+04    5.0636E+20    5.3185E+19    1.2974E+18    7.3406E+17
    2.8950E+04    5.0689E+20    5.3233E+19    1.2991E+18    7.3756E+17
    2.9050E+04    5.0740E+20    5.3273E+19    1.2939E+18    7.3524E+17
    2.9150E+04    5.0792E+20    5.3312E+19    1.2865E+18    7.3123E+17
    2.9250E+04    5.0843E+20    5.3349E+19    1.2783E+18    7.2664E+17
    2.9350E+04    5.0894E+20    5.3386E+19    1.2702E+18    7.2210E+17
    2.9450E+04    5.0944E+20    5.3423E+19    1.2622E+18    7.1759E+17
    2.9550E+04    5.0995E+20    5.3460E+19    1.2543E+18    7.1313E+17
    2.9650E+04    5.1045E+20    5.3497E+19    1.2465E+18    7.0871E+17
    2.9750E+04    5.1095E+20    5.3534E+19    1.2387E+18    7.0432E+17
    2.9850E+04    5.1145E+20    5.3571E+19    1.2310E+18    6.9998E+17
    2.9950E+04    5.1195E+20    5.3608E+19    1.2233E+18    6.9568E+17
    3.0050E+04    5.1244E+20    5.3644E+19    1.2151E+18    6.9090E+17
    3.0150E+04    5.1294E+20    5.3678E+19    1.2051E+18    6.8482E+17
    3.0250E+04    5.1342E+20    5.3708E+19    1.1908E+18    6.7507E+17
    3.0350E+04    5.1387E+20    5.3707E+19    1.1448E+18    6.3805E+17
    3.0450E+04    5.1437E+20    5.3756E+19    1.1499E+18    6.4470E+17
    3.0550E+04    5.1489E+20    5.3820E+19    1.1712E+18    6.6463E+17
    3.0650E+04    5.1538E+20    5.3862E+19    1.1695E+18    6.6494E+17
    3.0750E+04    5.1587E+20    5.3901E+19    1.1645E+18    6.6243E+17
    3.0850E+04    5.1635E+20    5.3937E+19    1.1577E+18    6.5868E+17
    3.0950E+04    5.1683E+20    5.3973E+19    1.1508E+18    6.5476E+17
    3.1050E+04    5.1731E+20    5.4010E+19    1.1439E+18    6.5087E+17
    3.1150E+04    5.1778E+20    5.4046E+19    1.1371E+18    6.4701E+17
    3.1250E+04    5.1826E+20    5.4082E+19    1.1303E+18    6.4319E+17
    3.1350E+04    5.1873E+20    5.4118E+19    1.1236E+18    6.3940E+17
    3.1450E+04    5.1920E+20    5.4154E+19    1.1169E+18    6.3564E+17
    3.1550E+04    5.1967E+20    5.4190E+19    1.1103E+18    6.3192E+17
    3.1650E+04    5.2014E+20    5.4226E+19    1.1038E+18    6.2823E+17
    3.1750E+04    5.2061E+20    5.4261E+19    1.0973E+18    6.2457E+17
    3.1850E+04    5.2107E+20    5.4297E+19    1.0909E+18    6.2094E+17
    3.1950E+04    5.2154E+20    5.4333E+19    1.0845E+18    6.1735E+17
    3.2100E+04    5.2223E+20    5.4386E+19    1.0751E+18    6.1201E+17
    3.2300E+04    5.2315E+20    5.4457E+19    1.0627E+18    6.0500E+17
    3.2500E+04    5.2406E+20    5.4528E+19    1.0505E+18    5.9810E+17
    3.2700E+04    5.2496E+20    5.4595E+19    1.0357E+18    5.8919E+17
    3.2900E+04    4.9863E+20    5.1898E+19    9.9234E+17    5.5591E+17
    3.3100E+04    4.9951E+20    5.1985E+19    1.0016E+18    5.6690E+17
    3.3300E+04    5.0037E+20    5.2062E+19    1.0019E+18    5.6984E+17
    3.3500E+04    5.0122E+20    5.2129E+19    9.9177E+17    5.6432E+17
    3.3700E+04    5.0206E+20    5.2195E+19    9.8107E+17    5.5833E+17
    3.3900E+04    5.0290E+20    5.2261E+19    9.7039E+17    5.5232E+17
    3.4100E+04    5.0373E+20    5.2326E+19    9.5986E+17    5.4639E+17
    3.4300E+04    5.0455E+20    5.2391E+19    9.4947E+17    5.4053E+17
    3.4500E+04    5.0537E+20    5.2456E+19    9.3924E+17    5.3474E+17
    3.4700E+04    5.0619E+20    5.2521E+19    9.2913E+17    5.2901E+17
    3.4900E+04    5.0700E+20    5.2585E+19    9.1922E+17    5.2340E+17
    3.5100E+04    5.0780E+20    5.2649E+19    9.0936E+17    5.1779E+17
    3.5300E+04    5.0860E+20    5.2713E+19    8.9968E+17    5.1228E+17
    3.5500E+04    5.0939E+20    5.2777E+19    8.9019E+17    5.0688E+17
    3.5700E+04    5.1018E+20    5.2840E+19    8.8070E+17    5.0144E+17
    3.5900E+04    5.1097E+20    5.2903E+19    8.7141E+17    4.9617E+17
    3.6100E+04    5.1175E+20    5.2966E+19    8.6214E+17    4.9079E+17
    3.6300E+04    5.1252E+20    5.3029E+19    8.5339E+17    4.8595E+17
    3.6500E+04    5.1329E+20    5.3091E+19    8.4400E+17    4.8031E+17
    3.6700E+04    5.1406E+20    5.3154E+19    8.3628E+17    4.7641E+17
    3.6900E+04    5.1482E+20    5.3214E+19    8.2565E+17    4.6953E+17
    3.7100E+04    5.1558E+20    5.3277E+19    8.1807E+17    4.6580E+17
    3.7300E+04    5.1632E+20    5.3325E+19    7.9651E+17    4.5032E+17
    3.7500E+04    5.1706E+20    5.3382E+19    7.8336E+17    4.4129E+17
    3.7700E+04    5.1783E+20    5.3461E+19    7.9418E+17    4.5238E+17
    3.7900E+04    5.1857E+20    5.3524E+19    7.8804E+17    4.4933E+17
    3.8100E+04    5.1930E+20    5.3581E+19    7.7665E+17    4.4151E+17
    3.8300E+04    5.2003E+20    5.3642E+19    7.6962E+17    4.3771E+17
    3.8500E+04    5.2076E+20    5.3706E+19    7.6592E+17    4.3698E+17
    3.8700E+04    5.2149E+20    5.3767E+19    7.5881E+17    4.3306E+17
    3.8900E+04    5.2220E+20    5.3824E+19    7.4888E+17    4.2654E+17
    3.9100E+04    5.2292E+20    5.3879E+19    7.3661E+17    4.1767E+17
    3.9300E+04    5.2363E+20    5.3945E+19    7.3597E+17    4.1961E+17
    3.9500E+04    5.2434E+20    5.4006E+19    7.3119E+17    4.1743E+17
    3.9700E+04    5.2505E+20    5.4065E+19    7.2446E+17    4.1364E+17
    3.9900E+04    5.2575E+20    5.4124E+19    7.1764E+17    4.0974E+17
    4.0100E+04    5.2644E+20    5.4175E+19    7.0342E+17    3.9943E+17
    4.0300E+04    5.2713E+20    5.4232E+19    6.9477E+17    3.9395E+17
    4.0500E+04    5.2780E+20    5.4278E+19    6.7626E+17    3.8092E+17
    4.0700E+04    5.2851E+20    5.4353E+19    6.8759E+17    3.9175E+17
    4.0900E+04    5.2919E+20    5.4414E+19    6.8448E+17    3.9070E+17
    4.1100E+04    5.2987E+20    5.4472E+19    6.7863E+17    3.8745E+17
    4.1300E+04    5.3054E+20    5.4529E+19    6.7183E+17    3.8348E+17
    4.1500E+04    5.3121E+20    5.4583E+19    6.6305E+17    3.7777E+17
    4.1700E+04    5.3187E+20    5.4631E+19    6.4764E+17    3.6587E+17
    4.1900E+04    5.3254E+20    5.4697E+19    6.5083E+17    3.7069E+17
    4.2100E+04    5.3320E+20    5.4756E+19    6.4804E+17    3.6989E+17
    4.2300E+04    5.3386E+20    5.4813E+19    6.4276E+17    3.6694E+17
    4.2500E+04    5.3451E+20    5.4869E+19    6.3706E+17    3.6368E+17
    4.2700E+04    5.3516E+20    5.4925E+19    6.3145E+17    3.6046E+17
    4.2900E+04    5.3581E+20    5.4981E+19    6.2589E+17    3.5729E+17
    4.3100E+04    5.3645E+20    5.5036E+19    6.2043E+17    3.5415E+17
    4.3300E+04    5.3710E+20    5.5091E+19    6.1487E+17    3.5094E+17
    4.3500E+04    5.3773E+20    5.5145E+19    6.0770E+17    3.4646E+17
    4.3700E+04    5.3835E+20    5.5189E+19    5.9220E+17    3.3448E+17
    4.3900E+04    5.3899E+20    5.5250E+19    5.9296E+17    3.3681E+17
    4.4100E+04    5.3962E+20    5.5310E+19    5.9317E+17    3.3838E+17
    4.4300E+04    5.4025E+20    5.5365E+19    5.8908E+17    3.3619E+17
    4.4500E+04    5.4087E+20    5.5419E+19    5.8410E+17    3.3334E+17
    4.4700E+04    5.2438E+20    5.3751E+19    5.8022E+17    3.3145E+17
    4.4900E+04    5.2498E+20    5.3804E+19    5.7534E+17    3.2865E+17
    4.5100E+04    5.2558E+20    5.3856E+19    5.7052E+17    3.2588E+17
    4.5300E+04    5.2618E+20    5.3908E+19    5.6576E+17    3.2315E+17
    4.5500E+04    5.2677E+20    5.3960E+19    5.6107E+17    3.2046E+17
    4.5700E+04    5.2736E+20    5.4012E+19    5.5643E+17    3.1779E+17
    4.5900E+04    5.2795E+20    5.4063E+19    5.5183E+17    3.1515E+17
    4.6100E+04    5.2854E+20    5.4114E+19    5.4659E+17    3.1203E+17
    4.6300E+04    5.2912E+20    5.4163E+19    5.3988E+17    3.0767E+17
    4.6500E+04    5.2969E+20    5.4199E+19    5.2050E+17    2.9298E+17
    4.6700E+04    5.3027E+20    5.4252E+19    5.1821E+17    2.9166E+17
    4.6900E+04    5.3086E+20    5.4314E+19    5.2497E+17    2.9864E+17
    4.7100E+04    5.3143E+20    5.4368E+19    5.2447E+17    2.9927E+17
    4.7300E+04    5.3201E+20    5.4419E+19    5.2129E+17    2.9760E+17
    4.7500E+04    5.3257E+20    5.4469E+19    5.1720E+17    2.9526E+17
    4.7700E+04    5.3314E+20    5.4519E+19    5.1310E+17    2.9290E+17
    4.7900E+04    5.3370E+20    5.4569E+19    5.0906E+17    2.9058E+17
    4.8100E+04    5.3427E+20    5.4619E+19    5.0506E+17    2.8828E+17
    4.8300E+04    5.3482E+20    5.4669E+19    5.0110E+17    2.8601E+17
    4.8500E+04    5.3538E+20    5.4718E+19    4.9720E+17    2.8376E+17
    4.8700E+04    5.3593E+20    5.4767E+19    4.9334E+17    2.8154E+17
    4.8900E+04    5.3648E+20    5.4816E+19    4.8953E+17    2.7935E+17
    4.9100E+04    5.3703E+20    5.4865E+19    4.8577E+17    2.7718E+17
    4.9300E+04    5.3758E+20    5.4914E+19    4.8204E+17    2.7504E+17
    4.9500E+04    5.3812E+20    5.4962E+19    4.7836E+17    2.7292E+17
    4.9700E+04    5.3867E+20    5.5010E+19    4.7472E+17    2.7083E+17
    4.9900E+04    5.3921E+20    5.5059E+19    4.7113E+17    2.6876E+17
    5.0100E+04    5.3974E+20    5.5107E+19    4.6757E+17    2.6672E+17
    5.0300E+04    5.4028E+20    5.5155E+19    4.6406E+17    2.6469E+17
    5.0500E+04    5.4081E+20    5.5202E+19    4.6059E+17    2.6269E+17
    5.0700E+04    5.4134E+20    5.5250E+19    4.5715E+17    2.6071E+17
    5.0900E+04    5.4187E+20    5.5297E+19    4.5308E+17    2.5828E+17
    5.1100E+04    5.4239E+20    5.5341E+19    4.4684E+17    2.5401E+17
    5.1300E+04    5.4291E+20    5.5379E+19    4.3417E+17    2.4424E+17
    5.1500E+04    5.4344E+20    5.5436E+19    4.4112E+17    2.5093E+17
    5.1700E+04    5.4396E+20    5.5485E+19    4.4014E+17    2.5086E+17
    5.1900E+04    5.4448E+20    5.5532E+19    4.3736E+17    2.4931E+17
    5.2100E+04    5.4499E+20    5.5579E+19    4.3419E+17    2.4748E+17
    5.2300E+04    5.4551E+20    5.5625E+19    4.3106E+17    2.4568E+17
    5.2500E+04    5.4602E+20    5.5671E+19    4.2796E+17    2.4389E+17
    5.2700E+04    5.4653E+20    5.5717E+19    4.2489E+17    2.4212E+17
    5.2900E+04    5.4704E+20    5.5763E+19    4.2186E+17    2.4037E+17
    5.3100E+04    5.4754E+20    5.5809E+19    4.1885E+17    2.3864E+17
    5.3300E+04    5.4804E+20    5.5855E+19    4.1589E+17    2.3693E+17
    5.3500E+04    5.4855E+20    5.5900E+19    4.1295E+17    2.3524E+17
    5.3700E+04    5.4905E+20    5.5945E+19    4.1005E+17    2.3356E+17
    5.3900E+04    5.4954E+20    5.5991E+19    4.0718E+17    2.3191E+17
    5.4100E+04    5.5004E+20    5.6036E+19    4.0434E+17    2.3027E+17
    5.4300E+04    5.5053E+20    5.6081E+19    4.0152E+17    2.2865E+17
    5.4500E+04    5.5102E+20    5.6125E+19    3.9874E+17    2.2704E+17
    5.4700E+04    5.5151E+20    5.6170E+19    3.9598E+17    2.2545E+17
    5.4900E+04    5.5200E+20    5.6215E+19    3.9326E+17    2.2388E+17
    5.5100E+04    5.5249E+20    5.6259E+19    3.9057E+17    2.2233E+17
    5.5300E+04    5.5297E+20    5.6303E+19    3.8790E+17    2.2079E+17
    5.5500E+04    5.5345E+20    5.6347E+19    3.8527E+17    2.1927E+17
    5.5700E+04    5.5393E+20    5.6391E+19    3.8265E+17    2.1776E+17
    5.5900E+04    5.5441E+20    5.6435E+19    3.8007E+17    2.1627E+17
    5.6100E+04    5.5489E+20    5.6479E+19    3.7751E+17    2.1479E+17
    5.6300E+04    5.5537E+20    5.6522E+19    3.7498E+17    2.1333E+17
    5.6500E+04    5.5584E+20    5.6566E+19    3.7248E+17    2.1188E+17
    5.6700E+04    5.5631E+20    5.6609E+19    3.7000E+17    2.1045E+17
    5.6900E+04    5.5678E+20    5.6652E+19    3.6755E+17    2.0903E+17
    5.7100E+04    5.5725E+20    5.6695E+19    3.6512E+17    2.0763E+17
    5.7300E+04    5.5772E+20    5.6738E+19    3.6271E+17    2.0624E+17
    5.7500E+04    5.5818E+20    5.6781E+19    3.6033E+17    2.0486E+17
    5.7700E+04    5.5865E+20    5.6823E+19    3.5798E+17    2.0350E+17
    5.7900E+04    5.5911E+20    5.6866E+19    3.5564E+17    2.0215E+17
    5.8100E+04    5.5957E+20    5.6908E+19    3.5333E+17    2.0082E+17
    5.8300E+04    5.6002E+20    5.6951E+19    3.5104E+17    1.9950E+17
    5.8500E+04    5.4901E+20    5.5839E+19    3.4899E+17    1.9845E+17
    5.8700E+04    5.4946E+20    5.5879E+19    3.4612E+17    1.9670E+17
    5.8900E+04    5.4991E+20    5.5919E+19    3.4154E+17    1.9354E+17
    5.9100E+04    5.5035E+20    5.5953E+19    3.3239E+17    1.8658E+17
    5.9300E+04    5.5080E+20    5.6002E+19    3.3803E+17    1.9170E+17
    5.9500E+04    5.5125E+20    5.6045E+19    3.3759E+17    1.9181E+17
    5.9700E+04    5.5169E+20    5.6086E+19    3.3587E+17    1.9086E+17
    5.9900E+04    5.5213E+20    5.6127E+19    3.3375E+17    1.8964E+17
    6.0100E+04    5.5257E+20    5.6167E+19    3.3166E+17    1.8843E+17
    6.0300E+04    5.5301E+20    5.6208E+19    3.2959E+17    1.8723E+17
    6.0500E+04    5.5345E+20    5.6249E+19    3.2753E+17    1.8604E+17
    6.0700E+04    5.5388E+20    5.6289E+19    3.2549E+17    1.8486E+17
    6.0900E+04    5.5431E+20    5.6329E+19    3.2348E+17    1.8370E+17
    6.1100E+04    5.5475E+20    5.6369E+19    3.2148E+17    1.8254E+17
    6.1300E+04    5.5518E+20    5.6409E+19    3.1950E+17    1.8140E+17
    6.1500E+04    5.5561E+20    5.6449E+19    3.1754E+17    1.8026E+17
    6.1700E+04    5.5603E+20    5.6489E+19    3.1560E+17    1.7914E+17
    6.1900E+04    5.5646E+20    5.6529E+19    3.1368E+17    1.7802E+17
    6.2100E+04    5.5689E+20    5.6568E+19    3.1177E+17    1.7692E+17
    6.2300E+04    5.5731E+20    5.6608E+19    3.0989E+17    1.7583E+17
    6.2500E+04    5.5773E+20    5.6647E+19    3.0802E+17    1.7475E+17
    6.2700E+04    5.5815E+20    5.6686E+19    3.0616E+17    1.7367E+17
    6.2900E+04    5.5857E+20    5.6725E+19    3.0433E+17    1.7261E+17
    6.3100E+04    5.5899E+20    5.6764E+19    3.0251E+17    1.7156E+17
    6.3300E+04    5.5941E+20    5.6803E+19    3.0071E+17    1.7052E+17
    6.3500E+04    5.5982E+20    5.6842E+19    2.9893E+17    1.6948E+17
    6.3700E+04    5.6024E+20    5.6881E+19    2.9716E+17    1.6846E+17
    6.3900E+04    5.6065E+20    5.6919E+19    2.9541E+17    1.6744E+17
    6.4200E+04    5.6127E+20    5.6977E+19    2.9281E+17    1.6594E+17
    6.4600E+04    5.6208E+20    5.7053E+19    2.8940E+17    1.6396E+17
    6.5000E+04    5.6290E+20    5.7130E+19    2.8605E+17    1.6202E+17
    6.5400E+04    5.6371E+20    5.7205E+19    2.8276E+17    1.6011E+17
    6.5800E+04    5.6451E+20    5.7281E+19    2.7953E+17    1.5824E+17
    6.6200E+04    5.6531E+20    5.7356E+19    2.7636E+17    1.5640E+17
    6.6600E+04    5.6610E+20    5.7430E+19    2.7324E+17    1.5459E+17
    6.7000E+04    5.6689E+20    5.7504E+19    2.7017E+17    1.5281E+17
    6.7400E+04    5.6767E+20    5.7578E+19    2.6716E+17    1.5107E+17
    6.7800E+04    5.6845E+20    5.7651E+19    2.6421E+17    1.4935E+17
    6.8200E+04    5.6922E+20    5.7724E+19    2.6130E+17    1.4766E+17
    6.8600E+04    5.6999E+20    5.7797E+19    2.5844E+17    1.4601E+17
    6.9000E+04    5.7076E+20    5.7869E+19    2.5563E+17    1.4437E+17
    6.9400E+04    5.7152E+20    5.7941E+19    2.5286E+17    1.4277E+17
    6.9800E+04    5.7227E+20    5.8013E+19    2.5015E+17    1.4119E+17
    7.0200E+04    5.7303E+20    5.8084E+19    2.4747E+17    1.3964E+17
    7.0600E+04    5.7377E+20    5.8154E+19    2.4485E+17    1.3812E+17
    7.1000E+04    5.7452E+20    5.8225E+19    2.4226E+17    1.3661E+17
    7.1400E+04    5.7526E+20    5.8295E+19    2.3972E+17    1.3514E+17
    7.1800E+04    5.7599E+20    5.8365E+19    2.3722E+17    1.3369E+17
    7.2200E+04    5.7672E+20    5.8434E+19    2.3476E+17    1.3226E+17
    7.2600E+04    5.7745E+20    5.8503E+19    2.3234E+17    1.3085E+17
    7.3000E+04    5.7817E+20    5.8572E+19    2.2996E+17    1.2947E+17
    7.3400E+04    5.7889E+20    5.8640E+19    2.2761E+17    1.2810E+17
    7.3800E+04    5.7961E+20    5.8708E+19    2.2530E+17    1.2676E+17
    7.4200E+04    5.7226E+20    5.7965E+19    2.2247E+17    1.2509E+17
    7.4600E+04    5.7312E+20    5.8153E+19    2.3253E+17    1.2100E+17
    7.5000E+04    5.7366E+20    5.8095E+19    2.1445E+17    1.1972E+17
    7.5400E+04    5.7436E+20    5.8165E+19    2.1577E+17    1.2118E+17
    7.5800E+04    5.7505E+20    5.8231E+19    2.1423E+17    1.2037E+17
    7.6200E+04    5.7574E+20    5.8297E+19    2.1213E+17    1.1916E+17
    7.6600E+04    5.7643E+20    5.8363E+19    2.1007E+17    1.1796E+17
    7.7000E+04    5.7711E+20    5.8428E+19    2.0803E+17    1.1677E+17
    7.7400E+04    5.7778E+20    5.8493E+19    2.0603E+17    1.1561E+17
    7.7800E+04    5.7846E+20    5.8557E+19    2.0406E+17    1.1446E+17
    7.8200E+04    5.7913E+20    5.8621E+19    2.0211E+17    1.1333E+17
    7.8600E+04    5.7980E+20    5.8685E+19    2.0020E+17    1.1222E+17
    7.9000E+04    5.8046E+20    5.8749E+19    1.9831E+17    1.1112E+17
    7.9400E+04    5.8112E+20    5.8812E+19    1.9645E+17    1.1004E+17
    7.9800E+04    5.8178E+20    5.8876E+19    1.9462E+17    1.0897E+17
    8.0200E+04    5.8244E+20    5.8938E+19    1.9282E+17    1.0792E+17
    8.0600E+04    5.8309E+20    5.9001E+19    1.9104E+17    1.0689E+17
    8.1000E+04    5.8374E+20    5.9063E+19    1.8928E+17    1.0586E+17
    8.1400E+04    5.8438E+20    5.9125E+19    1.8756E+17    1.0486E+17
    8.1800E+04    5.8502E+20    5.9187E+19    1.8585E+17    1.0387E+17
    8.2200E+04    5.8566E+20    5.9249E+19    1.8418E+17    1.0289E+17
    8.2600E+04    5.8630E+20    5.9310E+19    1.8252E+17    1.0193E+17
    8.3000E+04    5.8693E+20    5.9371E+19    1.8089E+17    1.0098E+17
    8.3400E+04    5.8756E+20    5.9431E+19    1.7928E+17    1.0004E+17
    8.3800E+04    5.8819E+20    5.9492E+19    1.7770E+17    9.9114E+16
    8.4200E+04    5.8882E+20    5.9552E+19    1.7613E+17    9.8202E+16
    8.4600E+04    5.8944E+20    5.9612E+19    1.7459E+17    9.7303E+16
    8.5000E+04    5.9006E+20    5.9672E+19    1.7307E+17    9.6417E+16
    8.5400E+04    5.9067E+20    5.9731E+19    1.7157E+17    9.5542E+16
    8.5800E+04    5.9128E+20    5.9790E+19    1.7009E+17    9.4680E+16
    8.6200E+04    5.9189E+20    5.9849E+19    1.6863E+17    9.3828E+16
    8.6600E+04    5.9250E+20    5.9908E+19    1.6719E+17    9.2988E+16
    8.7000E+04    5.9311E+20    5.9966E+19    1.6577E+17    9.2160E+16
    8.7400E+04    5.9371E+20    6.0025E+19    1.6437E+17    9.1343E+16
    8.7800E+04    5.9431E+20    6.0083E+19    1.6299E+17    9.0536E+16
    8.8200E+04    5.9491E+20    6.0140E+19    1.6162E+17    8.9740E+16
    8.8600E+04    5.9550E+20    6.0198E+19    1.6028E+17    8.8955E+16
    8.9000E+04    5.9609E+20    6.0255E+19    1.5895E+17    8.8179E+16
    8.9400E+04    5.9668E+20    6.0312E+19    1.5764E+17    8.7414E+16
    8.9800E+04    5.9727E+20    6.0369E+19    1.5635E+17    8.6659E+16
    9.0200E+04    5.9785E+20    6.0426E+19    1.5507E+17    8.5913E+16
    9.0600E+04    5.9843E+20    6.0482E+19    1.5381E+17    8.5178E+16
    9.1000E+04    5.9901E+20    6.0538E+19    1.5257E+17    8.4451E+16
    9.1400E+04    5.9372E+20    6.0003E+19    1.5127E+17    8.3734E+16
    9.1800E+04    5.9429E+20    6.0059E+19    1.5007E+17    8.3026E+16
    9.2200E+04    5.9486E+20    6.0114E+19    1.4889E+17    8.2326E+16
    9.2600E+04    5.9543E+20    6.0169E+19    1.4772E+17    8.1636E+16
    9.3000E+04    5.9599E+20    6.0224E+19    1.4655E+17    8.0954E+16
    9.3400E+04    5.9655E+20    6.0279E+19    1.4540E+17    8.0281E+16
    9.3800E+04    5.9712E+20    6.0334E+19    1.4427E+17    7.9617E+16
    9.4200E+04    5.9767E+20    6.0388E+19    1.4314E+17    7.8960E+16
    9.4600E+04    5.9823E+20    6.0442E+19    1.4202E+17    7.8311E+16
    9.5000E+04    5.9878E+20    6.0496E+19    1.4092E+17    7.7670E+16
    9.5400E+04    5.9933E+20    6.0549E+19    1.3983E+17    7.7038E+16
    9.5800E+04    5.9988E+20    6.0603E+19    1.3875E+17    7.6413E+16
    9.6200E+04    6.0043E+20    6.0656E+19    1.3770E+17    7.5795E+16
    9.6600E+04    6.0098E+20    6.0709E+19    1.3667E+17    7.5185E+16
    9.7000E+04    6.0152E+20    6.0762E+19    1.3565E+17    7.4583E+16
    9.7400E+04    6.0206E+20    6.0815E+19    1.3464E+17    7.3987E+16
    9.7800E+04    6.0260E+20    6.0867E+19    1.3364E+17    7.3399E+16
    9.8200E+04    6.0314E+20    6.0920E+19    1.3265E+17    7.2817E+16
    9.8600E+04    6.0367E+20    6.0972E+19    1.3166E+17    7.2243E+16
    9.9000E+04    6.0420E+20    6.1024E+19    1.3069E+17    7.1675E+16
    9.9400E+04    6.0473E+20    6.1075E+19    1.2973E+17    7.1114E+16
    9.9800E+04    6.0526E+20    6.1127E+19    1.2877E+17    7.0559E+16
    1.0020E+05    6.0579E+20    6.1178E+19    1.2783E+17    7.0012E+16
    2.0000E+05    6.8644E+20    6.9145E+19    3.9764E+16    1.8012E+16
    4.0000E+05    7.8028E+20    7.8550E+19    1.8023E+16    4.5533E+15
    6.0000E+05    8.4080E+20    8.4634E+19    1.4557E+16    2.0320E+15
    8.0000E+05    8.8610E+20    8.9191E+19    1.3631E+16    1.1472E+15
    1.0000E+06    9.2231E+20    9.2834E+19    1.3395E+16    7.3777E+14
    1.2000E+06    9.5267E+20    9.5889E+19    1.3387E+16    5.1584E+14
    1.4000E+06    9.7874E+20    9.8513E+19    1.3541E+16    3.8244E+14
    1.6000E+06    1.0017E+21    1.0082E+20    1.3703E+16    2.9618E+14
