    9.0900E+01    0.0000E+00    0.0000E+00    0.0000E+00    0.0000E+00
    9.3500E+01    0.0000E+00    0.0000E+00    0.0000E+00    0.0000E+00
    9.6100E+01    0.0000E+00    0.0000E+00    0.0000E+00    0.0000E+00
    9.7700E+01    0.0000E+00    0.0000E+00    0.0000E+00    0.0000E+00
    9.9600E+01    0.0000E+00    0.0000E+00    0.0000E+00    0.0000E+00
    1.0200E+02    0.0000E+00    0.0000E+00    0.0000E+00    0.0000E+00
    1.0380E+02    0.0000E+00    0.0000E+00    0.0000E+00    0.0000E+00
    1.0560E+02    0.0000E+00    0.0000E+00    0.0000E+00    0.0000E+00
    1.0770E+02    0.0000E+00    0.0000E+00    0.0000E+00    0.0000E+00
    1.1040E+02    0.0000E+00    0.0000E+00    0.0000E+00    0.0000E+00
    1.1400E+02    0.0000E+00    0.0000E+00    0.0000E+00    0.0000E+00
    1.1780E+02    0.0000E+00    0.0000E+00    0.0000E+00    0.0000E+00
    1.2130E+02    0.0000E+00    0.0000E+00    0.0000E+00    0.0000E+00
    1.2480E+02    0.0000E+00    0.0000E+00    0.0000E+00    0.0000E+00
    1.2710E+02    0.0000E+00    0.0000E+00    0.0000E+00    0.0000E+00
    1.2840E+02    0.0000E+00    0.0000E+00    0.0000E+00    0.0000E+00
    1.3050E+02    0.0000E+00    0.0000E+00    0.0000E+00    0.0000E+00
    1.3240E+02    0.0000E+00    0.0000E+00    0.0000E+00    0.0000E+00
    1.3390E+02    0.0000E+00    0.0000E+00    0.0000E+00    0.0000E+00
    1.3660E+02    0.0000E+00    0.0000E+00    0.0000E+00    0.0000E+00
    1.3980E+02    0.0000E+00    0.0000E+00    0.0000E+00    0.0000E+00
    1.4330E+02    0.0000E+00    0.0000E+00    0.0000E+00    0.0000E+00
    1.4720E+02    0.0000E+00    0.0000E+00    0.0000E+00    0.0000E+00
    1.5100E+02    0.0000E+00    0.0000E+00    0.0000E+00    0.0000E+00
    1.5520E+02    0.0000E+00    0.0000E+00    0.0000E+00    0.0000E+00
    1.5880E+02    0.0000E+00    0.0000E+00    0.0000E+00    0.0000E+00
    1.6200E+02    0.0000E+00    0.0000E+00    0.0000E+00    0.0000E+00
    1.6600E+02    0.0000E+00    0.0000E+00    0.0000E+00    0.0000E+00
    1.7030E+02    0.0000E+00    0.0000E+00    0.0000E+00    0.0000E+00
    1.7340E+02    0.0000E+00    0.0000E+00    0.0000E+00    0.0000E+00
    1.7680E+02    0.0000E+00    0.0000E+00    0.0000E+00    0.0000E+00
    1.8020E+02    0.0000E+00    0.0000E+00    0.0000E+00    0.0000E+00
    1.8170E+02    0.0000E+00    0.0000E+00    0.0000E+00    0.0000E+00
    1.8610E+02    0.0000E+00    0.0000E+00    0.0000E+00    0.0000E+00
    1.9100E+02    0.0000E+00    0.0000E+00    0.0000E+00    0.0000E+00
    1.9390E+02    0.0000E+00    0.0000E+00    0.0000E+00    0.0000E+00
    1.9840E+02    0.0000E+00    0.0000E+00    0.0000E+00    0.0000E+00
    2.0180E+02    0.0000E+00    0.0000E+00    0.0000E+00    0.0000E+00
    2.0500E+02    0.0000E+00    0.0000E+00    0.0000E+00    0.0000E+00
    2.1050E+02    0.0000E+00    0.0000E+00    0.0000E+00    0.0000E+00
    2.1620E+02    0.0000E+00    0.0000E+00    0.0000E+00    0.0000E+00
    2.1980E+02    0.0000E+00    0.0000E+00    0.0000E+00    0.0000E+00
    2.2300E+02    0.0000E+00    0.0000E+00    0.0000E+00    0.0000E+00
    2.2680E+02    0.0000E+00    0.0000E+00    0.0000E+00    0.0000E+00
    2.3000E+02    0.0000E+00    0.0000E+00    0.0000E+00    0.0000E+00
    2.3400E+02    0.0000E+00    0.0000E+00    0.0000E+00    0.0000E+00
    2.4000E+02    0.0000E+00    0.0000E+00    0.0000E+00    0.0000E+00
    2.4650E+02    0.0000E+00    0.0000E+00    0.0000E+00    0.0000E+00
    2.5240E+02    0.0000E+00    0.0000E+00    0.0000E+00    0.0000E+00
    2.5680E+02    0.0000E+00    0.0000E+00    0.0000E+00    0.0000E+00
    2.6000E+02    0.0000E+00    0.0000E+00    0.0000E+00    0.0000E+00
    2.6400E+02    0.0000E+00    0.0000E+00    0.0000E+00    0.0000E+00
    2.6850E+02    0.0000E+00    0.0000E+00    0.0000E+00    0.0000E+00
    2.7350E+02    0.0000E+00    0.0000E+00    0.0000E+00    0.0000E+00
    2.7850E+02    0.0000E+00    0.0000E+00    0.0000E+00    0.0000E+00
    2.8400E+02    0.0000E+00    0.0000E+00    0.0000E+00    0.0000E+00
    2.9000E+02    0.0000E+00    0.0000E+00    0.0000E+00    0.0000E+00
    2.9600E+02    0.0000E+00    0.0000E+00    0.0000E+00    0.0000E+00
    3.0100E+02    0.0000E+00    0.0000E+00    0.0000E+00    0.0000E+00
    3.0800E+02    0.0000E+00    0.0000E+00    0.0000E+00    0.0000E+00
    3.1800E+02    0.0000E+00    0.0000E+00    0.0000E+00    0.0000E+00
    3.2800E+02    0.0000E+00    0.0000E+00    0.0000E+00    0.0000E+00
    3.3800E+02    0.0000E+00    0.0000E+00    0.0000E+00    0.0000E+00
    3.4800E+02    0.0000E+00    0.0000E+00    0.0000E+00    0.0000E+00
    3.5700E+02    0.0000E+00    0.0000E+00    0.0000E+00    0.0000E+00
    3.6600E+02    0.0000E+00    0.0000E+00    0.0000E+00    0.0000E+00
    3.7500E+02    0.0000E+00    0.0000E+00    0.0000E+00    0.0000E+00
    3.8500E+02    0.0000E+00    0.0000E+00    0.0000E+00    0.0000E+00
    3.9500E+02    0.0000E+00    0.0000E+00    0.0000E+00    0.0000E+00
    4.0500E+02    0.0000E+00    0.0000E+00    0.0000E+00    0.0000E+00
    4.1400E+02    0.0000E+00    0.0000E+00    0.0000E+00    0.0000E+00
    4.2200E+02    0.0000E+00    0.0000E+00    0.0000E+00    0.0000E+00
    4.3000E+02    0.0000E+00    0.0000E+00    0.0000E+00    0.0000E+00
    4.4100E+02    0.0000E+00    0.0000E+00    0.0000E+00    0.0000E+00
    4.5100E+02    0.0000E+00    0.0000E+00    0.0000E+00    0.0000E+00
    4.6000E+02    0.0000E+00    0.0000E+00    0.0000E+00    0.0000E+00
    4.7000E+02    0.0000E+00    0.0000E+00    0.0000E+00    0.0000E+00
    4.8000E+02    0.0000E+00    0.0000E+00    0.0000E+00    0.0000E+00
    4.9000E+02    0.0000E+00    0.0000E+00    0.0000E+00    0.0000E+00
    5.0000E+02    0.0000E+00    0.0000E+00    0.0000E+00    0.0000E+00
    5.0600E+02    0.0000E+00    0.0000E+00    0.0000E+00    0.0000E+00
    5.1200E+02    0.0000E+00    0.0000E+00    0.0000E+00    0.0000E+00
    5.2000E+02    0.0000E+00    0.0000E+00    0.0000E+00    0.0000E+00
    5.3000E+02    0.0000E+00    0.0000E+00    0.0000E+00    0.0000E+00
    5.4000E+02    0.0000E+00    0.0000E+00    0.0000E+00    0.0000E+00
    5.5000E+02    0.0000E+00    0.0000E+00    0.0000E+00    0.0000E+00
    5.6000E+02    0.0000E+00    0.0000E+00    0.0000E+00    0.0000E+00
    5.7000E+02    0.0000E+00    0.0000E+00    0.0000E+00    0.0000E+00
    5.8000E+02    0.0000E+00    0.0000E+00    0.0000E+00    0.0000E+00
    5.9000E+02    0.0000E+00    0.0000E+00    0.0000E+00    0.0000E+00
    6.0000E+02    0.0000E+00    0.0000E+00    0.0000E+00    0.0000E+00
    6.1000E+02    0.0000E+00    0.0000E+00    0.0000E+00    0.0000E+00
    6.2000E+02    0.0000E+00    0.0000E+00    0.0000E+00    0.0000E+00
    6.3000E+02    0.0000E+00    0.0000E+00    0.0000E+00    0.0000E+00
    6.4000E+02    0.0000E+00    0.0000E+00    0.0000E+00    0.0000E+00
    6.5000E+02    0.0000E+00    0.0000E+00    0.0000E+00    0.0000E+00
    6.5800E+02    0.0000E+00    0.0000E+00    0.0000E+00    0.0000E+00
    6.6500E+02    0.0000E+00    0.0000E+00    0.0000E+00    0.0000E+00
    6.7500E+02    0.0000E+00    0.0000E+00    0.0000E+00    0.0000E+00
    6.8500E+02    0.0000E+00    0.0000E+00    0.0000E+00    0.0000E+00
    6.9500E+02    0.0000E+00    0.0000E+00    0.0000E+00    0.0000E+00
    7.0500E+02    0.0000E+00    0.0000E+00    0.0000E+00    0.0000E+00
    7.1600E+02    0.0000E+00    0.0000E+00    0.0000E+00    0.0000E+00
    7.2600E+02    0.0000E+00    0.0000E+00    0.0000E+00    0.0000E+00
    7.3500E+02    0.0000E+00    0.0000E+00    0.0000E+00    0.0000E+00
    7.4500E+02    0.0000E+00    0.0000E+00    0.0000E+00    0.0000E+00
    7.5500E+02    0.0000E+00    0.0000E+00    0.0000E+00    0.0000E+00
    7.6500E+02    0.0000E+00    0.0000E+00    0.0000E+00    0.0000E+00
    7.7500E+02    0.0000E+00    0.0000E+00    0.0000E+00    0.0000E+00
    7.8500E+02    0.0000E+00    0.0000E+00    0.0000E+00    0.0000E+00
    7.9500E+02    0.0000E+00    0.0000E+00    0.0000E+00    0.0000E+00
    8.0500E+02    0.0000E+00    0.0000E+00    0.0000E+00    0.0000E+00
    8.1500E+02    0.0000E+00    0.0000E+00    0.0000E+00    0.0000E+00
    8.2500E+02    0.0000E+00    0.0000E+00    0.0000E+00    0.0000E+00
    8.3500E+02    0.0000E+00    0.0000E+00    0.0000E+00    0.0000E+00
    8.4500E+02    0.0000E+00    0.0000E+00    0.0000E+00    0.0000E+00
    8.5500E+02    0.0000E+00    0.0000E+00    0.0000E+00    0.0000E+00
    8.6500E+02    0.0000E+00    0.0000E+00    0.0000E+00    0.0000E+00
    8.7500E+02    0.0000E+00    0.0000E+00    0.0000E+00    0.0000E+00
    8.8500E+02    0.0000E+00    0.0000E+00    0.0000E+00    0.0000E+00
    8.9500E+02    0.0000E+00    0.0000E+00    0.0000E+00    0.0000E+00
    9.0500E+02    0.0000E+00    0.0000E+00    0.0000E+00    0.0000E+00
    9.1500E+02    6.3206E+20    9.3659E+19    3.9931E+16    2.4103E+14
    9.2500E+02    9.0714E+20    2.0708E+20    1.2691E+17    6.7259E+14
    9.3500E+02    1.0713E+21    3.1318E+20    4.7987E+17    1.0899E+15
    9.4500E+02    1.1407E+21    3.7281E+20    2.2815E+18    3.6406E+15
    9.5500E+02    1.1612E+21    3.9553E+20    4.6421E+18    3.8012E+16
    9.6500E+02    1.1848E+21    4.2050E+20    8.8814E+18    6.9283E+16
    9.7500E+02    1.0730E+21    3.2364E+20    1.0607E+18    1.0269E+16
    9.8500E+02    1.1929E+21    4.3827E+20    1.6469E+19    4.9542E+17
    9.9500E+02    1.1853E+21    4.3865E+20    2.0667E+19    1.1684E+18
    1.0050E+03    1.1872E+21    4.4374E+20    2.0206E+19    1.0157E+18
    1.0150E+03    1.1647E+21    4.2794E+20    1.4223E+19    2.6858E+17
    1.0250E+03    7.2111E+20    1.6304E+20    3.1307E+17    4.7817E+15
    1.0350E+03    1.1436E+21    4.1898E+20    1.2047E+19    1.9944E+17
    1.0450E+03    1.1561E+21    4.3599E+20    2.0142E+19    1.1035E+18
    1.0550E+03    1.1539E+21    4.3933E+20    2.2673E+19    1.7924E+18
    1.0650E+03    1.1473E+21    4.3836E+20    2.3156E+19    2.1455E+18
    1.0750E+03    1.1398E+21    4.3652E+20    2.3378E+19    2.3359E+18
    1.0850E+03    3.1573E+20    1.1054E+20    1.8597E+19    2.4224E+18
    1.0950E+03    1.1244E+21    4.3230E+20    2.3490E+19    2.5023E+18
    1.1050E+03    1.1168E+21    4.3007E+20    2.3452E+19    2.5273E+18
    1.1150E+03    1.1091E+21    4.2780E+20    2.3422E+19    2.5411E+18
    1.1250E+03    1.1013E+21    4.2545E+20    2.3334E+19    2.5255E+18
    1.1350E+03    1.0937E+21    4.2310E+20    2.3273E+19    2.5147E+18
    1.1450E+03    1.0860E+21    4.2069E+20    2.3153E+19    2.4679E+18
    1.1550E+03    1.0784E+21    4.1829E+20    2.3031E+19    2.3886E+18
    1.1650E+03    1.0705E+21    4.1552E+20    2.2721E+19    2.2596E+18
    1.1750E+03    1.0625E+21    4.1242E+20    2.2193E+19    2.0393E+18
    1.1850E+03    1.0540E+21    4.0901E+20    2.1515E+19    1.6773E+18
    1.1950E+03    1.0433E+21    4.0338E+20    1.9608E+19    1.0221E+18
    1.2050E+03    1.0234E+21    3.8888E+20    1.3648E+19    2.3646E+17
    1.2150E+03    6.2961E+20    1.6520E+20    6.2279E+17    1.5476E+16
    1.2250E+03    1.0392E+21    3.8257E+20    1.2038E+19    1.7733E+17
    1.2350E+03    1.0787E+21    3.9626E+20    1.9064E+19    9.3898E+17
    1.2450E+03    1.1028E+21    3.9873E+20    2.1069E+19    1.6622E+18
    1.2550E+03    1.1216E+21    3.9879E+20    2.1827E+19    2.1007E+18
    1.2650E+03    1.1372E+21    3.9800E+20    2.2167E+19    2.3398E+18
    1.2750E+03    1.1502E+21    3.9692E+20    2.2383E+19    2.5145E+18
    1.2850E+03    1.1613E+21    3.9561E+20    2.2503E+19    2.6283E+18
    1.2950E+03    1.1706E+21    3.9411E+20    2.2522E+19    2.7068E+18
    1.3050E+03    1.1783E+21    3.9251E+20    2.2533E+19    2.7643E+18
    1.3150E+03    1.1847E+21    3.9083E+20    2.2553E+19    2.8258E+18
    1.3250E+03    1.1899E+21    3.8909E+20    2.2540E+19    2.8679E+18
    1.3350E+03    1.1941E+21    3.8722E+20    2.2403E+19    2.8627E+18
    1.3450E+03    1.1974E+21    3.8548E+20    2.2498E+19    2.9323E+18
    1.3550E+03    1.1999E+21    3.8364E+20    2.2468E+19    2.9574E+18
    1.3650E+03    1.2016E+21    3.8176E+20    2.2438E+19    2.9830E+18
    1.3750E+03    1.2027E+21    3.7985E+20    2.2404E+19    3.0036E+18
    1.3850E+03    1.2032E+21    3.7790E+20    2.2366E+19    3.0217E+18
    1.3950E+03    1.2031E+21    3.7594E+20    2.2326E+19    3.0388E+18
    1.4050E+03    1.2026E+21    3.7396E+20    2.2284E+19    3.0521E+18
    1.4150E+03    1.2017E+21    3.7206E+20    2.2249E+19    3.0715E+18
    1.4250E+03    1.2005E+21    3.7009E+20    2.2206E+19    3.0824E+18
    1.4350E+03    1.1988E+21    3.6811E+20    2.2165E+19    3.0965E+18
    1.4420E+03    1.1975E+21    3.6672E+20    2.2136E+19    3.1053E+18
    1.4470E+03    1.1965E+21    3.6574E+20    2.2111E+19    3.1070E+18
    1.4550E+03    1.1947E+21    3.6415E+20    2.2081E+19    3.1217E+18
    1.4650E+03    1.1923E+21    3.6217E+20    2.2031E+19    3.1253E+18
    1.4750E+03    1.1897E+21    3.6021E+20    2.1993E+19    3.1418E+18
    1.4850E+03    1.1869E+21    3.5822E+20    2.1948E+19    3.1497E+18
    1.4950E+03    1.1839E+21    3.5625E+20    2.1904E+19    3.1597E+18
    1.5050E+03    1.1808E+21    3.5428E+20    2.1862E+19    3.1700E+18
    1.5120E+03    1.1785E+21    3.5290E+20    2.1832E+19    3.1781E+18
    1.5170E+03    1.1769E+21    3.5192E+20    2.1802E+19    3.1742E+18
    1.5250E+03    1.1742E+21    3.5036E+20    2.1773E+19    3.1876E+18
    1.5350E+03    1.1707E+21    3.4841E+20    2.1730E+19    3.1967E+18
    1.5450E+03    1.1671E+21    3.4643E+20    2.1685E+19    3.2040E+18
    1.5550E+03    1.1635E+21    3.4450E+20    2.1650E+19    3.2211E+18
    1.5650E+03    1.1599E+21    3.4263E+20    2.1600E+19    3.2225E+18
    1.5750E+03    1.1562E+21    3.4072E+20    2.1564E+19    3.2383E+18
    1.5850E+03    1.1525E+21    3.3882E+20    2.1520E+19    3.2453E+18
    1.5950E+03    1.1487E+21    3.3692E+20    2.1478E+19    3.2548E+18
    1.6050E+03    1.1449E+21    3.3502E+20    2.1423E+19    3.2507E+18
    1.6150E+03    1.1410E+21    3.3315E+20    2.1388E+19    3.2663E+18
    1.6250E+03    1.1372E+21    3.3126E+20    2.1347E+19    3.2759E+18
    1.6350E+03    1.1322E+21    3.2871E+20    2.1302E+19    3.2820E+18
    1.6450E+03    1.1274E+21    3.2614E+20    2.1263E+19    3.3004E+18
    1.6550E+03    1.1257E+21    3.2575E+20    2.1218E+19    3.2985E+18
    1.6650E+03    1.1219E+21    3.2400E+20    2.1193E+19    3.3236E+18
    1.6720E+03    1.1192E+21    3.2272E+20    2.1138E+19    3.3097E+18
    1.6770E+03    1.1174E+21    3.2185E+20    2.1145E+19    3.3347E+18
    1.6850E+03    1.1144E+21    3.2043E+20    2.1110E+19    3.3389E+18
    1.6950E+03    1.1106E+21    3.1865E+20    2.1069E+19    3.3471E+18
    1.7050E+03    1.1069E+21    3.1689E+20    2.1025E+19    3.3527E+18
    1.7150E+03    1.1032E+21    3.1515E+20    2.0983E+19    3.3586E+18
    1.7250E+03    1.0995E+21    3.1341E+20    2.0939E+19    3.3635E+18
    1.7350E+03    1.0959E+21    3.1170E+20    2.0897E+19    3.3693E+18
    1.7450E+03    1.0923E+21    3.0998E+20    2.0853E+19    3.3737E+18
    1.7550E+03    1.0887E+21    3.0828E+20    2.0810E+19    3.3788E+18
    1.7650E+03    1.0852E+21    3.0660E+20    2.0766E+19    3.3832E+18
    1.7750E+03    1.0817E+21    3.0493E+20    2.0724E+19    3.3882E+18
    1.7850E+03    1.0783E+21    3.0328E+20    2.0681E+19    3.3923E+18
    1.7950E+03    1.0749E+21    3.0164E+20    2.0638E+19    3.3973E+18
    1.8050E+03    1.0716E+21    3.0002E+20    2.0604E+19    3.4107E+18
    1.8150E+03    1.0682E+21    2.9840E+20    2.0561E+19    3.4150E+18
    1.8250E+03    1.0650E+21    2.9680E+20    2.0519E+19    3.4192E+18
    1.8350E+03    1.0618E+21    2.9521E+20    2.0478E+19    3.4240E+18
    1.8450E+03    1.0587E+21    2.9364E+20    2.0436E+19    3.4284E+18
    1.8550E+03    1.0556E+21    2.9208E+20    2.0393E+19    3.4327E+18
    1.8650E+03    1.0525E+21    2.9053E+20    2.0353E+19    3.4374E+18
    1.8750E+03    1.0495E+21    2.8898E+20    2.0312E+19    3.4422E+18
    1.8850E+03    1.0466E+21    2.8748E+20    2.0272E+19    3.4468E+18
    1.8950E+03    1.0437E+21    2.8596E+20    2.0231E+19    3.4513E+18
    1.9050E+03    1.0408E+21    2.8447E+20    2.0191E+19    3.4558E+18
    1.9150E+03    1.0381E+21    2.8299E+20    2.0150E+19    3.4602E+18
    1.9250E+03    1.0353E+21    2.8152E+20    2.0110E+19    3.4648E+18
    1.9350E+03    1.0326E+21    2.8006E+20    2.0069E+19    3.4685E+18
    1.9450E+03    1.0300E+21    2.7862E+20    2.0030E+19    3.4738E+18
    1.9550E+03    1.0275E+21    2.7719E+20    1.9991E+19    3.4782E+18
    1.9670E+03    1.0244E+21    2.7548E+20    1.9944E+19    3.4837E+18
    1.9760E+03    1.0222E+21    2.7421E+20    1.9908E+19    3.4877E+18
    1.9840E+03    1.0203E+21    2.7311E+20    1.9878E+19    3.4912E+18
    1.9950E+03    1.0177E+21    2.7158E+20    1.9835E+19    3.4962E+18
    2.0050E+03    1.0154E+21    2.7021E+20    1.9797E+19    3.5007E+18
    2.0150E+03    1.0132E+21    2.6886E+20    1.9758E+19    3.5051E+18
    2.0250E+03    1.0110E+21    2.6752E+20    1.9720E+19    3.5096E+18
    2.0350E+03    1.0089E+21    2.6619E+20    1.9683E+19    3.5142E+18
    2.0450E+03    1.0068E+21    2.6486E+20    1.9644E+19    3.5188E+18
    2.0550E+03    1.0159E+21    2.6605E+20    1.9606E+19    3.5230E+18
    2.0650E+03    1.0142E+21    2.6514E+20    1.9569E+19    3.5276E+18
    2.0740E+03    1.0133E+21    2.6422E+20    1.9536E+19    3.5319E+18
    2.0780E+03    1.0126E+21    2.6369E+20    1.9520E+19    3.5336E+18
    2.0850E+03    1.0113E+21    2.6276E+20    1.9494E+19    3.5369E+18
    2.0950E+03    1.0067E+21    2.6101E+20    1.9457E+19    3.5414E+18
    2.1050E+03    1.0011E+21    2.5882E+20    1.9420E+19    3.5459E+18
    2.1150E+03    9.9539E+20    2.5644E+20    1.9384E+19    3.5505E+18
    2.1250E+03    9.7782E+20    2.5285E+20    1.9347E+19    3.5550E+18
    2.1350E+03    9.8271E+20    2.5170E+20    1.9310E+19    3.5596E+18
    2.1450E+03    9.9863E+20    2.5441E+20    1.9274E+19    3.5643E+18
    2.1550E+03    9.9837E+20    2.5355E+20    1.9238E+19    3.5688E+18
    2.1650E+03    9.6840E+20    2.4561E+20    1.9202E+19    3.5731E+18
    2.1750E+03    9.9601E+20    2.5143E+20    1.9166E+19    3.5779E+18
    2.1850E+03    9.8616E+20    2.4780E+20    1.9131E+19    3.5827E+18
    2.1950E+03    9.9304E+20    2.4898E+20    1.9095E+19    3.5874E+18
    2.2050E+03    9.9197E+20    2.4788E+20    1.9060E+19    3.5918E+18
    2.2150E+03    9.1930E+20    2.3197E+20    1.9025E+19    3.5962E+18
    2.2250E+03    9.8941E+20    2.4555E+20    1.8990E+19    3.6009E+18
    2.2350E+03    9.8837E+20    2.4441E+20    1.8956E+19    3.6060E+18
    2.2450E+03    9.8700E+20    2.4322E+20    1.8921E+19    3.6107E+18
    2.2550E+03    9.6637E+20    2.3687E+20    1.8886E+19    3.6152E+18
    2.2650E+03    9.8511E+20    2.4103E+20    1.8852E+19    3.6197E+18
    2.2750E+03    9.8417E+20    2.3993E+20    1.8818E+19    3.6245E+18
    2.2850E+03    9.8323E+20    2.3884E+20    1.8784E+19    3.6295E+18
    2.2950E+03    9.8230E+20    2.3775E+20    1.8750E+19    3.6340E+18
    2.3050E+03    9.7036E+20    2.3350E+20    1.8717E+19    3.6391E+18
    2.3150E+03    9.8037E+20    2.3555E+20    1.8683E+19    3.6438E+18
    2.3250E+03    9.7992E+20    2.3455E+20    1.8623E+19    3.6365E+18
    2.3350E+03    9.7925E+20    2.3353E+20    1.8614E+19    3.6510E+18
    2.3450E+03    9.7857E+20    2.3249E+20    1.8577E+19    3.6522E+18
    2.3550E+03    9.7797E+20    2.3148E+20    1.8550E+19    3.6624E+18
    2.3650E+03    9.7738E+20    2.3046E+20    1.8514E+19    3.6634E+18
    2.3750E+03    9.7674E+20    2.2942E+20    1.8484E+19    3.6711E+18
    2.3850E+03    9.4911E+20    2.2175E+20    1.8446E+19    3.6702E+18
    2.3950E+03    9.7571E+20    2.2742E+20    1.8415E+19    3.6770E+18
    2.4050E+03    9.7553E+20    2.2650E+20    1.8384E+19    3.6826E+18
    2.4150E+03    9.7521E+20    2.2554E+20    1.8353E+19    3.6882E+18
    2.4250E+03    9.7491E+20    2.2460E+20    1.8325E+19    3.6971E+18
    2.4350E+03    9.7463E+20    2.2364E+20    1.8293E+19    3.7018E+18
    2.4450E+03    9.7441E+20    2.2271E+20    1.8262E+19    3.7065E+18
    2.4550E+03    9.7423E+20    2.2178E+20    1.8231E+19    3.7118E+18
    2.4650E+03    9.7409E+20    2.2087E+20    1.8200E+19    3.7165E+18
    2.4750E+03    9.7398E+20    2.1996E+20    1.8169E+19    3.7215E+18
    2.4850E+03    9.7391E+20    2.1905E+20    1.8137E+19    3.7260E+18
    2.4950E+03    9.7383E+20    2.1813E+20    1.8106E+19    3.7305E+18
    2.5050E+03    9.7337E+20    2.1716E+20    1.8077E+19    3.7364E+18
    2.5130E+03    9.4257E+20    2.0974E+20    1.8052E+19    3.7397E+18
    2.5180E+03    9.7326E+20    2.1598E+20    1.8037E+19    3.7423E+18
    2.5250E+03    9.7389E+20    2.1551E+20    1.8015E+19    3.7457E+18
    2.5350E+03    9.7409E+20    2.1467E+20    1.7985E+19    3.7506E+18
    2.5450E+03    9.7428E+20    2.1383E+20    1.7957E+19    3.7565E+18
    2.5550E+03    9.7447E+20    2.1298E+20    1.7927E+19    3.7620E+18
    2.5650E+03    9.7473E+20    2.1215E+20    1.7897E+19    3.7660E+18
    2.5750E+03    9.7500E+20    2.1132E+20    1.7868E+19    3.7719E+18
    2.5850E+03    9.7531E+20    2.1050E+20    1.7839E+19    3.7766E+18
    2.5950E+03    9.7566E+20    2.0969E+20    1.7809E+19    3.7813E+18
    2.6050E+03    9.7642E+20    2.0944E+20    1.7840E+19    3.7825E+18
    2.6150E+03    9.7683E+20    2.0864E+20    1.7810E+19    3.7895E+18
    2.6250E+03    9.7728E+20    2.0784E+20    1.7784E+19    3.7961E+18
    2.6350E+03    9.7776E+20    2.0705E+20    1.7752E+19    3.8005E+18
    2.6450E+03    9.7828E+20    2.0628E+20    1.7733E+19    3.8096E+18
    2.6550E+03    9.7884E+20    2.0551E+20    1.7702E+19    3.8146E+18
    2.6650E+03    9.7942E+20    2.0475E+20    1.7671E+19    3.8195E+18
    2.6750E+03    9.8004E+20    2.0399E+20    1.7640E+19    3.8246E+18
    2.6850E+03    9.8069E+20    2.0325E+20    1.7624E+19    3.8306E+18
    2.6950E+03    9.8136E+20    2.0249E+20    1.7579E+19    3.8347E+18
    2.7050E+03    9.8208E+20    2.0177E+20    1.7566E+19    3.8409E+18
    2.7150E+03    9.8278E+20    2.0103E+20    1.7537E+19    3.8458E+18
    2.7250E+03    9.8334E+20    2.0026E+20    1.7489E+19    3.8494E+18
    2.7350E+03    9.5226E+20    1.9327E+20    1.7480E+19    3.8558E+18
    2.7450E+03    9.8509E+20    1.9886E+20    1.7447E+19    3.8571E+18
    2.7550E+03    9.8608E+20    1.9819E+20    1.7419E+19    3.8621E+18
    2.7650E+03    9.8699E+20    1.9748E+20    1.7374E+19    3.8697E+18
    2.7750E+03    9.8792E+20    1.9681E+20    1.7368E+19    3.8767E+18
    2.7850E+03    9.8888E+20    1.9614E+20    1.7340E+19    3.8817E+18
    2.7950E+03    9.8985E+20    1.9544E+20    1.7293E+19    3.8681E+18
    2.8050E+03    9.9086E+20    1.9478E+20    1.7272E+19    3.8791E+18
    2.8150E+03    9.9192E+20    1.9413E+20    1.7258E+19    3.8970E+18
    2.8250E+03    9.9296E+20    1.9345E+20    1.7210E+19    3.9004E+18
    2.8350E+03    9.9407E+20    1.9282E+20    1.7198E+19    3.9067E+18
    2.8450E+03    9.9519E+20    1.9219E+20    1.7176E+19    3.9120E+18
    2.8550E+03    9.9634E+20    1.9155E+20    1.7149E+19    3.9164E+18
    2.8650E+03    9.9752E+20    1.9092E+20    1.7123E+19    3.9219E+18
    2.8750E+03    9.9871E+20    1.9029E+20    1.7096E+19    3.9269E+18
    2.8850E+03    9.9994E+20    1.8968E+20    1.7069E+19    3.9318E+18
    2.8950E+03    1.0012E+21    1.8906E+20    1.7043E+19    3.9369E+18
    2.9100E+03    1.0031E+21    1.8816E+20    1.7003E+19    3.9443E+18
    2.9300E+03    1.0058E+21    1.8697E+20    1.6951E+19    3.9539E+18
    2.9500E+03    1.0085E+21    1.8578E+20    1.6884E+19    3.9626E+18
    2.9700E+03    1.0114E+21    1.8465E+20    1.6847E+19    3.9734E+18
    2.9900E+03    1.0143E+21    1.8353E+20    1.6796E+19    3.9829E+18
    3.0100E+03    1.0173E+21    1.8243E+20    1.6746E+19    3.9925E+18
    3.0300E+03    1.0205E+21    1.8135E+20    1.6695E+19    4.0019E+18
    3.0500E+03    1.0237E+21    1.8029E+20    1.6645E+19    4.0113E+18
    3.0700E+03    1.0269E+21    1.7925E+20    1.6596E+19    4.0206E+18
    3.0900E+03    1.0303E+21    1.7823E+20    1.6547E+19    4.0297E+18
    3.1100E+03    1.0338E+21    1.7723E+20    1.6498E+19    4.0388E+18
    3.1300E+03    1.0374E+21    1.7635E+20    1.6457E+19    4.0479E+18
    3.1500E+03    1.0410E+21    1.7538E+20    1.6408E+19    4.0568E+18
    3.1700E+03    1.0446E+21    1.7443E+20    1.6360E+19    4.0657E+18
    3.1900E+03    1.0480E+21    1.7321E+20    1.6276E+19    4.0734E+18
    3.2100E+03    1.0514E+21    1.7247E+20    1.6265E+19    4.0833E+18
    3.2300E+03    1.0561E+21    1.7170E+20    1.6218E+19    4.0919E+18
    3.2500E+03    1.0601E+21    1.7083E+20    1.6171E+19    4.1005E+18
    3.2700E+03    1.0641E+21    1.6997E+20    1.6126E+19    4.1090E+18
    3.2900E+03    1.0682E+21    1.6912E+20    1.6078E+19    4.1172E+18
    3.3100E+03    1.0723E+21    1.6829E+20    1.6034E+19    4.1255E+18
    3.3300E+03    1.0765E+21    1.6748E+20    1.5988E+19    4.1336E+18
    3.3500E+03    1.0808E+21    1.6669E+20    1.5940E+19    4.1414E+18
    3.3700E+03    1.0851E+21    1.6591E+20    1.5897E+19    4.1493E+18
    3.3900E+03    1.0895E+21    1.6514E+20    1.5853E+19    4.1571E+18
    3.4100E+03    1.0939E+21    1.6439E+20    1.5808E+19    4.1647E+18
    3.4300E+03    1.0990E+21    1.6447E+20    1.5799E+19    4.1724E+18
    3.4500E+03    1.1035E+21    1.6374E+20    1.5752E+19    4.1795E+18
    3.4700E+03    1.1081E+21    1.6303E+20    1.5717E+19    4.1869E+18
    3.4900E+03    1.1127E+21    1.6232E+20    1.5673E+19    4.1940E+18
    3.5100E+03    1.1174E+21    1.6163E+20    1.5631E+19    4.2011E+18
    3.5300E+03    1.1221E+21    1.6095E+20    1.5586E+19    4.2079E+18
    3.5500E+03    1.1269E+21    1.6029E+20    1.5542E+19    4.2147E+18
    3.5700E+03    1.1317E+21    1.5964E+20    1.5503E+19    4.2215E+18
    3.5900E+03    1.1366E+21    1.5899E+20    1.5453E+19    4.2278E+18
    3.6100E+03    1.1415E+21    1.5836E+20    1.5411E+19    4.2343E+18
    3.6300E+03    1.1464E+21    1.5774E+20    1.5365E+19    4.2404E+18
    3.6400E+03    1.1489E+21    1.5743E+20    1.5351E+19    4.2438E+18
    3.6500E+03    5.4548E+20    1.3065E+20    1.5376E+19    4.3055E+18
    3.6700E+03    5.4373E+20    1.2985E+20    1.5383E+19    4.2684E+18
    3.6900E+03    5.4560E+20    1.3233E+20    1.5593E+19    3.9795E+18
    3.7100E+03    5.4947E+20    1.3581E+20    1.6300E+19    4.0936E+18
    3.7300E+03    5.5098E+20    1.3709E+20    1.6583E+19    4.1753E+18
    3.7500E+03    5.4919E+20    1.3577E+20    1.7463E+19    5.0263E+18
    3.7700E+03    5.4466E+20    1.3174E+20    1.6991E+19    5.2460E+18
    3.7900E+03    5.4141E+20    1.2929E+20    1.7906E+19    6.1952E+18
    3.8100E+03    5.3863E+20    1.2747E+20    1.9000E+19    7.1784E+18
    3.8300E+03    5.3246E+20    1.2286E+20    1.6763E+19    5.9479E+18
    3.8500E+03    5.2197E+20    1.1718E+20    1.9300E+19    8.0060E+18
    3.8700E+03    5.5744E+20    1.4582E+20    2.5107E+19    8.9883E+18
    3.8900E+03    4.7366E+20    9.1328E+19    1.3862E+19    5.3553E+18
    3.9100E+03    5.5526E+20    1.4420E+20    2.5124E+19    9.0993E+18
    3.9300E+03    5.5512E+20    1.4539E+20    2.6234E+19    9.8791E+18
    3.9500E+03    5.5315E+20    1.4265E+20    2.5021E+19    9.1324E+18
    3.9700E+03    4.8813E+20    9.9547E+19    1.4580E+19    5.3462E+18
    3.9900E+03    5.4989E+20    1.4002E+20    2.4352E+19    8.8437E+18
    4.0100E+03    5.5204E+20    1.4222E+20    2.5907E+19    9.8859E+18
    4.0300E+03    5.4751E+20    1.4100E+20    2.5842E+19    9.9478E+18
    4.0500E+03    5.5024E+20    1.4082E+20    2.5890E+19    9.9402E+18
    4.0700E+03    5.4819E+20    1.3901E+20    2.5260E+19    9.6060E+18
    4.0900E+03    5.3968E+20    1.3162E+20    2.1638E+19    7.5483E+18
    4.1100E+03    5.2806E+20    1.2186E+20    1.8020E+19    6.0057E+18
    4.1300E+03    5.4433E+20    1.3573E+20    2.4499E+19    9.2779E+18
    4.1500E+03    5.4472E+20    1.3612E+20    2.5077E+19    9.7178E+18
    4.1700E+03    5.4413E+20    1.3563E+20    2.5146E+19    9.7963E+18
    4.1900E+03    5.4303E+20    1.3477E+20    2.5066E+19    9.7916E+18
    4.2100E+03    5.4191E+20    1.3387E+20    2.4941E+19    9.7629E+18
    4.2300E+03    5.4138E+20    1.3312E+20    2.4801E+19    9.7205E+18
    4.2500E+03    5.4044E+20    1.3223E+20    2.4639E+19    9.6665E+18
    4.2700E+03    5.3949E+20    1.3131E+20    2.4447E+19    9.5942E+18
    4.2900E+03    5.3840E+20    1.3027E+20    2.4184E+19    9.4639E+18
    4.3100E+03    5.3661E+20    1.2856E+20    2.3536E+19    9.0788E+18
    4.3300E+03    5.2756E+20    1.2039E+20    1.9654E+19    6.9411E+18
    4.3500E+03    5.2141E+20    1.1517E+20    1.7613E+19    6.0727E+18
    4.3700E+03    5.3398E+20    1.2591E+20    2.2996E+19    8.8618E+18
    4.3900E+03    5.3445E+20    1.2620E+20    2.3426E+19    9.2390E+18
    4.4100E+03    5.3410E+20    1.2577E+20    2.3533E+19    9.3259E+18
    4.4300E+03    5.3350E+20    1.2509E+20    2.3446E+19    9.3213E+18
    4.4500E+03    5.3291E+20    1.2441E+20    2.3366E+19    9.3080E+18
    4.4700E+03    5.2984E+20    1.2088E+20    2.2551E+19    9.2083E+18
    4.4900E+03    5.3169E+20    1.2298E+20    2.3128E+19    9.2433E+18
    4.5100E+03    5.3110E+20    1.2226E+20    2.3010E+19    9.2080E+18
    4.5300E+03    5.3037E+20    1.2152E+20    2.2889E+19    9.1723E+18
    4.5500E+03    5.2924E+20    1.2071E+20    2.2768E+19    9.1358E+18
    4.5700E+03    5.2943E+20    1.2015E+20    2.2648E+19    9.0988E+18
    4.5900E+03    5.2891E+20    1.1946E+20    2.2528E+19    9.0620E+18
    4.6100E+03    5.2840E+20    1.1877E+20    2.2410E+19    9.0254E+18
    4.6300E+03    5.2792E+20    1.1810E+20    2.2292E+19    8.9890E+18
    4.6500E+03    5.2745E+20    1.1743E+20    2.2174E+19    8.9519E+18
    4.6700E+03    5.2692E+20    1.1675E+20    2.2058E+19    8.9146E+18
    4.6900E+03    5.2199E+20    1.1538E+20    2.1941E+19    8.8770E+18
    4.7100E+03    5.2604E+20    1.1537E+20    2.1755E+19    8.8221E+18
    4.7300E+03    5.2574E+20    1.1481E+20    2.1706E+19    8.7983E+18
    4.7500E+03    5.2532E+20    1.1414E+20    2.1580E+19    8.7523E+18
    4.7700E+03    5.2491E+20    1.1347E+20    2.1439E+19    8.6960E+18
    4.7900E+03    5.2447E+20    1.1277E+20    2.1273E+19    8.6259E+18
    4.8100E+03    5.2390E+20    1.1193E+20    2.1037E+19    8.5011E+18
    4.8300E+03    5.2270E+20    1.1053E+20    2.0476E+19    8.1561E+18
    4.8500E+03    5.1587E+20    1.0422E+20    1.7545E+19    6.5335E+18
    4.8700E+03    5.0733E+20    9.7821E+19    1.5205E+19    5.4949E+18
    4.8900E+03    5.2129E+20    1.0824E+20    1.9885E+19    7.8879E+18
    4.9100E+03    5.2238E+20    1.0889E+20    2.0461E+19    8.3050E+18
    4.9300E+03    5.2238E+20    1.0854E+20    2.0429E+19    8.3650E+18
    4.9500E+03    5.2232E+20    1.0815E+20    2.0480E+19    8.3950E+18
    4.9700E+03    5.2217E+20    1.0764E+20    2.0409E+19    8.3852E+18
    4.9900E+03    5.2200E+20    1.0712E+20    2.0321E+19    8.3627E+18
    5.0100E+03    5.2177E+20    1.0653E+20    2.0167E+19    8.3200E+18
    5.0300E+03    5.2165E+20    1.0605E+20    2.0130E+19    8.3064E+18
    5.0500E+03    5.2112E+20    1.0509E+20    1.9950E+19    8.2724E+18
    5.0700E+03    5.2134E+20    1.0498E+20    1.9934E+19    8.2447E+18
    5.0900E+03    5.2120E+20    1.0446E+20    1.9836E+19    8.2132E+18
    5.1100E+03    5.2108E+20    1.0394E+20    1.9739E+19    8.1818E+18
    5.1300E+03    5.2096E+20    1.0342E+20    1.9643E+19    8.1506E+18
    5.1500E+03    5.2086E+20    1.0291E+20    1.9547E+19    8.1196E+18
    5.1700E+03    5.2077E+20    1.0241E+20    1.9452E+19    8.0888E+18
    5.1900E+03    5.2069E+20    1.0191E+20    1.9358E+19    8.0582E+18
    5.2100E+03    5.2062E+20    1.0142E+20    1.9265E+19    8.0277E+18
    5.2300E+03    5.2056E+20    1.0093E+20    1.9172E+19    7.9974E+18
    5.2500E+03    5.2051E+20    1.0045E+20    1.9080E+19    7.9673E+18
    5.2700E+03    5.2047E+20    9.9971E+19    1.8989E+19    7.9373E+18
    5.2900E+03    5.2044E+20    9.9497E+19    1.8898E+19    7.9076E+18
    5.3100E+03    5.2043E+20    9.9030E+19    1.8809E+19    7.8780E+18
    5.3300E+03    5.2042E+20    9.8566E+19    1.8719E+19    7.8486E+18
    5.3500E+03    5.2043E+20    9.8108E+19    1.8631E+19    7.8194E+18
    5.3700E+03    5.2044E+20    9.7653E+19    1.8543E+19    7.7903E+18
    5.3900E+03    5.2043E+20    9.7202E+19    1.8456E+19    7.7614E+18
    5.4100E+03    5.1714E+20    9.6232E+19    1.8369E+19    7.7327E+18
    5.4300E+03    5.2045E+20    9.6308E+19    1.8283E+19    7.7041E+18
    5.4500E+03    5.2058E+20    9.5882E+19    1.8198E+19    7.6757E+18
    5.4700E+03    5.2064E+20    9.5449E+19    1.8113E+19    7.6475E+18
    5.4900E+03    5.2071E+20    9.5022E+19    1.8029E+19    7.6194E+18
    5.5100E+03    5.2078E+20    9.4598E+19    1.7945E+19    7.5914E+18
    5.5300E+03    5.2087E+20    9.4180E+19    1.7863E+19    7.5637E+18
    5.5500E+03    5.2096E+20    9.3763E+19    1.7780E+19    7.5361E+18
    5.5700E+03    5.2106E+20    9.3354E+19    1.7699E+19    7.5087E+18
    5.5900E+03    5.2117E+20    9.2948E+19    1.7618E+19    7.4814E+18
    5.6100E+03    5.2129E+20    9.2545E+19    1.7537E+19    7.4542E+18
    5.6300E+03    5.2141E+20    9.2146E+19    1.7458E+19    7.4273E+18
    5.6500E+03    5.2154E+20    9.1752E+19    1.7378E+19    7.4004E+18
    5.6700E+03    5.2168E+20    9.1360E+19    1.7299E+19    7.3737E+18
    5.6900E+03    5.2181E+20    9.0968E+19    1.7221E+19    7.3472E+18
    5.7100E+03    5.2212E+20    9.0577E+19    1.7144E+19    7.3208E+18
    5.7300E+03    5.2228E+20    9.0197E+19    1.7066E+19    7.2945E+18
    5.7500E+03    5.2245E+20    8.9821E+19    1.6990E+19    7.2684E+18
    5.7700E+03    5.2262E+20    8.9453E+19    1.6914E+19    7.2425E+18
    5.7900E+03    5.2282E+20    8.9098E+19    1.6838E+19    7.2166E+18
    5.8100E+03    5.2303E+20    8.8743E+19    1.6763E+19    7.1909E+18
    5.8300E+03    5.2324E+20    8.8382E+19    1.6689E+19    7.1654E+18
    5.8500E+03    5.2345E+20    8.8024E+19    1.6615E+19    7.1400E+18
    5.8700E+03    5.2352E+20    8.7519E+19    1.6418E+19    7.0798E+18
    5.8900E+03    5.2387E+20    8.7311E+19    1.6464E+19    7.0895E+18
    5.9100E+03    5.2409E+20    8.6967E+19    1.6396E+19    7.0646E+18
    5.9300E+03    5.2432E+20    8.6624E+19    1.6324E+19    7.0398E+18
    5.9500E+03    5.2455E+20    8.6280E+19    1.6253E+19    7.0151E+18
    5.9700E+03    5.2478E+20    8.5941E+19    1.6182E+19    6.9905E+18
    5.9900E+03    5.2502E+20    8.5606E+19    1.6112E+19    6.9660E+18
    6.0100E+03    5.2527E+20    8.5274E+19    1.6042E+19    6.9417E+18
    6.0300E+03    5.2552E+20    8.4945E+19    1.5972E+19    6.9175E+18
    6.0500E+03    5.2578E+20    8.4618E+19    1.5903E+19    6.8935E+18
    6.0700E+03    5.2604E+20    8.4295E+19    1.5835E+19    6.8696E+18
    6.0900E+03    5.2631E+20    8.3975E+19    1.5767E+19    6.8459E+18
    6.1100E+03    5.2658E+20    8.3657E+19    1.5699E+19    6.8223E+18
    6.1300E+03    5.2686E+20    8.3344E+19    1.5632E+19    6.7988E+18
    6.1500E+03    5.2715E+20    8.3032E+19    1.5565E+19    6.7754E+18
    6.1700E+03    5.2743E+20    8.2722E+19    1.5499E+19    6.7521E+18
    6.1900E+03    5.2773E+20    8.2419E+19    1.5433E+19    6.7290E+18
    6.2100E+03    5.2803E+20    8.2116E+19    1.5368E+19    6.7060E+18
    6.2300E+03    5.2833E+20    8.1814E+19    1.5303E+19    6.6831E+18
    6.2500E+03    5.2864E+20    8.1519E+19    1.5239E+19    6.6603E+18
    6.2700E+03    5.2895E+20    8.1224E+19    1.5175E+19    6.6377E+18
    6.2900E+03    5.2927E+20    8.0932E+19    1.5111E+19    6.6151E+18
    6.3100E+03    5.2958E+20    8.0642E+19    1.5048E+19    6.5927E+18
    6.3300E+03    5.2991E+20    8.0356E+19    1.4985E+19    6.5704E+18
    6.3500E+03    5.3024E+20    8.0071E+19    1.4923E+19    6.5482E+18
    6.3700E+03    5.3057E+20    7.9788E+19    1.4860E+19    6.5257E+18
    6.3900E+03    5.3090E+20    7.9505E+19    1.4797E+19    6.5016E+18
    6.4100E+03    5.3123E+20    7.9220E+19    1.4732E+19    6.4773E+18
    6.4300E+03    5.3157E+20    7.8940E+19    1.4667E+19    6.4517E+18
    6.4500E+03    5.3190E+20    7.8653E+19    1.4598E+19    6.4237E+18
    6.4700E+03    5.3222E+20    7.8356E+19    1.4523E+19    6.3887E+18
    6.4900E+03    5.3252E+20    7.8041E+19    1.4431E+19    6.3457E+18
    6.5100E+03    5.3274E+20    7.7662E+19    1.4302E+19    6.2747E+18
    6.5300E+03    5.3264E+20    7.7001E+19    1.4027E+19    6.1000E+18
    6.5500E+03    5.2997E+20    7.4376E+19    1.2782E+19    5.3682E+18
    6.5700E+03    5.2059E+20    6.8438E+19    1.0929E+19    4.4910E+18
    6.5900E+03    5.3315E+20    7.5732E+19    1.3575E+19    5.8629E+18
    6.6100E+03    5.3448E+20    7.6281E+19    1.3961E+19    6.1320E+18
    6.6300E+03    5.3507E+20    7.6211E+19    1.4010E+19    6.1883E+18
    6.6500E+03    5.3554E+20    7.6037E+19    1.3996E+19    6.1964E+18
    6.6700E+03    5.3593E+20    7.5796E+19    1.3932E+19    6.1859E+18
    6.6900E+03    5.3634E+20    7.5568E+19    1.3885E+19    6.1729E+18
    6.7100E+03    5.3677E+20    7.5364E+19    1.3862E+19    6.1633E+18
    6.7300E+03    5.3717E+20    7.5128E+19    1.3810E+19    6.1460E+18
    6.7500E+03    5.3757E+20    7.4894E+19    1.3757E+19    6.1274E+18
    6.7700E+03    5.3797E+20    7.4658E+19    1.3703E+19    6.1075E+18
    6.7900E+03    5.3837E+20    7.4427E+19    1.3648E+19    6.0876E+18
    6.8100E+03    5.3878E+20    7.4194E+19    1.3594E+19    6.0679E+18
    6.8300E+03    5.3919E+20    7.3965E+19    1.3541E+19    6.0482E+18
    6.8500E+03    5.3960E+20    7.3736E+19    1.3488E+19    6.0286E+18
    6.8700E+03    5.4001E+20    7.3510E+19    1.3435E+19    6.0092E+18
    6.8900E+03    5.4042E+20    7.3284E+19    1.3382E+19    5.9898E+18
    6.9100E+03    5.4084E+20    7.3063E+19    1.3330E+19    5.9705E+18
    6.9300E+03    5.4126E+20    7.2842E+19    1.3278E+19    5.9513E+18
    6.9500E+03    5.4169E+20    7.2623E+19    1.3226E+19    5.9322E+18
    6.9700E+03    5.4211E+20    7.2407E+19    1.3175E+19    5.9132E+18
    6.9900E+03    5.4254E+20    7.2192E+19    1.3124E+19    5.8943E+18
    7.0100E+03    5.4297E+20    7.1978E+19    1.3073E+19    5.8755E+18
    7.0300E+03    5.4340E+20    7.1768E+19    1.3023E+19    5.8568E+18
    7.0500E+03    5.4384E+20    7.1557E+19    1.2973E+19    5.8381E+18
    7.0700E+03    5.4420E+20    7.1265E+19    1.2886E+19    5.8142E+18
    7.0900E+03    5.4471E+20    7.1144E+19    1.2873E+19    5.8011E+18
    7.1100E+03    5.4515E+20    7.0940E+19    1.2824E+19    5.7828E+18
    7.1300E+03    5.4559E+20    7.0737E+19    1.2775E+19    5.7645E+18
    7.1500E+03    5.4604E+20    7.0536E+19    1.2726E+19    5.7463E+18
    7.1700E+03    5.4648E+20    7.0334E+19    1.2678E+19    5.7282E+18
    7.1900E+03    5.4693E+20    7.0137E+19    1.2630E+19    5.7101E+18
    7.2100E+03    5.4738E+20    6.9943E+19    1.2582E+19    5.6922E+18
    7.2300E+03    5.4783E+20    6.9748E+19    1.2535E+19    5.6743E+18
    7.2500E+03    5.4829E+20    6.9555E+19    1.2487E+19    5.6566E+18
    7.2700E+03    5.4874E+20    6.9364E+19    1.2440E+19    5.6389E+18
    7.2900E+03    5.4919E+20    6.9161E+19    1.2382E+19    5.6198E+18
    7.3100E+03    5.4966E+20    6.8986E+19    1.2347E+19    5.6037E+18
    7.3300E+03    5.5012E+20    6.8800E+19    1.2301E+19    5.5863E+18
    7.3500E+03    5.5058E+20    6.8614E+19    1.2255E+19    5.5689E+18
    7.3700E+03    5.5104E+20    6.8430E+19    1.2210E+19    5.5516E+18
    7.3900E+03    5.5151E+20    6.8248E+19    1.2164E+19    5.5344E+18
    7.4100E+03    5.5197E+20    6.8068E+19    1.2119E+19    5.5173E+18
    7.4300E+03    5.5244E+20    6.7888E+19    1.2074E+19    5.5003E+18
    7.4500E+03    5.5291E+20    6.7713E+19    1.2030E+19    5.4833E+18
    7.4700E+03    5.5338E+20    6.7536E+19    1.1986E+19    5.4664E+18
    7.4900E+03    5.5385E+20    6.7362E+19    1.1942E+19    5.4495E+18
    7.5100E+03    5.5432E+20    6.7189E+19    1.1898E+19    5.4328E+18
    7.5300E+03    5.5480E+20    6.7016E+19    1.1854E+19    5.4161E+18
    7.5500E+03    5.5527E+20    6.6845E+19    1.1811E+19    5.3996E+18
    7.5700E+03    5.5575E+20    6.6676E+19    1.1768E+19    5.3831E+18
    7.5900E+03    5.5622E+20    6.6505E+19    1.1725E+19    5.3666E+18
    7.6100E+03    5.5671E+20    6.6341E+19    1.1682E+19    5.3503E+18
    7.6300E+03    5.5719E+20    6.6175E+19    1.1640E+19    5.3340E+18
    7.6500E+03    5.5767E+20    6.6011E+19    1.1598E+19    5.3178E+18
    7.6700E+03    5.5815E+20    6.5849E+19    1.1556E+19    5.3017E+18
    7.6900E+03    5.5863E+20    6.5687E+19    1.1514E+19    5.2856E+18
    7.7100E+03    5.5912E+20    6.5526E+19    1.1473E+19    5.2696E+18
    7.7300E+03    5.5961E+20    6.5368E+19    1.1432E+19    5.2537E+18
    7.7500E+03    5.6009E+20    6.5209E+19    1.1391E+19    5.2378E+18
    7.7700E+03    5.6058E+20    6.5053E+19    1.1350E+19    5.2221E+18
    7.7900E+03    5.6107E+20    6.4898E+19    1.1309E+19    5.2063E+18
    7.8100E+03    5.6156E+20    6.4744E+19    1.1269E+19    5.1907E+18
    7.8300E+03    5.6205E+20    6.4591E+19    1.1229E+19    5.1752E+18
    7.8500E+03    5.6256E+20    6.4468E+19    1.1192E+19    5.1597E+18
    7.8700E+03    5.6305E+20    6.4318E+19    1.1152E+19    5.1443E+18
    7.8900E+03    5.6354E+20    6.4167E+19    1.1112E+19    5.1289E+18
    7.9100E+03    5.6403E+20    6.4019E+19    1.1073E+19    5.1136E+18
    7.9300E+03    5.6453E+20    6.3871E+19    1.1034E+19    5.0984E+18
    7.9500E+03    5.6502E+20    6.3726E+19    1.0995E+19    5.0833E+18
    7.9700E+03    5.6552E+20    6.3580E+19    1.0956E+19    5.0682E+18
    7.9900E+03    5.6601E+20    6.3436E+19    1.0918E+19    5.0531E+18
    8.0100E+03    5.6651E+20    6.3293E+19    1.0880E+19    5.0382E+18
    8.0300E+03    5.6701E+20    6.3152E+19    1.0842E+19    5.0233E+18
    8.0500E+03    5.6751E+20    6.3011E+19    1.0804E+19    5.0085E+18
    8.0700E+03    5.6801E+20    6.2872E+19    1.0767E+19    4.9937E+18
    8.0900E+03    5.6851E+20    6.2733E+19    1.0729E+19    4.9791E+18
    8.1100E+03    5.6901E+20    6.2595E+19    1.0692E+19    4.9644E+18
    8.1300E+03    5.6951E+20    6.2459E+19    1.0656E+19    4.9498E+18
    8.1500E+03    5.7001E+20    6.2323E+19    1.0618E+19    4.9353E+18
    8.1700E+03    5.7051E+20    6.2190E+19    1.0582E+19    4.9209E+18
    8.1900E+03    5.7101E+20    6.2056E+19    1.0546E+19    4.9065E+18
    8.2100E+03    3.9330E+20    5.5295E+19    1.0823E+19    4.9163E+18
    8.2300E+03    3.9342E+20    5.5143E+19    1.0791E+19    4.9048E+18
    8.2500E+03    3.9354E+20    5.4995E+19    1.0757E+19    4.8931E+18
    8.2700E+03    3.9366E+20    5.4853E+19    1.0722E+19    4.8810E+18
    8.2900E+03    3.9379E+20    5.4705E+19    1.0689E+19    4.8686E+18
    8.3100E+03    3.9391E+20    5.4555E+19    1.0652E+19    4.8542E+18
    8.3300E+03    3.9403E+20    5.4401E+19    1.0609E+19    4.8353E+18
    8.3500E+03    3.9414E+20    5.4239E+19    1.0556E+19    4.8079E+18
    8.3700E+03    3.9425E+20    5.4080E+19    1.0502E+19    4.7797E+18
    8.3900E+03    3.9435E+20    5.3905E+19    1.0426E+19    4.7340E+18
    8.4100E+03    3.9445E+20    5.3734E+19    1.0359E+19    4.6934E+18
    8.4300E+03    3.9454E+20    5.3539E+19    1.0268E+19    4.6417E+18
    8.4500E+03    3.9466E+20    5.3386E+19    1.0228E+19    4.6286E+18
    8.4700E+03    3.9473E+20    5.3181E+19    1.0111E+19    4.5459E+18
    8.4900E+03    3.9490E+20    5.3075E+19    1.0145E+19    4.5935E+18
    8.5100E+03    3.9495E+20    5.2844E+19    9.9862E+18    4.4791E+18
    8.5300E+03    3.9522E+20    5.2841E+19    1.0147E+19    4.6233E+18
    8.5500E+03    3.9508E+20    5.2416E+19    9.7483E+18    4.3248E+18
    8.5700E+03    3.9563E+20    5.2701E+19    1.0240E+19    4.7171E+18
    8.5900E+03    3.9543E+20    5.2222E+19    9.8058E+18    4.4035E+18
    8.6100E+03    3.9554E+20    5.2052E+19    9.7236E+18    4.3492E+18
    8.6300E+03    3.9621E+20    5.2452E+19    1.0316E+19    4.8127E+18
    8.6500E+03    3.9608E+20    5.2041E+19    9.9776E+18    4.5729E+18
    8.6700E+03    3.9564E+20    5.1309E+19    9.2513E+18    4.0290E+18
    8.6900E+03    3.9657E+20    5.1983E+19    1.0135E+19    4.7142E+18
    8.7100E+03    3.9697E+20    5.2104E+19    1.0372E+19    4.9056E+18
    8.7300E+03    3.9684E+20    5.1692E+19    1.0045E+19    4.6730E+18
    8.7500E+03    3.9610E+20    5.0656E+19    9.0030E+18    3.8937E+18
    8.7700E+03    3.9694E+20    5.1235E+19    9.7605E+18    4.4846E+18
    8.7900E+03    3.9761E+20    5.1631E+19    1.0280E+19    4.8869E+18
    8.8100E+03    3.9787E+20    5.1608E+19    1.0347E+19    4.9530E+18
    8.8300E+03    3.9788E+20    5.1337E+19    1.0176E+19    4.8313E+18
    8.8500E+03    3.9741E+20    5.0589E+19    9.4919E+18    4.3293E+18
    8.8700E+03    3.9697E+20    4.9858E+19    8.7923E+18    3.8077E+18
    8.8900E+03    3.9812E+20    5.0745E+19    9.8575E+18    4.6245E+18
    8.9100E+03    3.9864E+20    5.0976E+19    1.0176E+19    4.8829E+18
    8.9300E+03    3.9889E+20    5.0952E+19    1.0234E+19    4.9435E+18
    8.9500E+03    3.9905E+20    5.0833E+19    1.0205E+19    4.9314E+18
    8.9700E+03    3.9912E+20    5.0620E+19    1.0089E+19    4.8514E+18
    8.9900E+03    3.9897E+20    5.0184E+19    9.7503E+18    4.6027E+18
    9.0100E+03    3.9815E+20    4.9075E+19    8.6631E+18    3.7920E+18
    9.0300E+03    3.9867E+20    4.9327E+19    9.0335E+18    4.0837E+18
    9.0500E+03    3.9958E+20    4.9958E+19    9.7847E+18    4.6619E+18
    9.0700E+03    3.9997E+20    5.0062E+19    9.9632E+18    4.8201E+18
    9.0900E+03    4.0022E+20    5.0028E+19    1.0005E+19    4.8637E+18
    9.1100E+03    4.0040E+20    4.9938E+19    9.9971E+18    4.8691E+18
    9.1300E+03    4.0058E+20    4.9824E+19    9.9669E+18    4.8571E+18
    9.1500E+03    4.0072E+20    4.9691E+19    9.9187E+18    4.8302E+18
    9.1700E+03    4.0084E+20    4.9522E+19    9.8380E+18    4.7781E+18
    9.1900E+03    4.0086E+20    4.9266E+19    9.6768E+18    4.6595E+18
    9.2100E+03    4.0059E+20    4.8714E+19    9.2090E+18    4.3154E+18
    9.2300E+03    3.9980E+20    4.7633E+19    8.1433E+18    3.5178E+18
    9.2500E+03    4.0082E+20    4.8379E+19    9.0311E+18    4.1993E+18
    9.2700E+03    4.0151E+20    4.8785E+19    9.5210E+18    4.5830E+18
    9.2900E+03    4.0185E+20    4.8840E+19    9.6426E+18    4.6922E+18
    9.3100E+03    4.0208E+20    4.8787E+19    9.6616E+18    4.7228E+18
    9.3300E+03    4.0228E+20    4.8705E+19    9.6554E+18    4.7283E+18
    9.3500E+03    4.0245E+20    4.8603E+19    9.6339E+18    4.7233E+18
    9.3700E+03    4.0133E+20    4.8402E+19    9.6091E+18    4.7133E+18
    9.3900E+03    4.0281E+20    4.8395E+19    9.5793E+18    4.7004E+18
    9.4100E+03    4.0299E+20    4.8285E+19    9.5449E+18    4.6851E+18
    9.4300E+03    4.0316E+20    4.8172E+19    9.5064E+18    4.6668E+18
    9.4500E+03    4.0332E+20    4.8053E+19    9.4636E+18    4.6434E+18
    9.4700E+03    4.0347E+20    4.7917E+19    9.4043E+18    4.6093E+18
    9.4900E+03    4.0358E+20    4.7754E+19    9.3235E+18    4.5512E+18
    9.5100E+03    4.0360E+20    4.7485E+19    9.1386E+18    4.4182E+18
    9.5300E+03    4.0330E+20    4.6901E+19    8.6256E+18    4.0360E+18
    9.5500E+03    3.9953E+20    4.4272E+19    7.5701E+18    3.3768E+18
    9.5700E+03    4.0377E+20    4.6815E+19    8.6899E+18    4.1004E+18
    9.5900E+03    4.0436E+20    4.7123E+19    9.0649E+18    4.3987E+18
    9.6100E+03    4.0468E+20    4.7156E+19    9.1585E+18    4.4864E+18
    9.6300E+03    4.0492E+20    4.7107E+19    9.1737E+18    4.5119E+18
    9.6500E+03    4.0512E+20    4.7033E+19    9.1685E+18    4.5168E+18
    9.6700E+03    4.0532E+20    4.6946E+19    9.1521E+18    4.5130E+18
    9.6900E+03    4.0551E+20    4.6854E+19    9.1296E+18    4.5070E+18
    9.7100E+03    4.0570E+20    4.6761E+19    9.1021E+18    4.4975E+18
    9.7300E+03    4.0589E+20    4.6669E+19    9.0774E+18    4.4868E+18
    9.7500E+03    4.0608E+20    4.6574E+19    9.0496E+18    4.4751E+18
    9.7700E+03    4.0626E+20    4.6477E+19    9.0212E+18    4.4628E+18
    9.7900E+03    4.0645E+20    4.6383E+19    8.9929E+18    4.4506E+18
    9.8100E+03    4.0663E+20    4.6287E+19    8.9641E+18    4.4377E+18
    9.8300E+03    4.0682E+20    4.6192E+19    8.9352E+18    4.4245E+18
    9.8500E+03    4.0701E+20    4.6097E+19    8.9063E+18    4.4113E+18
    9.8700E+03    4.0719E+20    4.6002E+19    8.8767E+18    4.3974E+18
    9.8900E+03    4.0738E+20    4.5904E+19    8.8466E+18    4.3828E+18
    9.9100E+03    4.0756E+20    4.5805E+19    8.8143E+18    4.3657E+18
    9.9300E+03    4.0774E+20    4.5706E+19    8.7775E+18    4.3467E+18
    9.9500E+03    4.0792E+20    4.5602E+19    8.7376E+18    4.3249E+18
    9.9700E+03    4.0809E+20    4.5488E+19    8.6891E+18    4.2949E+18
    9.9900E+03    4.0822E+20    4.5345E+19    8.6166E+18    4.2451E+18
    1.0025E+04    4.0809E+20    4.4722E+19    8.1077E+18    3.8666E+18
    1.0075E+04    4.0844E+20    4.4375E+19    7.9062E+18    3.7324E+18
    1.0125E+04    4.0568E+20    4.4460E+19    8.4606E+18    4.1862E+18
    1.0175E+04    4.1009E+20    4.4629E+19    8.4520E+18    4.2025E+18
    1.0225E+04    4.1060E+20    4.4436E+19    8.4003E+18    4.1851E+18
    1.0275E+04    4.1110E+20    4.4231E+19    8.3397E+18    4.1598E+18
    1.0325E+04    4.1159E+20    4.4027E+19    8.2737E+18    4.1312E+18
    1.0375E+04    4.1209E+20    4.3829E+19    8.2142E+18    4.1034E+18
    1.0425E+04    4.1259E+20    4.3631E+19    8.1523E+18    4.0755E+18
    1.0475E+04    4.1309E+20    4.3435E+19    8.0910E+18    4.0479E+18
    1.0525E+04    4.1359E+20    4.3244E+19    8.0308E+18    4.0207E+18
    1.0575E+04    4.1409E+20    4.3053E+19    7.9708E+18    3.9936E+18
    1.0625E+04    4.1460E+20    4.2870E+19    7.9120E+18    3.9668E+18
    1.0675E+04    4.1511E+20    4.2684E+19    7.8526E+18    3.9402E+18
    1.0725E+04    4.1561E+20    4.2500E+19    7.7933E+18    3.9118E+18
    1.0775E+04    4.1611E+20    4.2313E+19    7.7307E+18    3.8801E+18
    1.0825E+04    4.1659E+20    4.2104E+19    7.6392E+18    3.8348E+18
    1.0875E+04    4.1703E+20    4.1862E+19    7.5246E+18    3.7517E+18
    1.0925E+04    4.1600E+20    3.9030E+19    6.5872E+18    3.2265E+18
    1.0975E+04    4.1781E+20    4.1269E+19    7.1655E+18    3.5051E+18
    1.1025E+04    4.1863E+20    4.1407E+19    7.4052E+18    3.7153E+18
    1.1075E+04    4.1919E+20    4.1286E+19    7.3934E+18    3.7236E+18
    1.1125E+04    4.1972E+20    4.1140E+19    7.3525E+18    3.7099E+18
    1.1175E+04    4.2025E+20    4.0986E+19    7.3036E+18    3.6893E+18
    1.1225E+04    4.2077E+20    4.0829E+19    7.2519E+18    3.6658E+18
    1.1275E+04    4.2129E+20    4.0674E+19    7.2010E+18    3.6424E+18
    1.1325E+04    4.2181E+20    4.0519E+19    7.1502E+18    3.6191E+18
    1.1375E+04    4.2233E+20    4.0370E+19    7.1003E+18    3.5961E+18
    1.1425E+04    4.2285E+20    4.0222E+19    7.0509E+18    3.5733E+18
    1.1475E+04    4.2337E+20    4.0074E+19    7.0017E+18    3.5506E+18
    1.1525E+04    4.2390E+20    3.9931E+19    6.9533E+18    3.5282E+18
    1.1575E+04    4.2442E+20    3.9789E+19    6.9054E+18    3.5061E+18
    1.1625E+04    4.2494E+20    3.9647E+19    6.8579E+18    3.4841E+18
    1.1675E+04    4.2546E+20    3.9509E+19    6.8108E+18    3.4623E+18
    1.1725E+04    4.2599E+20    3.9372E+19    6.7643E+18    3.4407E+18
    1.1775E+04    4.2651E+20    3.9237E+19    6.7183E+18    3.4193E+18
    1.1825E+04    4.2704E+20    3.9104E+19    6.6727E+18    3.3982E+18
    1.1875E+04    4.2756E+20    3.8974E+19    6.6278E+18    3.3772E+18
    1.1925E+04    4.2808E+20    3.8843E+19    6.5830E+18    3.3565E+18
    1.1975E+04    4.2861E+20    3.8712E+19    6.5359E+18    3.3356E+18
    1.2025E+04    4.2913E+20    3.8589E+19    6.4952E+18    3.3155E+18
    1.2075E+04    4.2966E+20    3.8465E+19    6.4519E+18    3.2953E+18
    1.2125E+04    4.3018E+20    3.8342E+19    6.4091E+18    3.2752E+18
    1.2175E+04    4.3071E+20    3.8221E+19    6.3667E+18    3.2554E+18
    1.2225E+04    4.3123E+20    3.8101E+19    6.3247E+18    3.2357E+18
    1.2275E+04    4.3176E+20    3.7984E+19    6.2833E+18    3.2162E+18
    1.2325E+04    4.3228E+20    3.7866E+19    6.2419E+18    3.1969E+18
    1.2375E+04    4.3280E+20    3.7752E+19    6.2012E+18    3.1778E+18
    1.2425E+04    4.3333E+20    3.7638E+19    6.1609E+18    3.1588E+18
    1.2475E+04    4.3385E+20    3.7526E+19    6.1209E+18    3.1400E+18
    1.2525E+04    4.3437E+20    3.7415E+19    6.0806E+18    3.1213E+18
    1.2575E+04    4.3489E+20    3.7306E+19    6.0413E+18    3.1020E+18
    1.2625E+04    4.3541E+20    3.7195E+19    5.9996E+18    3.0806E+18
    1.2675E+04    4.3592E+20    3.7078E+19    5.9523E+18    3.0544E+18
    1.2725E+04    4.3642E+20    3.6948E+19    5.8899E+18    3.0163E+18
    1.2775E+04    4.3681E+20    3.6711E+19    5.7251E+18    2.8962E+18
    1.2825E+04    4.3687E+20    3.6189E+19    5.2584E+18    2.5394E+18
    1.2875E+04    4.3789E+20    3.6551E+19    5.6932E+18    2.8931E+18
    1.2925E+04    4.3851E+20    3.6551E+19    5.7494E+18    2.9526E+18
    1.2975E+04    4.3905E+20    3.6413E+19    5.7312E+18    2.9516E+18
    1.3025E+04    4.3958E+20    3.6384E+19    5.7039E+18    2.9412E+18
    1.3075E+04    4.4010E+20    3.6291E+19    5.6707E+18    2.9267E+18
    1.3125E+04    4.4062E+20    3.6196E+19    5.6356E+18    2.9101E+18
    1.3175E+04    4.4114E+20    3.6103E+19    5.6007E+18    2.8935E+18
    1.3225E+04    4.4165E+20    3.6010E+19    5.5661E+18    2.8770E+18
    1.3275E+04    4.4217E+20    3.5919E+19    5.5319E+18    2.8606E+18
    1.3325E+04    4.4268E+20    3.5830E+19    5.4980E+18    2.8444E+18
    1.3375E+04    4.4320E+20    3.5740E+19    5.4643E+18    2.8283E+18
    1.3425E+04    4.4371E+20    3.5652E+19    5.4308E+18    2.8123E+18
    1.3475E+04    4.4423E+20    3.5566E+19    5.3981E+18    2.7965E+18
    1.3525E+04    4.4474E+20    3.5481E+19    5.3654E+18    2.7809E+18
    1.3575E+04    4.4525E+20    3.5396E+19    5.3330E+18    2.7653E+18
    1.3625E+04    4.4576E+20    3.5313E+19    5.3008E+18    2.7498E+18
    1.3675E+04    4.4627E+20    3.5230E+19    5.2689E+18    2.7345E+18
    1.3725E+04    4.4678E+20    3.5148E+19    5.2373E+18    2.7194E+18
    1.3775E+04    4.4729E+20    3.5067E+19    5.2061E+18    2.7043E+18
    1.3825E+04    4.4780E+20    3.4988E+19    5.1752E+18    2.6893E+18
    1.3875E+04    4.4831E+20    3.4909E+19    5.1444E+18    2.6745E+18
    1.3925E+04    4.4881E+20    3.4832E+19    5.1140E+18    2.6598E+18
    1.3975E+04    4.4932E+20    3.4755E+19    5.0839E+18    2.6452E+18
    1.4025E+04    4.4982E+20    3.4680E+19    5.0539E+18    2.6308E+18
    1.4075E+04    4.5033E+20    3.4604E+19    5.0242E+18    2.6164E+18
    1.4125E+04    4.5083E+20    3.4532E+19    4.9950E+18    2.6021E+18
    1.4175E+04    4.5133E+20    3.4459E+19    4.9658E+18    2.5880E+18
    1.4225E+04    4.5184E+20    3.4387E+19    4.9370E+18    2.5740E+18
    1.4275E+04    4.5234E+20    3.4315E+19    4.9084E+18    2.5601E+18
    1.4325E+04    4.5284E+20    3.4245E+19    4.8800E+18    2.5463E+18
    1.4375E+04    4.5334E+20    3.4176E+19    4.8518E+18    2.5326E+18
    1.4425E+04    4.5383E+20    3.4107E+19    4.8239E+18    2.5190E+18
    1.4475E+04    4.5433E+20    3.4038E+19    4.7962E+18    2.5055E+18
    1.4525E+04    4.5483E+20    3.3971E+19    4.7688E+18    2.4921E+18
    1.4570E+04    4.5527E+20    3.3911E+19    4.7443E+18    2.4801E+18
    1.4620E+04    3.8014E+20    3.0653E+19    4.7515E+18    2.4714E+18
    1.4675E+04    3.8055E+20    3.0575E+19    4.7225E+18    2.4576E+18
    1.4725E+04    3.8091E+20    3.0506E+19    4.6965E+18    2.4452E+18
    1.4775E+04    3.8128E+20    3.0436E+19    4.6707E+18    2.4329E+18
    1.4825E+04    3.8164E+20    3.0368E+19    4.6448E+18    2.4206E+18
    1.4875E+04    3.8201E+20    3.0300E+19    4.6190E+18    2.4081E+18
    1.4925E+04    3.8237E+20    3.0232E+19    4.5929E+18    2.3953E+18
    1.4975E+04    3.8273E+20    3.0164E+19    4.5657E+18    2.3815E+18
    1.5025E+04    3.8309E+20    3.0097E+19    4.5388E+18    2.3679E+18
    1.5075E+04    3.8346E+20    3.0029E+19    4.5098E+18    2.3524E+18
    1.5125E+04    3.8381E+20    2.9960E+19    4.4795E+18    2.3357E+18
    1.5175E+04    3.8417E+20    2.9891E+19    4.4475E+18    2.3178E+18
    1.5225E+04    3.8453E+20    2.9823E+19    4.4177E+18    2.3014E+18
    1.5275E+04    3.8489E+20    2.9757E+19    4.3895E+18    2.2864E+18
    1.5325E+04    3.8524E+20    2.9685E+19    4.3552E+18    2.2666E+18
    1.5375E+04    3.8560E+20    2.9628E+19    4.3370E+18    2.2597E+18
    1.5425E+04    3.8594E+20    2.9550E+19    4.2919E+18    2.2304E+18
    1.5475E+04    3.8632E+20    2.9505E+19    4.2879E+18    2.2350E+18
    1.5525E+04    3.8667E+20    2.9437E+19    4.2563E+18    2.2170E+18
    1.5575E+04    3.8700E+20    2.9353E+19    4.1999E+18    2.1781E+18
    1.5625E+04    3.8742E+20    2.9356E+19    4.2511E+18    2.2275E+18
    1.5675E+04    3.8772E+20    2.9242E+19    4.1634E+18    2.1637E+18
    1.5725E+04    3.8803E+20    2.9166E+19    4.1160E+18    2.1320E+18
    1.5775E+04    3.8851E+20    2.9203E+19    4.2008E+18    2.2085E+18
    1.5825E+04    3.8885E+20    2.9131E+19    4.1613E+18    2.1834E+18
    1.5875E+04    3.8908E+20    2.8944E+19    3.9876E+18    2.0489E+18
    1.5925E+04    3.8953E+20    2.8990E+19    4.0795E+18    2.1314E+18
    1.5975E+04    3.8997E+20    2.9022E+19    4.1494E+18    2.1957E+18
    1.6050E+04    3.9045E+20    2.8885E+19    4.0571E+18    2.1305E+18
    1.6150E+04    3.9108E+20    2.8705E+19    3.9306E+18    2.0405E+18
    1.6250E+04    3.9192E+20    2.8743E+19    4.0378E+18    2.1420E+18
    1.6350E+04    3.9254E+20    2.8561E+19    3.9129E+18    2.0529E+18
    1.6450E+04    3.9317E+20    2.8390E+19    3.7916E+18    1.9666E+18
    1.6550E+04    3.9403E+20    2.8455E+19    3.9187E+18    2.0840E+18
    1.6650E+04    3.9473E+20    2.8365E+19    3.8816E+18    2.0663E+18
    1.6750E+04    3.9533E+20    2.8175E+19    3.7440E+18    1.9653E+18
    1.6850E+04    3.9594E+20    2.8007E+19    3.6219E+18    1.8777E+18
    1.6950E+04    3.9680E+20    2.8089E+19    3.7591E+18    2.0024E+18
    1.7050E+04    3.9750E+20    2.8014E+19    3.7323E+18    1.9935E+18
    1.7150E+04    3.9819E+20    2.7928E+19    3.6939E+18    1.9723E+18
    1.7250E+04    3.9884E+20    2.7821E+19    3.6333E+18    1.9338E+18
    1.7350E+04    3.9932E+20    2.7535E+19    3.3883E+18    1.7446E+18
    1.7450E+04    4.0017E+20    2.7627E+19    3.5298E+18    1.8708E+18
    1.7550E+04    4.0090E+20    2.7601E+19    3.5442E+18    1.8943E+18
    1.7650E+04    4.0158E+20    2.7531E+19    3.5149E+18    1.8815E+18
    1.7750E+04    4.0225E+20    2.7457E+19    3.4810E+18    1.8646E+18
    1.7850E+04    4.0292E+20    2.7382E+19    3.4457E+18    1.8458E+18
    1.7950E+04    4.0358E+20    2.7305E+19    3.4085E+18    1.8248E+18
    1.8050E+04    4.0422E+20    2.7216E+19    3.3577E+18    1.7929E+18
    1.8150E+04    4.0471E+20    2.6967E+19    3.1427E+18    1.6268E+18
    1.8250E+04    4.0549E+20    2.7022E+19    3.2378E+18    1.7137E+18
    1.8350E+04    4.0621E+20    2.7023E+19    3.2711E+18    1.7513E+18
    1.8450E+04    4.0687E+20    2.6965E+19    3.2461E+18    1.7405E+18
    1.8550E+04    4.0752E+20    2.6897E+19    3.2125E+18    1.7218E+18
    1.8650E+04    4.0815E+20    2.6811E+19    3.1590E+18    1.6873E+18
    1.8750E+04    4.0862E+20    2.6594E+19    2.9557E+18    1.5282E+18
    1.8850E+04    4.0943E+20    2.6684E+19    3.0941E+18    1.6505E+18
    1.8950E+04    4.1010E+20    2.6653E+19    3.0923E+18    1.6592E+18
    1.9050E+04    4.1075E+20    2.6600E+19    3.0665E+18    1.6476E+18
    1.9150E+04    4.1138E+20    2.6543E+19    3.0385E+18    1.6326E+18
    1.9250E+04    4.1201E+20    2.6482E+19    3.0057E+18    1.6138E+18
    1.9350E+04    4.1262E+20    2.6398E+19    2.9506E+18    1.5763E+18
    1.9450E+04    4.1324E+20    2.6047E+19    2.6627E+18    1.4297E+18
    1.9550E+04    4.1361E+20    2.5832E+19    2.8866E+18    1.5482E+18
    1.9650E+04    4.1453E+20    2.6271E+19    2.8977E+18    1.5576E+18
    1.9750E+04    4.1516E+20    2.6226E+19    2.8760E+18    1.5480E+18
    1.9850E+04    4.1578E+20    2.6177E+19    2.8504E+18    1.5349E+18
    1.9950E+04    4.1639E+20    2.6129E+19    2.8249E+18    1.5214E+18
    2.0050E+04    4.1701E+20    2.6081E+19    2.7996E+18    1.5081E+18
    2.0150E+04    4.1762E+20    2.6034E+19    2.7746E+18    1.4950E+18
    2.0250E+04    4.1823E+20    2.5989E+19    2.7500E+18    1.4821E+18
    2.0350E+04    4.1884E+20    2.5944E+19    2.7257E+18    1.4693E+18
    2.0450E+04    4.1944E+20    2.5900E+19    2.7017E+18    1.4567E+18
    2.0550E+04    4.2005E+20    2.5857E+19    2.6776E+18    1.4441E+18
    2.0650E+04    4.2065E+20    2.5815E+19    2.6547E+18    1.4319E+18
    2.0750E+04    4.2125E+20    2.5774E+19    2.6318E+18    1.4198E+18
    2.0850E+04    4.2184E+20    2.5733E+19    2.6090E+18    1.4078E+18
    2.0950E+04    4.2244E+20    2.5693E+19    2.5865E+18    1.3959E+18
    2.1050E+04    4.2303E+20    2.5654E+19    2.5644E+18    1.3843E+18
    2.1150E+04    4.2362E+20    2.5616E+19    2.5421E+18    1.3727E+18
    2.1250E+04    4.2420E+20    2.5579E+19    2.5209E+18    1.3613E+18
    2.1350E+04    4.2479E+20    2.5541E+19    2.4990E+18    1.3494E+18
    2.1450E+04    4.2536E+20    2.5500E+19    2.4738E+18    1.3346E+18
    2.1550E+04    4.2592E+20    2.5445E+19    2.4344E+18    1.3079E+18
    2.1650E+04    4.2638E+20    2.5285E+19    2.2865E+18    1.1933E+18
    2.1750E+04    4.2706E+20    2.5365E+19    2.3814E+18    1.2762E+18
    2.1850E+04    4.2767E+20    2.5362E+19    2.3911E+18    1.2905E+18
    2.1950E+04    4.2824E+20    2.5336E+19    2.3764E+18    1.2846E+18
    2.2050E+04    4.2881E+20    2.5304E+19    2.3577E+18    1.2750E+18
    2.2150E+04    4.2938E+20    2.5273E+19    2.3384E+18    1.2648E+18
    2.2250E+04    4.2994E+20    2.5242E+19    2.3194E+18    1.2548E+18
    2.2350E+04    4.3050E+20    2.5212E+19    2.3006E+18    1.2448E+18
    2.2450E+04    4.3106E+20    2.5183E+19    2.2820E+18    1.2350E+18
    2.2550E+04    4.3162E+20    2.5154E+19    2.2636E+18    1.2252E+18
    2.2650E+04    4.3217E+20    2.5126E+19    2.2455E+18    1.2156E+18
    2.2750E+04    4.3273E+20    2.5098E+19    2.2276E+18    1.2061E+18
    2.2850E+04    3.9453E+20    2.3395E+19    2.2151E+18    1.1975E+18
    2.2950E+04    3.9503E+20    2.3366E+19    2.1977E+18    1.1884E+18
    2.3050E+04    3.9552E+20    2.3337E+19    2.1805E+18    1.1793E+18
    2.3150E+04    3.9601E+20    2.3310E+19    2.1635E+18    1.1704E+18
    2.3250E+04    3.9650E+20    2.3282E+19    2.1467E+18    1.1615E+18
    2.3350E+04    3.9699E+20    2.3255E+19    2.1301E+18    1.1528E+18
    2.3450E+04    3.9748E+20    2.3229E+19    2.1137E+18    1.1441E+18
    2.3550E+04    3.9796E+20    2.3202E+19    2.0973E+18    1.1354E+18
    2.3650E+04    3.9844E+20    2.3177E+19    2.0810E+18    1.1267E+18
    2.3750E+04    3.9892E+20    2.3151E+19    2.0646E+18    1.1178E+18
    2.3850E+04    3.9940E+20    2.3126E+19    2.0483E+18    1.1091E+18
    2.3950E+04    3.9988E+20    2.3102E+19    2.0321E+18    1.1002E+18
    2.4050E+04    4.0035E+20    2.3077E+19    2.0158E+18    1.0914E+18
    2.4150E+04    4.0083E+20    2.3053E+19    1.9995E+18    1.0824E+18
    2.4250E+04    4.0130E+20    2.3029E+19    1.9829E+18    1.0731E+18
    2.4350E+04    4.0177E+20    2.3006E+19    1.9680E+18    1.0652E+18
    2.4450E+04    4.0223E+20    2.2983E+19    1.9512E+18    1.0557E+18
    2.4550E+04    4.0270E+20    2.2962E+19    1.9378E+18    1.0489E+18
    2.4650E+04    4.0317E+20    2.2938E+19    1.9204E+18    1.0388E+18
    2.4750E+04    4.0363E+20    2.2918E+19    1.9071E+18    1.0321E+18
    2.4850E+04    4.0409E+20    2.2900E+19    1.8962E+18    1.0272E+18
    2.4950E+04    4.0455E+20    2.2873E+19    1.8723E+18    1.0114E+18
    2.5050E+04    4.0503E+20    2.2875E+19    1.8835E+18    1.0249E+18
    2.5150E+04    4.0548E+20    2.2847E+19    1.8603E+18    1.0097E+18
    2.5250E+04    4.0591E+20    2.2809E+19    1.8252E+18    9.8448E+17
    2.5350E+04    4.0638E+20    2.2804E+19    1.8277E+18    9.9067E+17
    2.5450E+04    4.0684E+20    2.2793E+19    1.8228E+18    9.9053E+17
    2.5550E+04    4.0728E+20    2.2766E+19    1.7997E+18    9.7520E+17
    2.5650E+04    4.0771E+20    2.2729E+19    1.7635E+18    9.4889E+17
    2.5750E+04    4.0818E+20    2.2735E+19    1.7777E+18    9.6455E+17
    2.5850E+04    4.0863E+20    2.2727E+19    1.7737E+18    9.6503E+17
    2.5950E+04    4.0908E+20    2.2708E+19    1.7586E+18    9.5617E+17
    2.6050E+04    4.0950E+20    2.2673E+19    1.7265E+18    9.3317E+17
    2.6150E+04    4.0991E+20    2.2630E+19    1.6847E+18    9.0199E+17
    2.6250E+04    4.1035E+20    2.2565E+19    1.6248E+18    8.5703E+17
    2.6350E+04    4.1082E+20    2.2624E+19    1.6890E+18    9.1239E+17
    2.6450E+04    4.1128E+20    2.2631E+19    1.6985E+18    9.2416E+17
    2.6550E+04    4.1171E+20    2.2618E+19    1.6878E+18    9.1893E+17
    2.6650E+04    4.1213E+20    2.2591E+19    1.6635E+18    9.0211E+17
    2.6750E+04    4.1253E+20    2.2541E+19    1.6115E+18    8.6236E+17
    2.6850E+04    4.1300E+20    2.2564E+19    1.6408E+18    8.9007E+17
    2.6950E+04    4.1344E+20    2.2565E+19    1.6440E+18    8.9610E+17
    2.7050E+04    4.1387E+20    2.2555E+19    1.6366E+18    8.9314E+17
    2.7150E+04    4.1430E+20    2.2544E+19    1.6262E+18    8.8793E+17
    2.7250E+04    4.1472E+20    2.2530E+19    1.6148E+18    8.8163E+17
    2.7350E+04    4.1514E+20    2.2515E+19    1.6012E+18    8.7352E+17
    2.7450E+04    4.1555E+20    2.2494E+19    1.5814E+18    8.6027E+17
    2.7550E+04    4.1593E+20    2.2439E+19    1.5239E+18    8.1580E+17
    2.7650E+04    4.1637E+20    2.2450E+19    1.5383E+18    8.3076E+17
    2.7750E+04    4.1681E+20    2.2464E+19    1.5549E+18    8.4757E+17
    2.7850E+04    4.1724E+20    2.2459E+19    1.5501E+18    8.4654E+17
    2.7950E+04    4.1765E+20    2.2450E+19    1.5414E+18    8.4256E+17
    2.8050E+04    4.1807E+20    2.2440E+19    1.5315E+18    8.3736E+17
    2.8150E+04    4.1848E+20    2.2429E+19    1.5214E+18    8.3191E+17
    2.8250E+04    4.1889E+20    2.2419E+19    1.5114E+18    8.2652E+17
    2.8350E+04    4.1930E+20    2.2409E+19    1.5012E+18    8.2089E+17
    2.8450E+04    4.1970E+20    2.2397E+19    1.4900E+18    8.1416E+17
    2.8550E+04    4.2010E+20    2.2383E+19    1.4754E+18    8.0500E+17
    2.8650E+04    4.2049E+20    2.2352E+19    1.4441E+18    7.8176E+17
    2.8750E+04    4.2085E+20    2.2307E+19    1.3965E+18    7.4533E+17
    2.8850E+04    4.2130E+20    2.2347E+19    1.4392E+18    7.8320E+17
    2.8950E+04    4.2172E+20    2.2349E+19    1.4405E+18    7.8700E+17
    2.9050E+04    4.2212E+20    2.2344E+19    1.4342E+18    7.8454E+17
    2.9150E+04    4.2252E+20    2.2337E+19    1.4257E+18    7.8027E+17
    2.9250E+04    4.2291E+20    2.2329E+19    1.4167E+18    7.7537E+17
    2.9350E+04    4.2331E+20    2.2321E+19    1.4077E+18    7.7053E+17
    2.9450E+04    4.2370E+20    2.2313E+19    1.3988E+18    7.6572E+17
    2.9550E+04    4.2409E+20    2.2305E+19    1.3900E+18    7.6096E+17
    2.9650E+04    4.2449E+20    2.2298E+19    1.3812E+18    7.5624E+17
    2.9750E+04    4.2488E+20    2.2291E+19    1.3726E+18    7.5157E+17
    2.9850E+04    4.2526E+20    2.2284E+19    1.3640E+18    7.4693E+17
    2.9950E+04    4.2565E+20    2.2277E+19    1.3555E+18    7.4234E+17
    3.0050E+04    4.2604E+20    2.2270E+19    1.3466E+18    7.3724E+17
    3.0150E+04    4.2642E+20    2.2260E+19    1.3360E+18    7.3074E+17
    3.0250E+04    4.2680E+20    2.2247E+19    1.3205E+18    7.2030E+17
    3.0350E+04    4.2714E+20    2.2199E+19    1.2694E+18    6.8068E+17
    3.0450E+04    4.2753E+20    2.2206E+19    1.2755E+18    6.8777E+17
    3.0550E+04    4.2794E+20    2.2231E+19    1.2986E+18    7.0918E+17
    3.0650E+04    4.2833E+20    2.2231E+19    1.2963E+18    7.0954E+17
    3.0750E+04    4.2871E+20    2.2228E+19    1.2902E+18    7.0688E+17
    3.0850E+04    4.2908E+20    2.2223E+19    1.2826E+18    7.0288E+17
    3.0950E+04    4.2946E+20    2.2217E+19    1.2748E+18    6.9870E+17
    3.1050E+04    4.2983E+20    2.2212E+19    1.2672E+18    6.9454E+17
    3.1150E+04    4.3020E+20    2.2207E+19    1.2596E+18    6.9043E+17
    3.1250E+04    4.3057E+20    2.2202E+19    1.2520E+18    6.8635E+17
    3.1350E+04    4.3095E+20    2.2198E+19    1.2446E+18    6.8231E+17
    3.1450E+04    4.3131E+20    2.2193E+19    1.2372E+18    6.7830E+17
    3.1550E+04    4.3168E+20    2.2189E+19    1.2299E+18    6.7433E+17
    3.1650E+04    4.3205E+20    2.2185E+19    1.2226E+18    6.7039E+17
    3.1750E+04    4.3241E+20    2.2180E+19    1.2154E+18    6.6649E+17
    3.1850E+04    4.3278E+20    2.2176E+19    1.2082E+18    6.6262E+17
    3.1950E+04    4.3314E+20    2.2172E+19    1.2012E+18    6.5878E+17
    3.2100E+04    4.3368E+20    2.2167E+19    1.1907E+18    6.5310E+17
    3.2300E+04    4.3440E+20    2.2160E+19    1.1769E+18    6.4562E+17
    3.2500E+04    4.3512E+20    2.2153E+19    1.1633E+18    6.3825E+17
    3.2700E+04    4.3583E+20    2.2144E+19    1.1474E+18    6.2874E+17
    3.2900E+04    4.1408E+20    2.1129E+19    1.1004E+18    5.9314E+17
    3.3100E+04    4.1477E+20    2.1145E+19    1.1105E+18    6.0489E+17
    3.3300E+04    4.1545E+20    2.1151E+19    1.1099E+18    6.0809E+17
    3.3500E+04    4.1612E+20    2.1147E+19    1.0984E+18    6.0221E+17
    3.3700E+04    4.1678E+20    2.1142E+19    1.0865E+18    5.9583E+17
    3.3900E+04    4.1744E+20    2.1137E+19    1.0746E+18    5.8942E+17
    3.4100E+04    4.1809E+20    2.1133E+19    1.0629E+18    5.8309E+17
    3.4300E+04    4.1874E+20    2.1129E+19    1.0513E+18    5.7684E+17
    3.4500E+04    4.1939E+20    2.1125E+19    1.0399E+18    5.7066E+17
    3.4700E+04    4.2003E+20    2.1122E+19    1.0286E+18    5.6455E+17
    3.4900E+04    4.2066E+20    2.1119E+19    1.0176E+18    5.5857E+17
    3.5100E+04    4.2130E+20    2.1117E+19    1.0066E+18    5.5258E+17
    3.5300E+04    4.2193E+20    2.1115E+19    9.9584E+17    5.4670E+17
    3.5500E+04    4.2256E+20    2.1113E+19    9.8527E+17    5.4094E+17
    3.5700E+04    4.2318E+20    2.1111E+19    9.7469E+17    5.3513E+17
    3.5900E+04    4.2380E+20    2.1110E+19    9.6439E+17    5.2951E+17
    3.6100E+04    4.2442E+20    2.1108E+19    9.5398E+17    5.2377E+17
    3.6300E+04    4.2503E+20    2.1108E+19    9.4433E+17    5.1860E+17
    3.6500E+04    4.2564E+20    2.1107E+19    9.3374E+17    5.1259E+17
    3.6700E+04    4.2625E+20    2.1108E+19    9.2540E+17    5.0843E+17
    3.6900E+04    4.2685E+20    2.1106E+19    9.1330E+17    5.0107E+17
    3.7100E+04    4.2745E+20    2.1107E+19    9.0531E+17    4.9710E+17
    3.7300E+04    4.2803E+20    2.1093E+19    8.8214E+17    4.8055E+17
    3.7500E+04    4.2862E+20    2.1089E+19    8.6716E+17    4.7091E+17
    3.7700E+04    4.2923E+20    2.1110E+19    8.7875E+17    4.8279E+17
    3.7900E+04    4.2982E+20    2.1114E+19    8.7180E+17    4.7956E+17
    3.8100E+04    4.3040E+20    2.1111E+19    8.5876E+17    4.7117E+17
    3.8300E+04    4.3098E+20    2.1114E+19    8.5095E+17    4.6712E+17
    3.8500E+04    4.3156E+20    2.1120E+19    8.4723E+17    4.6636E+17
    3.8700E+04    4.3214E+20    2.1123E+19    8.3942E+17    4.6219E+17
    3.8900E+04    4.3270E+20    2.1122E+19    8.2808E+17    4.5522E+17
    3.9100E+04    4.3327E+20    2.1120E+19    8.1391E+17    4.4571E+17
    3.9300E+04    4.3384E+20    2.1130E+19    8.1375E+17    4.4784E+17
    3.9500E+04    4.3441E+20    2.1135E+19    8.0826E+17    4.4554E+17
    3.9700E+04    4.3497E+20    2.1138E+19    8.0071E+17    4.4149E+17
    3.9900E+04    4.3552E+20    2.1142E+19    7.9312E+17    4.3733E+17
    4.0100E+04    4.3607E+20    2.1138E+19    7.7732E+17    4.2627E+17
    4.0300E+04    4.3662E+20    2.1139E+19    7.6771E+17    4.2041E+17
    4.0500E+04    4.3715E+20    2.1130E+19    7.4815E+17    4.0652E+17
    4.0700E+04    4.3772E+20    2.1154E+19    7.6015E+17    4.1811E+17
    4.0900E+04    4.3827E+20    2.1161E+19    7.5629E+17    4.1702E+17
    4.1100E+04    4.3881E+20    2.1166E+19    7.4966E+17    4.1355E+17
    4.1300E+04    4.3934E+20    2.1170E+19    7.4228E+17    4.0930E+17
    4.1500E+04    4.3988E+20    2.1172E+19    7.3257E+17    4.0319E+17
    4.1700E+04    4.4040E+20    2.1167E+19    7.1489E+17    3.9044E+17
    4.1900E+04    4.4094E+20    2.1182E+19    7.1893E+17    3.9563E+17
    4.2100E+04    4.4147E+20    2.1190E+19    7.1575E+17    3.9480E+17
    4.2300E+04    4.4199E+20    2.1196E+19    7.0969E+17    3.9166E+17
    4.2500E+04    4.4252E+20    2.1201E+19    7.0334E+17    3.8818E+17
    4.2700E+04    4.4304E+20    2.1207E+19    6.9709E+17    3.8475E+17
    4.2900E+04    4.4355E+20    2.1213E+19    6.9087E+17    3.8137E+17
    4.3100E+04    4.4407E+20    2.1218E+19    6.8480E+17    3.7802E+17
    4.3300E+04    4.4458E+20    2.1224E+19    6.7865E+17    3.7459E+17
    4.3500E+04    4.4509E+20    2.1228E+19    6.7090E+17    3.6979E+17
    4.3700E+04    4.4559E+20    2.1223E+19    6.5332E+17    3.5696E+17
    4.3900E+04    4.4610E+20    2.1236E+19    6.5448E+17    3.5947E+17
    4.4100E+04    4.4661E+20    2.1248E+19    6.5464E+17    3.6118E+17
    4.4300E+04    4.4711E+20    2.1256E+19    6.4986E+17    3.5885E+17
    4.4500E+04    4.4761E+20    2.1262E+19    6.4430E+17    3.5581E+17
    4.4700E+04    4.3399E+20    2.0655E+19    6.4018E+17    3.5380E+17
    4.4900E+04    4.3447E+20    2.0661E+19    6.3475E+17    3.5082E+17
    4.5100E+04    4.3495E+20    2.0667E+19    6.2937E+17    3.4787E+17
    4.5300E+04    4.3543E+20    2.0674E+19    6.2408E+17    3.4495E+17
    4.5500E+04    4.3591E+20    2.0681E+19    6.1884E+17    3.4208E+17
    4.5700E+04    4.3639E+20    2.0687E+19    6.1366E+17    3.3923E+17
    4.5900E+04    4.3686E+20    2.0694E+19    6.0854E+17    3.3641E+17
    4.6100E+04    4.3733E+20    2.0700E+19    6.0293E+17    3.3307E+17
    4.6300E+04    4.3779E+20    2.0704E+19    5.9561E+17    3.2841E+17
    4.6500E+04    4.3825E+20    2.0695E+19    5.7441E+17    3.1272E+17
    4.6700E+04    4.3871E+20    2.0705E+19    5.7137E+17    3.1128E+17
    4.6900E+04    4.3919E+20    2.0724E+19    5.7901E+17    3.1876E+17
    4.7100E+04    4.3965E+20    2.0735E+19    5.7830E+17    3.1946E+17
    4.7300E+04    4.4011E+20    2.0743E+19    5.7449E+17    3.1768E+17
    4.7500E+04    4.4057E+20    2.0751E+19    5.6991E+17    3.1518E+17
    4.7700E+04    4.4102E+20    2.0758E+19    5.6535E+17    3.1267E+17
    4.7900E+04    4.4148E+20    2.0766E+19    5.6083E+17    3.1019E+17
    4.8100E+04    4.4193E+20    2.0773E+19    5.5637E+17    3.0774E+17
    4.8300E+04    4.4238E+20    2.0781E+19    5.5196E+17    3.0531E+17
    4.8500E+04    4.4282E+20    2.0789E+19    5.4761E+17    3.0292E+17
    4.8700E+04    4.4327E+20    2.0796E+19    5.4330E+17    3.0055E+17
    4.8900E+04    4.4371E+20    2.0804E+19    5.3905E+17    2.9821E+17
    4.9100E+04    4.4415E+20    2.0812E+19    5.3485E+17    2.9589E+17
    4.9300E+04    4.4459E+20    2.0820E+19    5.3069E+17    2.9361E+17
    4.9500E+04    4.4503E+20    2.0828E+19    5.2659E+17    2.9135E+17
    4.9700E+04    4.4547E+20    2.0836E+19    5.2253E+17    2.8912E+17
    4.9900E+04    4.4590E+20    2.0844E+19    5.1852E+17    2.8691E+17
    5.0100E+04    4.4633E+20    2.0852E+19    5.1456E+17    2.8472E+17
    5.0300E+04    4.4677E+20    2.0860E+19    5.1063E+17    2.8256E+17
    5.0500E+04    4.4719E+20    2.0868E+19    5.0676E+17    2.8043E+17
    5.0700E+04    4.4762E+20    2.0877E+19    5.0293E+17    2.7832E+17
    5.0900E+04    4.4805E+20    2.0884E+19    4.9858E+17    2.7570E+17
    5.1100E+04    4.4847E+20    2.0890E+19    4.9178E+17    2.7114E+17
    5.1300E+04    4.4888E+20    2.0888E+19    4.7757E+17    2.6070E+17
    5.1500E+04    4.4931E+20    2.0907E+19    4.8536E+17    2.6786E+17
    5.1700E+04    4.4973E+20    2.0918E+19    4.8409E+17    2.6779E+17
    5.1900E+04    4.5015E+20    2.0927E+19    4.8083E+17    2.6615E+17
    5.2100E+04    4.5057E+20    2.0936E+19    4.7730E+17    2.6420E+17
    5.2300E+04    4.5098E+20    2.0944E+19    4.7381E+17    2.6227E+17
    5.2500E+04    4.5139E+20    2.0953E+19    4.7035E+17    2.6036E+17
    5.2700E+04    4.5181E+20    2.0962E+19    4.6691E+17    2.5848E+17
    5.2900E+04    4.5222E+20    2.0970E+19    4.6353E+17    2.5661E+17
    5.3100E+04    4.5262E+20    2.0979E+19    4.6018E+17    2.5476E+17
    5.3300E+04    4.5303E+20    2.0988E+19    4.5687E+17    2.5294E+17
    5.3500E+04    4.5343E+20    2.0997E+19    4.5359E+17    2.5113E+17
    5.3700E+04    4.5384E+20    2.1005E+19    4.5034E+17    2.4934E+17
    5.3900E+04    4.5424E+20    2.1014E+19    4.4714E+17    2.4757E+17
    5.4100E+04    4.5464E+20    2.1023E+19    4.4397E+17    2.4583E+17
    5.4300E+04    4.5504E+20    2.1032E+19    4.4083E+17    2.4409E+17
    5.4500E+04    4.5544E+20    2.1041E+19    4.3772E+17    2.4238E+17
    5.4700E+04    4.5583E+20    2.1050E+19    4.3465E+17    2.4068E+17
    5.4900E+04    4.5623E+20    2.1059E+19    4.3161E+17    2.3901E+17
    5.5100E+04    4.5662E+20    2.1068E+19    4.2860E+17    2.3735E+17
    5.5300E+04    4.5701E+20    2.1077E+19    4.2562E+17    2.3571E+17
    5.5500E+04    4.5740E+20    2.1086E+19    4.2267E+17    2.3408E+17
    5.5700E+04    4.5779E+20    2.1095E+19    4.1976E+17    2.3247E+17
    5.5900E+04    4.5818E+20    2.1104E+19    4.1688E+17    2.3088E+17
    5.6100E+04    4.5856E+20    2.1113E+19    4.1402E+17    2.2930E+17
    5.6300E+04    4.5895E+20    2.1122E+19    4.1119E+17    2.2774E+17
    5.6500E+04    4.5933E+20    2.1131E+19    4.0839E+17    2.2620E+17
    5.6700E+04    4.5971E+20    2.1141E+19    4.0562E+17    2.2467E+17
    5.6900E+04    4.6009E+20    2.1150E+19    4.0288E+17    2.2316E+17
    5.7100E+04    4.6047E+20    2.1159E+19    4.0017E+17    2.2166E+17
    5.7300E+04    4.6085E+20    2.1168E+19    3.9748E+17    2.2018E+17
    5.7500E+04    4.6123E+20    2.1177E+19    3.9483E+17    2.1871E+17
    5.7700E+04    4.6160E+20    2.1187E+19    3.9219E+17    2.1726E+17
    5.7900E+04    4.6198E+20    2.1196E+19    3.8959E+17    2.1582E+17
    5.8100E+04    4.6235E+20    2.1205E+19    3.8700E+17    2.1439E+17
    5.8300E+04    4.6272E+20    2.1214E+19    3.8445E+17    2.1298E+17
    5.8500E+04    4.5363E+20    2.0812E+19    3.8231E+17    2.1187E+17
    5.8700E+04    4.5400E+20    2.0820E+19    3.7927E+17    2.1000E+17
    5.8900E+04    4.5436E+20    2.0827E+19    3.7429E+17    2.0660E+17
    5.9100E+04    4.5471E+20    2.0829E+19    3.6404E+17    1.9918E+17
    5.9300E+04    4.5508E+20    2.0846E+19    3.7032E+17    2.0465E+17
    5.9500E+04    4.5545E+20    2.0857E+19    3.6970E+17    2.0477E+17
    5.9700E+04    4.5580E+20    2.0867E+19    3.6764E+17    2.0377E+17
    5.9900E+04    4.5616E+20    2.0876E+19    3.6528E+17    2.0247E+17
    6.0100E+04    4.5652E+20    2.0885E+19    3.6294E+17    2.0118E+17
    6.0300E+04    4.5687E+20    2.0894E+19    3.6062E+17    1.9989E+17
    6.0500E+04    4.5723E+20    2.0904E+19    3.5832E+17    1.9862E+17
    6.0700E+04    4.5758E+20    2.0913E+19    3.5605E+17    1.9737E+17
    6.0900E+04    4.5793E+20    2.0922E+19    3.5379E+17    1.9612E+17
    6.1100E+04    4.5828E+20    2.0931E+19    3.5156E+17    1.9489E+17
    6.1300E+04    4.5863E+20    2.0941E+19    3.4935E+17    1.9367E+17
    6.1500E+04    4.5898E+20    2.0950E+19    3.4716E+17    1.9246E+17
    6.1700E+04    4.5933E+20    2.0959E+19    3.4499E+17    1.9125E+17
    6.1900E+04    4.5967E+20    2.0969E+19    3.4284E+17    1.9007E+17
    6.2100E+04    4.6002E+20    2.0978E+19    3.4071E+17    1.8889E+17
    6.2300E+04    4.6036E+20    2.0987E+19    3.3860E+17    1.8772E+17
    6.2500E+04    4.6071E+20    2.0997E+19    3.3651E+17    1.8657E+17
    6.2700E+04    4.6105E+20    2.1006E+19    3.3444E+17    1.8542E+17
    6.2900E+04    4.6139E+20    2.1015E+19    3.3239E+17    1.8429E+17
    6.3100E+04    4.6173E+20    2.1025E+19    3.3036E+17    1.8317E+17
    6.3300E+04    4.6207E+20    2.1034E+19    3.2835E+17    1.8205E+17
    6.3500E+04    4.6240E+20    2.1043E+19    3.2635E+17    1.8095E+17
    6.3700E+04    4.6274E+20    2.1053E+19    3.2437E+17    1.7986E+17
    6.3900E+04    4.6307E+20    2.1062E+19    3.2241E+17    1.7877E+17
    6.4200E+04    4.6358E+20    2.1076E+19    3.1951E+17    1.7716E+17
    6.4600E+04    4.6424E+20    2.1095E+19    3.1570E+17    1.7505E+17
    6.5000E+04    4.6490E+20    2.1113E+19    3.1195E+17    1.7298E+17
    6.5400E+04    4.6556E+20    2.1132E+19    3.0827E+17    1.7095E+17
    6.5800E+04    4.6621E+20    2.1151E+19    3.0466E+17    1.6895E+17
    6.6200E+04    4.6686E+20    2.1169E+19    3.0111E+17    1.6698E+17
    6.6600E+04    4.6750E+20    2.1188E+19    2.9762E+17    1.6505E+17
    6.7000E+04    4.6814E+20    2.1207E+19    2.9420E+17    1.6316E+17
    6.7400E+04    4.6878E+20    2.1226E+19    2.9083E+17    1.6129E+17
    6.7800E+04    4.6941E+20    2.1244E+19    2.8752E+17    1.5946E+17
    6.8200E+04    4.7004E+20    2.1263E+19    2.8426E+17    1.5766E+17
    6.8600E+04    4.7067E+20    2.1282E+19    2.8107E+17    1.5589E+17
    6.9000E+04    4.7129E+20    2.1300E+19    2.7792E+17    1.5415E+17
    6.9400E+04    4.7191E+20    2.1319E+19    2.7483E+17    1.5243E+17
    6.9800E+04    4.7253E+20    2.1338E+19    2.7179E+17    1.5075E+17
    7.0200E+04    4.7314E+20    2.1356E+19    2.6880E+17    1.4909E+17
    7.0600E+04    4.7375E+20    2.1375E+19    2.6586E+17    1.4747E+17
    7.1000E+04    4.7435E+20    2.1394E+19    2.6296E+17    1.4586E+17
    7.1400E+04    4.7496E+20    2.1412E+19    2.6012E+17    1.4429E+17
    7.1800E+04    4.7556E+20    2.1431E+19    2.5732E+17    1.4274E+17
    7.2200E+04    4.7615E+20    2.1449E+19    2.5457E+17    1.4121E+17
    7.2600E+04    4.7674E+20    2.1468E+19    2.5186E+17    1.3971E+17
    7.3000E+04    4.7733E+20    2.1487E+19    2.4919E+17    1.3823E+17
    7.3400E+04    4.7792E+20    2.1505E+19    2.4657E+17    1.3678E+17
    7.3800E+04    4.7850E+20    2.1523E+19    2.4398E+17    1.3534E+17
    7.4200E+04    4.7244E+20    2.1252E+19    2.4101E+17    1.3356E+17
    7.4600E+04    4.7351E+20    2.1622E+19    2.5059E+17    1.2919E+17
    7.5000E+04    4.7358E+20    2.1284E+19    2.3214E+17    1.2782E+17
    7.5400E+04    4.7415E+20    2.1306E+19    2.3352E+17    1.2938E+17
    7.5800E+04    4.7471E+20    2.1325E+19    2.3168E+17    1.2853E+17
    7.6200E+04    4.7528E+20    2.1343E+19    2.2934E+17    1.2723E+17
    7.6600E+04    4.7584E+20    2.1362E+19    2.2702E+17    1.2595E+17
    7.7000E+04    4.7639E+20    2.1380E+19    2.2474E+17    1.2468E+17
    7.7400E+04    4.7694E+20    2.1398E+19    2.2250E+17    1.2344E+17
    7.7800E+04    4.7749E+20    2.1416E+19    2.2029E+17    1.2221E+17
    7.8200E+04    4.7804E+20    2.1434E+19    2.1811E+17    1.2101E+17
    7.8600E+04    4.7859E+20    2.1452E+19    2.1596E+17    1.1982E+17
    7.9000E+04    4.7913E+20    2.1470E+19    2.1385E+17    1.1865E+17
    7.9400E+04    4.7967E+20    2.1488E+19    2.1177E+17    1.1749E+17
    7.9800E+04    4.8021E+20    2.1506E+19    2.0972E+17    1.1635E+17
    8.0200E+04    4.8074E+20    2.1524E+19    2.0770E+17    1.1523E+17
    8.0600E+04    4.8127E+20    2.1541E+19    2.0570E+17    1.1413E+17
    8.1000E+04    4.8180E+20    2.1559E+19    2.0374E+17    1.1304E+17
    8.1400E+04    4.8233E+20    2.1577E+19    2.0180E+17    1.1196E+17
    8.1800E+04    4.8286E+20    2.1595E+19    1.9989E+17    1.1090E+17
    8.2200E+04    4.8338E+20    2.1612E+19    1.9801E+17    1.0986E+17
    8.2600E+04    4.8390E+20    2.1630E+19    1.9615E+17    1.0883E+17
    8.3000E+04    4.8441E+20    2.1648E+19    1.9433E+17    1.0782E+17
    8.3400E+04    4.8493E+20    2.1665E+19    1.9252E+17    1.0682E+17
    8.3800E+04    4.8544E+20    2.1683E+19    1.9075E+17    1.0583E+17
    8.4200E+04    4.8595E+20    2.1700E+19    1.8899E+17    1.0486E+17
    8.4600E+04    4.8646E+20    2.1718E+19    1.8726E+17    1.0390E+17
    8.5000E+04    4.8697E+20    2.1735E+19    1.8556E+17    1.0295E+17
    8.5400E+04    4.8747E+20    2.1753E+19    1.8387E+17    1.0202E+17
    8.5800E+04    4.8797E+20    2.1770E+19    1.8222E+17    1.0110E+17
    8.6200E+04    4.8847E+20    2.1788E+19    1.8058E+17    1.0019E+17
    8.6600E+04    4.8897E+20    2.1805E+19    1.7896E+17    9.9290E+16
    8.7000E+04    4.8946E+20    2.1822E+19    1.7737E+17    9.8406E+16
    8.7400E+04    4.8995E+20    2.1839E+19    1.7580E+17    9.7533E+16
    8.7800E+04    4.9044E+20    2.1857E+19    1.7425E+17    9.6672E+16
    8.8200E+04    4.9093E+20    2.1874E+19    1.7272E+17    9.5822E+16
    8.8600E+04    4.9142E+20    2.1891E+19    1.7121E+17    9.4983E+16
    8.9000E+04    4.9190E+20    2.1908E+19    1.6972E+17    9.4156E+16
    8.9400E+04    4.9238E+20    2.1925E+19    1.6825E+17    9.3339E+16
    8.9800E+04    4.9286E+20    2.1942E+19    1.6680E+17    9.2533E+16
    9.0200E+04    4.9334E+20    2.1959E+19    1.6536E+17    9.1737E+16
    9.0600E+04    4.9382E+20    2.1976E+19    1.6395E+17    9.0951E+16
    9.1000E+04    4.9429E+20    2.1993E+19    1.6255E+17    9.0175E+16
    9.1400E+04    4.8992E+20    2.1799E+19    1.6118E+17    8.9410E+16
    9.1800E+04    4.9039E+20    2.1816E+19    1.5983E+17    8.8653E+16
    9.2200E+04    4.9086E+20    2.1832E+19    1.5850E+17    8.7907E+16
    9.2600E+04    4.9132E+20    2.1849E+19    1.5718E+17    8.7170E+16
    9.3000E+04    4.9178E+20    2.1866E+19    1.5588E+17    8.6442E+16
    9.3400E+04    4.9224E+20    2.1883E+19    1.5459E+17    8.5723E+16
    9.3800E+04    4.9270E+20    2.1899E+19    1.5331E+17    8.5014E+16
    9.4200E+04    4.9316E+20    2.1916E+19    1.5204E+17    8.4313E+16
    9.4600E+04    4.9362E+20    2.1932E+19    1.5079E+17    8.3620E+16
    9.5000E+04    4.9407E+20    2.1948E+19    1.4955E+17    8.2936E+16
    9.5400E+04    4.9452E+20    2.1965E+19    1.4833E+17    8.2261E+16
    9.5800E+04    4.9497E+20    2.1981E+19    1.4711E+17    8.1594E+16
    9.6200E+04    4.9542E+20    2.1997E+19    1.4594E+17    8.0934E+16
    9.6600E+04    4.9586E+20    2.2014E+19    1.4478E+17    8.0282E+16
    9.7000E+04    4.9631E+20    2.2030E+19    1.4364E+17    7.9639E+16
    9.7400E+04    4.9675E+20    2.2046E+19    1.4250E+17    7.9003E+16
    9.7800E+04    4.9719E+20    2.2063E+19    1.4137E+17    7.8375E+16
    9.8200E+04    4.9763E+20    2.2079E+19    1.4026E+17    7.7754E+16
    9.8600E+04    4.9807E+20    2.2095E+19    1.3915E+17    7.7141E+16
    9.9000E+04    4.9851E+20    2.2111E+19    1.3806E+17    7.6535E+16
    9.9400E+04    4.9894E+20    2.2127E+19    1.3698E+17    7.5936E+16
    9.9800E+04    4.9937E+20    2.2143E+19    1.3591E+17    7.5344E+16
    1.0020E+05    4.9981E+20    2.2159E+19    1.3484E+17    7.4759E+16
    2.0000E+05    5.6604E+20    2.4779E+19    3.5430E+16    1.9232E+16
    4.0000E+05    6.4334E+20    2.8080E+19    9.9283E+15    4.8571E+15
    6.0000E+05    6.9322E+20    3.0242E+19    5.2729E+15    2.1633E+15
    8.0000E+05    7.3057E+20    3.1865E+19    3.6530E+15    1.2175E+15
    1.0000E+06    7.6042E+20    3.3165E+19    2.9203E+15    7.7963E+14
    1.2000E+06    7.8545E+20    3.4255E+19    2.5184E+15    5.4215E+14
    1.4000E+06    8.0694E+20    3.5192E+19    2.3483E+15    3.9931E+14
    1.6000E+06    8.2586E+20    3.6016E+19    2.2306E+15    3.0688E+14
