 33.59898925759051 2.507137047332219-301 
 34.60695893531822 5.167430316617039-301 
 35.64516770337777 5.329787965409170-300 
 36.71452273447910 3.475577261401674-300 
 37.81595841651347 2.089605628331607-300 
 38.95043716900887 4.738347509492830-300 
 40.11895028407915 1.393182187900662-299 
 41.32251879260151 7.647528639619722-299 
 42.56219435637956 7.243106805917323-298 
 43.83906018707095 4.581115281503082-294 
 45.15423199268307 2.930438203344264-285 
 46.50885895246357 1.035839812371694-276 
 47.90412472103747 2.058530544700245-268 
 49.34124846266860 2.338912857689412-260 
 50.82148591654865 1.544321769156712-252 
 52.34613049404511 6.020013469467086-245 
 53.91651440886647 1.406895425797963-237 
 55.53400984113246 2.000807600631636-230 
 57.20003013636645 1.756765635860199-223 
 58.91603104045745 9.658062251657616-217 
 60.68351197167118 3.370223622834170-210 
 62.50401733082131 7.564360480259107-204 
 64.37913785074594 1.106152798237784-197 
 66.31051198626832 1.067110348923077-191 
 68.29982734585636 6.874146020747428-186 
 70.34882216623207 2.991947069424450-180 
 72.45928683121904 8.899720946282789-175 
 74.63306543615560 1.829377018265334-169 
 76.87205739924028 2.626703421077535-164 
 79.17821912121748 2.662197159059096-159 
 81.55356569485400 1.923972233804236-154 
 84.00017266569962 1.001305016024318-149 
 86.52017784567062 3.788766821656284-145 
 89.11578318104073 1.052027439952052-140 
 91.78925667647195 2.163068253321160-136 
 94.54293437676613 3.322228375386391-132 
 97.37922240806911 3.844113378550913-128 
 100.3005990803112 3.378734839952451-124 
 103.3096170527205 2.273958760520335-120 
 106.4089055643022 1.181026254330148-116 
 109.6011727312312 4.769408405735222-113 
 112.8892079131682 1.508625306505255-109 
 116.2758841505632 3.764448033419908-106 
 119.7641606750801 7.461485463047602-103 
 123.3570854953325 1.182679088002976-099 
 127.0577980601925 1.508880319422979e-96 
 130.8695320019983 1.559319438008268e-93 
 134.7956179620583 1.313330169389273e-90 
 138.8394865009200 9.069005323358654e-88 
 143.0046710959476 5.164225709853252e-85 
 147.2948112288260 2.438654354055370e-82 
 151.7136555656908 9.602035087505267e-80 
 156.2650652326615 3.169157486359916e-77 
 160.9530171896414 8.813011085279649e-75 
 165.7816077053306 2.075258449552335e-72 
 170.7550559364905 4.158069291264656e-70 
 175.8777076145853 7.122392598272504e-68 
 181.1540388430228 1.047751466887400e-65 
 186.5886600083135 1.329580505336025e-63 
 192.1863198085629 1.461722035915999e-61 
 197.9519094028198 1.398054788733307e-59 
 203.8904666849044 1.168034123767318e-57 
 210.0071806854515 8.557961366685637e-56 
 216.3073961060151 5.519889590594665e-54 
 222.7966179891955 3.145932088298756e-52 
 229.4805165288714 1.589988458282398e-50 
 236.3649320247375 7.151310333313278e-49 
 243.4558799854797 2.872113007390042e-47 
 250.7595563850441 1.033418039858905e-45 
 258.2823430765954 3.341965155286044e-44 
 266.0308133688933 9.743869917952954e-43 
 274.0117377699601 2.569080738520236e-41 
 282.2320899030589 6.143496399535626e-40 
 290.6990526001507 1.336234902150750e-38 
 299.4200241781553 2.650825125032716e-37 
 308.4026249034999 4.809246998378389e-36 
 317.6547036506049 8.000247755784993e-35 
 327.1843447601230 1.223375125240405e-33 
 336.9998751029268 1.723903838952943e-32 
 347.1098713560146 2.243880180420089e-31 
 357.5231674966950 2.704115169491437e-30 
 368.2488625215959 3.023888220911507e-29 
 379.2963283972437 3.144624185363797e-28 
 390.6752182491612 3.047570832819417e-27 
 402.3954747966359 2.758121635355425e-26 
 414.4673390405350 2.335682435874538e-25 
 426.9013592117511 1.854366854975797e-24 
 439.7083999881036 1.382849560830934e-23 
 452.8996519877467 9.703837832240470e-23 
 466.4866415473792 6.419038794031103e-22 
 480.4812407938005 4.009592777605780e-21 
 494.8956780176146 2.368963011930816e-20 
 509.7425483581430 1.326009610131253e-19 
 525.0348248088872 7.042833024687176e-19 
 540.7858695531539 3.554858544095863e-18 
 557.0094456397486 1.707709049205347e-17 
 573.7197290089410 7.818898611995184e-17 
 590.9313208792092 3.416824101521021e-16 
 608.6592605055854 1.427027713305544e-15 
 626.9190383207531 5.703547820228584e-15 
 645.7266094703757 2.184308943645790e-14 
 665.0984077544870 8.025581149219817e-14 
 685.0513599871216 2.832394553673883e-13 
 705.6029007867352 9.612844761538617e-13 
 726.7709878103374 3.140958981904011e-12 
 748.5741174446475 9.891487289551614e-12 
 771.0313409679869 3.005472756626474e-11 
 794.1622811970265 8.819930895791697e-11 
 817.9871496329374 2.502389702709944e-10 
 842.5267641219257 6.870771936241652e-10 
 867.8025670455832 1.827376593608336e-09 
 893.8366440569510 4.712177762565739e-09 
 920.6517433786595 1.179163184347374e-08 
 948.2712956800193 2.865900562559698e-08 
 976.7194345504199 6.770936181304988e-08 
 1006.021017586933 1.556293845909585e-07 
 1036.201648114541 3.482847022636803e-07 
 1067.287697557977 7.594720964341136e-07 
 1099.306328484716 1.614912201859602e-06 
 1132.285518339258 3.350898962362367e-06 
 1166.254083889436 6.789777961112925e-06 
 1201.241706406119 1.344402152908213e-05 
 1237.278957598302 2.602981281845538e-05 
 1274.397326326252 4.931299538806727e-05 
 1312.629246116039 9.146861169365894e-05 
 1352.008123499520 1.662136809023078e-04 
 1392.568367204506 2.960744219178035e-04 
 1434.345418220641 5.172754696027642e-04 
 1477.375780767260 8.868889200990551e-04 
 1521.697054190278 1.493050655031832e-03 
 1567.347965815987 2.469230583167067e-03 
 1614.368404790466 4.013716081160187e-03 
 1662.799456934180 6.415610645903001e-03 
 1712.683440642206 1.008873175549420e-02 
 1764.063943861472 1.561477560986557e-02 
 1816.985862177316 2.379695946128826e-02 
 1871.495438042636 3.572501095340809e-02 
 1927.640301183915 5.285180804753903e-02 
 1985.469510219432 7.708115214625641e-02 
 2045.033595526015 0.1108650670651472 
 2106.384603391796 0.1573076677827211 
 2169.576141493550 0.2202710765379913 
 2234.663425738356 0.3044771570642383 
 2301.703328510507 0.4155971063626626 
 2370.754428365822 0.5603193405899813 
 2441.877061216797 0.7463848219991121 
 2515.133373053301 0.9825782025852348
 2520.000000000000 1.0000000000000000
