 6.203549999999999e-02 6.836573847939032e-23 
 8.271400000000001e-02 1.066495378353177e-22 
 0.1240710000000000 1.995937742146970e-22 
 0.2481420000000000 5.827140259338630e-22 
 0.2757133333333333 6.857783972135411e-22 
 0.4135700000000001 1.283428895736149e-21 
 0.6203549999999999 2.401927119756767e-21 
 1.240710000000000 7.012426251570485e-21 
 1.378566666666667 8.623220289940492e-21 
 1.550887500000000 1.106403604160104e-20 
 1.772442857142857 1.510773191043323e-20 
 2.067850000000000 2.260778732880147e-20 
 2.481420000000001 3.877749806282770e-20 
 2.642973570000001 4.799000772331441e-20 
 2.643000000000000 4.799151488053990e-20 
 2.643026430000001 4.799302203776529e-20 
 2.757133333333334 5.449990981057373e-20 
 3.101775000000002 8.213153669030839e-20 
 3.544885714285715 1.351285610955581e-19 
 4.135700000000000 2.495379760057230e-19 
 4.278310344827588 2.868911576532184e-19 
 4.431107142857143 3.319125029341102e-19 
 4.595222222222224 3.865174233152983e-19 
 4.771961538461542 4.531715015046191e-19 
 4.962840000000003 5.350497734918143e-19 
 5.169624999999999 6.362509187227817e-19 
 5.394391304347826 7.620550436149684e-19 
 5.639590909090909 9.192228528594256e-19 
 5.908142857142858 1.116300884515671e-18 
 6.203550000000001 1.363858692503219e-18 
 6.530052631578948 1.674405950696637e-18 
 6.892833333333335 2.061573170560894e-18 
 7.298294117647059 2.537622537866218e-18 
 7.754437500000001 3.107660626637765e-18 
 8.271400000000001 3.758007453506118e-18 
 8.862214285714284 4.435728202877601e-18 
 9.543923076923078 5.019489227552100e-18 
 10.33925000000000 5.295478909723106e-18 
 11.27918181818182 4.984995310660476e-18 
 12.40710000000000 3.907427701250885e-18 
 13.78566666666667 2.284787969027216e-18 
 15.50887500000000 8.354800602516535e-19 
 17.72442857142857 1.431735591800696e-19 
 20.67850000000000 1.868513052915982e-20 
 24.81420000000000 1.680785743444718e-21 
