 6.203549999999999e-02 2.860000000000000e-20 
 8.271400000000001e-02 3.730000000000001e-20 
 0.1240710000000000 5.260000000000001e-20 
 0.2481420000000000 9.080000000000001e-20 
 0.2757133333333333 9.620000000000000e-20 
 0.4135700000000001 1.325000000000000e-19 
 0.6203549999999999 1.982000000000001e-19 
 1.240710000000000 3.635000000000001e-19 
 1.378566666666667 4.046000000000001e-19 
 1.550887500000000 4.534000000000000e-19 
 1.772442857142857 5.175000000000000e-19 
 2.067850000000000 6.120000000000000e-19 
 2.481420000000001 7.547000000000002e-19 
 2.642973570000001 8.166932576323235e-19 
 2.643000000000000 8.167033996663201e-19 
 2.643026430000001 8.167135417003168e-19 
 2.757133333333334 8.605000000000002e-19 
 3.101775000000002 1.006900000000000e-18 
 3.544885714285715 1.203700000000000e-18 
 4.135700000000000 1.484300000000000e-18 
 4.278310344827586 1.557700000000000e-18 
 4.431107142857143 1.639200000000000e-18 
 4.595222222222222 1.729600000000000e-18 
 4.771961538461540 1.829300000000000e-18 
 4.962840000000001 1.938700000000000e-18 
 5.169625000000000 2.058100000000000e-18 
 5.394391304347826 2.188300000000000e-18 
 5.639590909090909 2.329700000000000e-18 
 5.908142857142858 2.482100000000000e-18 
 6.203550000000001 2.644400000000000e-18 
 6.530052631578948 2.814900000000000e-18 
 6.892833333333334 2.990900000000000e-18 
 7.298294117647059 3.166200000000000e-18 
 7.754437500000000 3.330100000000000e-18 
 8.271399999999999 3.466000000000000e-18 
 8.862214285714285 3.547600000000000e-18 
 9.543923076923077 3.536100000000000e-18 
 10.33925000000000 3.380600000000000e-18 
 11.27918181818182 3.022400000000000e-18 
 12.40710000000000 2.421300000000000e-18 
 13.78566666666667 1.613500000000000e-18 
 15.50887500000000 7.797000000000000e-19 
 17.72442857142857 2.105000000000000e-19 
 20.67850000000000 1.860000000000000e-20 
 24.81420000000000 2.040000000000000e-22 
