 6.203549999999999e-02 1.900000000000000e-21 
 8.271400000000001e-02 2.500000000000000e-21 
 0.1240710000000000 3.560000000000000e-21 
 0.2481420000000000 6.410000000000001e-21 
 0.2757133333333333 6.880000000000001e-21 
 0.4135700000000001 1.000000000000000e-20 
 0.6203549999999999 1.590000000000000e-20 
 1.240710000000000 3.820000000000001e-20 
 1.378566666666667 4.480000000000001e-20 
 1.550887500000000 5.419999999999999e-20 
 1.772442857142857 6.850000000000004e-20 
 2.067850000000000 9.270000000000003e-20 
 2.481420000000001 1.389000000000000e-19 
 2.642973570000001 1.619277412566192e-19 
 2.643000000000000 1.619315085717049e-19 
 2.643026430000001 1.619352758867906e-19 
 2.757133333333334 1.782000000000000e-19 
 3.101775000000002 2.412000000000000e-19 
 3.544885714285715 3.477000000000000e-19 
 4.135700000000000 5.448000000000000e-19 
 4.278310344827586 6.033000000000000e-19 
 4.431107142857143 6.712000000000002e-19 
 4.595222222222222 7.501000000000002e-19 
 4.771961538461540 8.424000000000003e-19 
 4.962840000000001 9.508000000000002e-19 
 5.169625000000000 1.078500000000000e-18 
 5.394391304347826 1.229500000000000e-18 
 5.639590909090909 1.408500000000000e-18 
 5.908142857142858 1.620800000000000e-18 
 6.203550000000001 1.872600000000000e-18 
 6.530052631578948 2.169700000000000e-18 
 6.892833333333334 2.517200000000000e-18 
 7.298294117647059 2.916700000000000e-18 
 7.754437500000000 3.362400000000000e-18 
 8.271399999999999 3.833100000000000e-18 
 8.862214285714285 4.281100000000001e-18 
 9.543923076923077 4.616900000000001e-18 
 10.33925000000000 4.698100000000001e-18 
 11.27918181818182 4.347000000000002e-18 
 12.40710000000000 3.442700000000000e-18 
 13.78566666666667 2.111300000000000e-18 
 15.50887500000000 8.477000000000000e-19 
 17.72442857142857 1.676000000000000e-19 
 20.67850000000000 1.000000000000000e-20 
 24.81420000000000 7.339999999999999e-23 
