 6.203549999999999e-02 1.774991058393045e-23 
 8.271400000000001e-02 2.768959719443492e-23 
 0.1240710000000000 5.182086413778865e-23 
 0.2481420000000000 1.512910133991496e-22 
 0.2757133333333333 1.780497878275834e-22 
 0.4135700000000001 3.332187824902496e-22 
 0.6203549999999999 6.236163398959374e-22 
 1.240710000000000 1.820647910931376e-21 
 1.378566666666667 2.238861050818910e-21 
 1.550887500000000 2.872574111007448e-21 
 1.772442857142857 3.922445606537594e-21 
 2.067850000000000 5.869697490471996e-21 
 2.481420000000001 1.006786642831663e-20 
 2.642973570000001 1.245972566021142e-20 
 2.643000000000000 1.246011696595293e-20 
 2.643026430000001 1.246050827169439e-20 
 2.757133333333334 1.414990238511937e-20 
 3.101775000000002 2.132394770851549e-20 
 3.544885714285715 3.508365364085857e-20 
 4.135700000000000 6.478809134678779e-20 
 4.278310344827588 7.448649532523894e-20 
 4.431107142857143 8.617663022912138e-20 
 4.595222222222225 1.003577944723926e-19 
 4.771961538461543 1.176767172695776e-19 
 4.962840000000004 1.389789242803783e-19 
 5.169624999999999 1.653948127800859e-19 
 5.394391304347826 1.984958266631920e-19 
 5.639590909090909 2.406220347722554e-19 
 5.908142857142858 2.956238887990345e-19 
 6.203550000000001 3.705643113044714e-19 
 6.530052631578948 4.794145946897195e-19 
 6.892833333333335 6.502884171358880e-19 
 7.298294117647059 9.370863682300607e-19 
 7.754437500000001 1.431524706270788e-18 
 8.271400000000001 2.257466158156033e-18 
 8.862214285714284 3.506904677504103e-18 
 9.543923076923078 5.074861947868809e-18 
 10.33925000000000 6.446983753358155e-18 
 11.27918181818182 6.733246648346713e-18 
 12.40710000000000 5.331851841686593e-18 
 13.78566666666667 2.865097657429798e-18 
 15.50887500000000 8.855883738812641e-19 
 17.72442857142857 1.208351907960615e-19 
 20.67850000000000 7.634219594532108e-21 
 24.81420000000000 4.467456312959802e-22 
