 6.203549999999999e-02 5.833145458926130e-24 
 8.271400000000001e-02 9.099620382338070e-24 
 0.1240710000000000 1.702986822911842e-23 
 0.2481420000000000 4.971870047528799e-23 
 0.2757133333333333 5.851242497353746e-23 
 0.4135700000000001 1.095055447587211e-22 
 0.6203549999999999 2.049387687884690e-22 
 1.240710000000000 5.983187376485950e-22 
 1.378566666666667 7.357559414172022e-22 
 1.550887500000000 9.440127910402955e-22 
 1.772442857142857 1.289031607763347e-21 
 2.067850000000000 1.928956154450394e-21 
 2.481420000000001 3.308598601650292e-21 
 2.642973570000001 4.094634269320013e-21 
 2.643000000000000 4.094762863957072e-21 
 2.643026430000001 4.094891458594104e-21 
 2.757133333333334 4.650076317383543e-21 
 3.101775000000002 7.007679737744537e-21 
 3.544885714285715 1.152952613448249e-20 
 4.135700000000000 2.129140120276169e-20 
 4.278310344827588 2.447888747486085e-20 
 4.431107142857143 2.832167063305436e-20 
 4.595222222222225 3.298564574013406e-20 
 4.771961538461543 3.868931924360150e-20 
 4.962840000000004 4.572976726447476e-20 
 5.169624999999999 5.453854794169997e-20 
 5.394391304347826 6.581395418021581e-20 
 5.639590909090909 8.085528000371470e-20 
 5.908142857142858 1.024073514414273e-19 
 6.203550000000001 1.367075053824304e-19 
 6.530052631578948 1.980711511851196e-19 
 6.892833333333335 3.180218193080184e-19 
 7.298294117647059 5.602632597150463e-19 
 7.754437500000001 1.036902729093015e-18 
 8.271400000000001 1.904185397560973e-18 
 8.862214285714284 3.288226602785754e-18 
 9.543923076923078 5.087898654562803e-18 
 10.33925000000000 6.718088926037442e-18 
 11.27918181818182 7.144847158244729e-18 
 12.40710000000000 5.667211918281944e-18 
 13.78566666666667 3.001723186320500e-18 
 15.50887500000000 8.973856521075020e-19 
 17.72442857142857 1.155759448175536e-19 
 20.67850000000000 5.032442334318355e-21 
 24.81420000000000 1.562087225313291e-22 
