 6.203549999999999e-02 1.161000000000000e-19 
 8.271400000000001e-02 1.506000000000000e-19 
 0.1240710000000000 2.109000000000000e-19 
 0.2481420000000000 3.540000000000000e-19 
 0.2757133333333333 3.723000000000000e-19 
 0.4135700000000001 4.954000000000001e-19 
 0.6203549999999999 7.108000000000000e-19 
 1.240710000000000 1.119400000000000e-18 
 1.378566666666667 1.206700000000000e-18 
 1.550887500000000 1.294000000000000e-18 
 1.772442857142857 1.392300000000000e-18 
 2.067850000000000 1.525500000000000e-18 
 2.481420000000001 1.685900000000000e-18 
 2.642973570000001 1.748069041916725e-18 
 2.643000000000000 1.748079212708852e-18 
 2.643026430000001 1.748089383500979e-18 
 2.757133333333334 1.792000000000000e-18 
 3.101775000000002 1.936300000000000e-18 
 3.544885714285715 2.083200000000001e-18 
 4.135700000000000 2.225600000000000e-18 
 4.278310344827586 2.262000000000000e-18 
 4.431107142857143 2.304500000000000e-18 
 4.595222222222222 2.353000000000000e-18 
 4.771961538461540 2.406300000000000e-18 
 4.962840000000001 2.462200000000000e-18 
 5.169625000000000 2.518800000000000e-18 
 5.394391304347826 2.575500000000000e-18 
 5.639590909090909 2.631400000000000e-18 
 5.908142857142858 2.684300000000000e-18 
 6.203550000000001 2.730000000000000e-18 
 6.530052631578948 2.765700000000000e-18 
 6.892833333333334 2.789800000000000e-18 
 7.298294117647059 2.798500000000001e-18 
 7.754437500000000 2.784000000000000e-18 
 8.271399999999999 2.738800000000000e-18 
 8.862214285714285 2.653500000000001e-18 
 9.543923076923077 2.512000000000000e-18 
 10.33925000000000 2.301900000000000e-18 
 11.27918181818182 2.006200000000000e-18 
 12.40710000000000 1.613700000000000e-18 
 13.78566666666667 1.140300000000000e-18 
 15.50887500000000 6.376000000000000e-19 
 17.72442857142857 2.266000000000000e-19 
 20.67850000000000 2.760000000000000e-20 
 24.81420000000000 3.890000000000000e-22 
