 6.203549999999999e-02 2.487000000000000e-19 
 8.271400000000001e-02 3.216000000000001e-19 
 0.1240710000000000 4.479000000000000e-19 
 0.2481420000000000 7.371000000000000e-19 
 0.2757133333333333 7.710000000000000e-19 
 0.4135700000000001 1.000300000000000e-18 
 0.6203549999999999 1.395300000000000e-18 
 1.240710000000000 1.982700000000000e-18 
 1.378566666666667 2.094100000000000e-18 
 1.550887500000000 2.182400000000000e-18 
 1.772442857142857 2.258700000000000e-18 
 2.067850000000000 2.356400000000000e-18 
 2.481420000000001 2.422800000000000e-18 
 2.642973570000001 2.444831630311677e-18 
 2.643000000000000 2.444835234664023e-18 
 2.643026430000001 2.444838839016370e-18 
 2.757133333333334 2.460400000000000e-18 
 3.101775000000002 2.534900000000001e-18 
 3.544885714285715 2.556700000000000e-18 
 4.135700000000000 2.482500000000000e-18 
 4.278310344827586 2.470700000000000e-18 
 4.431107142857143 2.466000000000000e-18 
 4.595222222222222 2.468700000000000e-18 
 4.771961538461540 2.476200000000000e-18 
 4.962840000000001 2.484000000000000e-18 
 5.169625000000000 2.488500000000000e-18 
 5.394391304347826 2.488900000000001e-18 
 5.639590909090909 2.485200000000000e-18 
 5.908142857142858 2.474800000000000e-18 
 6.203550000000001 2.451600000000000e-18 
 6.530052631578948 2.412800000000000e-18 
 6.892833333333334 2.361000000000000e-18 
 7.298294117647059 2.295800000000000e-18 
 7.754437500000000 2.210600000000000e-18 
 8.271399999999999 2.103300000000000e-18 
 8.862214285714285 1.972900000000000e-18 
 9.543923076923077 1.809600000000000e-18 
 10.33925000000000 1.614700000000000e-18 
 11.27918181818182 1.384600000000000e-18 
 12.40710000000000 1.112900000000000e-18 
 13.78566666666667 8.176000000000001e-19 
 15.50887500000000 5.037000000000000e-19 
 17.72442857142857 2.211000000000000e-19 
 20.67850000000000 3.370000000000001e-20 
 24.81420000000000 5.490000000000001e-22 
