 6.203549999999999e-02 3.042000000000000e-19 
 8.271400000000001e-02 3.929000000000000e-19 
 0.1240710000000000 5.463000000000002e-19 
 0.2481420000000000 8.932000000000002e-19 
 0.2757133333333333 9.324999999999999e-19 
 0.4135700000000001 1.199900000000000e-18 
 0.6203549999999999 1.659000000000000e-18 
 1.240710000000000 2.282800000000000e-18 
 1.378566666666667 2.396500000000000e-18 
 1.550887500000000 2.476000000000000e-18 
 1.772442857142857 2.532300000000000e-18 
 2.067850000000000 2.603100000000000e-18 
 2.481420000000001 2.617900000000000e-18 
 2.642973570000001 2.620419574743091e-18 
 2.643000000000000 2.620419986942960e-18 
 2.643026430000001 2.620420399142830e-18 
 2.757133333333334 2.622200000000000e-18 
 3.101775000000002 2.665800000000000e-18 
 3.544885714285715 2.640000000000000e-18 
 4.135700000000000 2.490100000000000e-18 
 4.278310344827586 2.462600000000001e-18 
 4.431107142857143 2.443300000000000e-18 
 4.595222222222222 2.432700000000000e-18 
 4.771961538461540 2.427700000000000e-18 
 4.962840000000001 2.423000000000000e-18 
 5.169625000000000 2.414400000000000e-18 
 5.394391304347826 2.401200000000000e-18 
 5.639590909090909 2.383900000000000e-18 
 5.908142857142858 2.359700000000000e-18 
 6.203550000000001 2.322200000000000e-18 
 6.530052631578948 2.268200000000000e-18 
 6.892833333333334 2.201900000000000e-18 
 7.298294117647059 2.124400000000000e-18 
 7.754437500000000 2.028700000000000e-18 
 8.271399999999999 1.913800000000000e-18 
 8.862214285714285 1.780900000000000e-18 
 9.543923076923077 1.620200000000000e-18 
 10.33925000000000 1.435800000000000e-18 
 11.27918181818182 1.226200000000000e-18 
 12.40710000000000 9.845000000000002e-19 
 13.78566666666667 7.313000000000000e-19 
 15.50887500000000 4.622000000000000e-19 
 17.72442857142857 2.163000000000000e-19 
 20.67850000000000 3.530000000000001e-20 
 24.81420000000000 5.980000000000000e-22 
