 6.203549999999999e-02 0.0000000000000000e+00 
 8.271400000000001e-02 0.0000000000000000e+00 
 0.1240710000000000 0.0000000000000000e+00 
 0.2481420000000000 0.0000000000000000e+00 
 0.2757133333333333 0.0000000000000000e+00 
 0.4135700000000001 0.0000000000000000e+00 
 0.6203549999999999 0.0000000000000000e+00 
 1.240710000000000 0.0000000000000000e+00 
 1.378566666666667 0.0000000000000000e+00 
 1.550887500000000 0.0000000000000000e+00 
 1.772442857142857 0.0000000000000000e+00 
 2.067850000000000 0.0000000000000000e+00 
 2.481420000000001 0.0000000000000000e+00 
 2.642973570000001 0.0000000000000000e+00 
 2.643000000000000 1.863930665246233e-35 
 2.643026430000001 1.865162229989346e-35 
 2.757133333333334 2.848431694579952e-34 
 3.101775000000002 2.921370805136536e-31 
 3.544885714285715 2.554755479045800e-28 
 4.135700000000000 1.767865339686968e-25 
 4.278310344827588 6.295261387153906e-25 
 4.431107142857143 2.207145765819017e-24 
 4.595222222222224 7.606875285061661e-24 
 4.771961538461542 2.572410897417891e-23 
 4.962840000000003 8.517403046903966e-23 
 5.169625000000000 2.754395349788129e-22 
 5.394391304347826 8.674142562271722e-22 
 5.639590909090909 2.650942644574223e-21 
 5.908142857142858 7.829657272385862e-21 
 6.203550000000001 2.223677853720124e-20 
 6.530052631578948 6.035615784065674e-20 
 6.892833333333334 1.553804165496694e-19 
 7.298294117647059 3.758118602626308e-19 
 7.754437500000000 8.437389493238692e-19 
 8.271399999999999 1.731257757989802e-18 
 8.862214285714285 3.181185723391936e-18 
 9.543923076923077 5.094280000981376e-18 
 10.33925000000000 6.850792381238334e-18 
 11.27918181818182 7.346321771532656e-18 
 12.40710000000000 5.831367550064322e-18 
 13.78566666666667 3.068600109299369e-18 
 15.50887500000000 9.031603098431553e-19 
 17.72442857142857 1.130015929296793e-19 
 20.67850000000000 3.758896615211331e-21 
 24.81420000000000 1.399361362942010e-23 
