 6.203549999999999e-02 6.070000000000002e-20 
 8.271400000000001e-02 7.900000000000003e-20 
 0.1240710000000000 1.110000000000000e-19 
 0.2481420000000000 1.889000000000000e-19 
 0.2757133333333333 1.994000000000000e-19 
 0.4135700000000001 2.699000000000000e-19 
 0.6203549999999999 3.951000000000001e-19 
 1.240710000000000 6.701000000000001e-19 
 1.378566666666667 7.334000000000001e-19 
 1.550887500000000 8.033000000000003e-19 
 1.772442857142857 8.894000000000003e-19 
 2.067850000000000 1.010900000000000e-18 
 2.481420000000001 1.178000000000000e-18 
 2.642973570000001 1.246614465678120e-18 
 2.643000000000000 1.246625690935029e-18 
 2.643026430000001 1.246636916191939e-18 
 2.757133333333334 1.295100000000000e-18 
 3.101775000000002 1.453300000000000e-18 
 3.544885714285715 1.644200000000000e-18 
 4.135700000000000 1.883400000000000e-18 
 4.278310344827586 1.944300000000000e-18 
 4.431107142857143 2.011800000000000e-18 
 4.595222222222222 2.086500000000000e-18 
 4.771961538461540 2.168000000000000e-18 
 4.962840000000001 2.255300000000000e-18 
 5.169625000000000 2.347900000000000e-18 
 5.394391304347826 2.445300000000000e-18 
 5.639590909090909 2.547300000000000e-18 
 5.908142857142858 2.652200000000000e-18 
 6.203550000000001 2.757300000000000e-18 
 6.530052631578948 2.860000000000000e-18 
 6.892833333333334 2.957300000000000e-18 
 7.298294117647059 3.043800000000000e-18 
 7.754437500000000 3.109800000000000e-18 
 8.271399999999999 3.143400000000000e-18 
 8.862214285714285 3.127200000000000e-18 
 9.543923076923077 3.035800000000000e-18 
 10.33925000000000 2.840200000000000e-18 
 11.27918181818182 2.507000000000001e-18 
 12.40710000000000 2.013600000000000e-18 
 13.78566666666667 1.382300000000000e-18 
 15.50887500000000 7.183000000000001e-19 
 17.72442857142857 2.215000000000000e-19 
 20.67850000000000 2.300000000000000e-20 
 24.81420000000000 2.870000000000000e-22 
