 6.203549999999999e-02 1.230000000000000e-20 
 8.271400000000001e-02 1.610000000000000e-20 
 0.1240710000000000 2.290000000000000e-20 
 0.2481420000000000 4.000000000000000e-20 
 0.2757133333333333 4.250000000000001e-20 
 0.4135700000000001 5.960000000000001e-20 
 0.6203549999999999 9.010000000000001e-20 
 1.240710000000000 1.813000000000000e-19 
 1.378566666666667 2.041000000000000e-19 
 1.550887500000000 2.335000000000000e-19 
 1.772442857142857 2.749000000000000e-19 
 2.067850000000000 3.396000000000001e-19 
 2.481420000000001 4.487000000000000e-19 
 2.642973570000001 4.953414301279107e-19 
 2.643000000000000 4.953490606185168e-19 
 2.643026430000001 4.953566911091230e-19 
 2.757133333333334 5.283000000000001e-19 
 3.101775000000002 6.469000000000001e-19 
 3.544885714285715 8.233000000000000e-19 
 4.135700000000000 1.102900000000000e-18 
 4.278310344827586 1.178300000000000e-18 
 4.431107142857143 1.262600000000000e-18 
 4.595222222222222 1.356800000000000e-18 
 4.771961538461540 1.462300000000000e-18 
 4.962840000000001 1.580400000000000e-18 
 5.169625000000000 1.712900000000000e-18 
 5.394391304347826 1.861700000000000e-18 
 5.639590909090909 2.028900000000000e-18 
 5.908142857142858 2.216000000000000e-18 
 6.203550000000001 2.424300000000001e-18 
 6.530052631578948 2.653800000000000e-18 
 6.892833333333334 2.903100000000000e-18 
 7.298294117647059 3.167000000000000e-18 
 7.754437500000000 3.434400000000001e-18 
 8.271399999999999 3.685000000000000e-18 
 8.862214285714285 3.884000000000000e-18 
 9.543923076923077 3.976300000000001e-18 
 10.33925000000000 3.884100000000000e-18 
 11.27918181818182 3.515500000000000e-18 
 12.40710000000000 2.806900000000000e-18 
 13.78566666666667 1.816600000000000e-18 
 15.50887500000000 8.199000000000003e-19 
 17.72442857142857 1.965000000000000e-19 
 20.67850000000000 1.500000000000000e-20 
 24.81420000000000 1.430000000000000e-22 
