 6.203549999999999e-02 1.982000000000001e-19 
 8.271400000000001e-02 2.567000000000001e-19 
 0.1240710000000000 3.582000000000001e-19 
 0.2481420000000000 5.932000000000000e-19 
 0.2757133333333333 6.216000000000002e-19 
 0.4135700000000001 8.132000000000003e-19 
 0.6203549999999999 1.144800000000000e-18 
 1.240710000000000 1.681600000000000e-18 
 1.378566666666667 1.787600000000000e-18 
 1.550887500000000 1.880000000000000e-18 
 1.772442857142857 1.970000000000000e-18 
 2.067850000000000 2.087400000000000e-18 
 2.481420000000001 2.196300000000000e-18 
 2.642973570000001 2.235382705898639e-18 
 2.643000000000000 2.235389099789637e-18 
 2.643026430000001 2.235395493680635e-18 
 2.757133333333334 2.263000000000000e-18 
 3.101775000000002 2.365900000000000e-18 
 3.544885714285715 2.434300000000000e-18 
 4.135700000000000 2.436900000000000e-18 
 4.278310344827586 2.441500000000000e-18 
 4.431107142857143 2.452500000000000e-18 
 4.595222222222222 2.470100000000000e-18 
 4.771961538461540 2.492000000000000e-18 
 4.962840000000001 2.514500000000000e-18 
 5.169625000000000 2.534700000000000e-18 
 5.394391304347826 2.551700000000000e-18 
 5.639590909090909 2.565300000000001e-18 
 5.908142857142858 2.572500000000000e-18 
 6.203550000000001 2.568200000000000e-18 
 6.530052631578948 2.549500000000000e-18 
 6.892833333333334 2.517500000000000e-18 
 7.298294117647059 2.470700000000000e-18 
 7.754437500000000 2.402000000000000e-18 
 8.271399999999999 2.308200000000000e-18 
 8.862214285714285 2.185800000000000e-18 
 9.543923076923077 2.023900000000000e-18 
 10.33925000000000 1.820300000000001e-18 
 11.27918181818182 1.568500000000000e-18 
 12.40710000000000 1.261600000000000e-18 
 13.78566666666667 9.157000000000000e-19 
 15.50887500000000 5.477000000000000e-19 
 17.72442857142857 2.246000000000000e-19 
 20.67850000000000 3.190000000000001e-20 
 24.81420000000000 4.970000000000000e-22 
